Test Date,County,New Positives,Cumulative Number of Positives,Total Number of Tests Performed,Cumulative Number of Tests Performed
2020-03-01,Albany,0,0,0,0
2020-03-02,Albany,0,0,0,0
2020-03-03,Albany,0,0,0,0
2020-03-04,Albany,0,0,0,0
2020-03-05,Albany,0,0,3,3
2020-03-06,Albany,0,0,0,3
2020-03-07,Albany,0,0,5,8
2020-03-08,Albany,0,0,2,10
2020-03-09,Albany,0,0,3,13
2020-03-10,Albany,0,0,2,15
2020-03-11,Albany,0,0,13,28
2020-03-12,Albany,1,1,11,39
2020-03-13,Albany,2,3,26,65
2020-03-14,Albany,3,6,108,173
2020-03-15,Albany,6,12,108,281
2020-03-16,Albany,11,23,140,421
2020-03-17,Albany,13,36,267,688
2020-03-18,Albany,7,43,331,1019
2020-03-19,Albany,18,61,450,1469
2020-03-20,Albany,27,88,499,1968
2020-03-21,Albany,35,123,577,2545
2020-03-22,Albany,4,127,197,2742
2020-03-23,Albany,19,146,144,2886
2020-03-24,Albany,6,152,198,3084
2020-03-25,Albany,19,171,93,3177
2020-03-26,Albany,16,187,112,3289
2020-03-27,Albany,8,195,101,3390
2020-03-28,Albany,10,205,73,3463
2020-03-29,Albany,12,217,61,3524
2020-03-30,Albany,9,226,72,3596
2020-03-31,Albany,14,240,108,3704
2020-04-01,Albany,13,253,106,3810
2020-04-02,Albany,14,267,105,3915
2020-04-03,Albany,26,293,123,4038
2020-04-04,Albany,12,305,117,4155
2020-04-05,Albany,14,319,89,4244
2020-04-06,Albany,14,333,86,4330
2020-04-07,Albany,9,342,74,4404
2020-04-08,Albany,37,379,229,4633
2020-04-09,Albany,47,426,332,4965
2020-04-10,Albany,20,446,159,5124
2020-04-11,Albany,32,478,223,5347
2020-04-12,Albany,21,499,193,5540
2020-04-13,Albany,36,535,216,5756
2020-04-14,Albany,13,548,106,5862
2020-04-15,Albany,33,581,301,6163
2020-04-16,Albany,38,619,273,6436
2020-04-17,Albany,29,648,291,6727
2020-04-18,Albany,34,682,305,7032
2020-04-19,Albany,5,687,103,7135
2020-04-20,Albany,17,704,164,7299
2020-04-21,Albany,33,737,236,7535
2020-04-22,Albany,21,758,178,7713
2020-04-23,Albany,47,805,319,8032
2020-04-24,Albany,94,899,626,8658
2020-04-25,Albany,49,948,402,9060
2020-04-26,Albany,31,979,263,9323
2020-04-27,Albany,30,1009,197,9520
2020-04-28,Albany,58,1067,351,9871
2020-04-29,Albany,98,1165,439,10310
2020-04-30,Albany,39,1204,378,10688
2020-05-01,Albany,34,1238,434,11122
2020-05-02,Albany,20,1258,441,11563
2020-05-03,Albany,29,1287,391,11954
2020-05-04,Albany,7,1294,130,12084
2020-05-05,Albany,27,1321,367,12451
2020-05-06,Albany,27,1348,407,12858
2020-05-07,Albany,36,1384,385,13243
2020-05-08,Albany,32,1416,488,13731
2020-05-09,Albany,16,1432,455,14186
2020-05-10,Albany,24,1456,384,14570
2020-05-11,Albany,23,1479,341,14911
2020-05-12,Albany,15,1494,335,15246
2020-05-13,Albany,15,1509,546,15792
2020-05-14,Albany,29,1538,541,16333
2020-05-15,Albany,34,1572,482,16815
2020-05-16,Albany,7,1579,411,17226
2020-05-17,Albany,31,1610,342,17568
2020-05-18,Albany,45,1655,398,17966
2020-05-19,Albany,27,1682,697,18663
2020-05-20,Albany,18,1700,650,19313
2020-05-21,Albany,56,1756,920,20233
2020-05-22,Albany,14,1770,655,20888
2020-05-23,Albany,12,1782,438,21326
2020-05-24,Albany,9,1791,378,21704
2020-05-25,Albany,2,1793,328,22032
2020-05-26,Albany,3,1796,369,22401
2020-05-27,Albany,18,1814,666,23067
2020-05-28,Albany,20,1834,416,23483
2020-05-29,Albany,9,1843,521,24004
2020-05-30,Albany,17,1860,760,24764
2020-05-31,Albany,22,1882,537,25301
2020-06-01,Albany,18,1900,618,25919
2020-06-02,Albany,20,1920,1170,27089
2020-06-03,Albany,10,1930,817,27906
2020-06-04,Albany,11,1941,1179,29085
2020-06-05,Albany,12,1953,1164,30249
2020-06-06,Albany,8,1961,751,31000
2020-06-07,Albany,17,1978,1194,32194
2020-06-08,Albany,5,1983,616,32810
2020-06-09,Albany,3,1986,569,33379
2020-06-10,Albany,10,1996,774,34153
2020-06-11,Albany,11,2007,1103,35256
2020-06-12,Albany,9,2016,739,35995
2020-06-13,Albany,4,2020,874,36869
2020-06-14,Albany,2,2022,496,37365
2020-06-15,Albany,4,2026,577,37942
2020-06-16,Albany,3,2029,592,38534
2020-06-17,Albany,5,2034,843,39377
2020-06-18,Albany,15,2049,1070,40447
2020-06-19,Albany,4,2053,610,41057
2020-06-20,Albany,1,2054,784,41841
2020-06-21,Albany,6,2060,931,42772
2020-06-22,Albany,2,2062,427,43199
2020-06-23,Albany,3,2065,586,43785
2020-06-24,Albany,11,2076,1325,45110
2020-06-25,Albany,8,2084,630,45740
2020-06-26,Albany,7,2091,799,46539
2020-06-27,Albany,6,2097,762,47301
2020-06-28,Albany,2,2099,514,47815
2020-06-29,Albany,3,2102,543,48358
2020-06-30,Albany,10,2112,731,49089
2020-07-01,Albany,13,2125,928,50017
2020-07-02,Albany,5,2130,805,50822
2020-07-03,Albany,15,2145,970,51792
2020-07-04,Albany,7,2152,1098,52890
2020-07-05,Albany,8,2160,626,53516
2020-07-06,Albany,4,2164,421,53937
2020-07-07,Albany,11,2175,1020,54957
2020-07-08,Albany,8,2183,1260,56217
2020-07-09,Albany,7,2190,625,56842
2020-07-10,Albany,18,2208,1252,58094
2020-07-11,Albany,11,2219,815,58909
2020-07-12,Albany,6,2225,594,59503
2020-07-13,Albany,22,2247,1139,60642
2020-07-14,Albany,33,2280,860,61502
2020-07-15,Albany,10,2290,1065,62567
2020-07-16,Albany,20,2310,1098,63665
2020-07-17,Albany,5,2315,816,64481
2020-07-18,Albany,3,2318,335,64816
2020-07-19,Albany,4,2322,877,65693
2020-07-20,Albany,29,2351,1354,67047
2020-07-21,Albany,18,2369,981,68028
2020-07-22,Albany,32,2401,975,69003
2020-07-23,Albany,25,2426,896,69899
2020-07-24,Albany,12,2438,632,70531
2020-07-25,Albany,13,2451,817,71348
2020-07-26,Albany,2,2453,820,72168
2020-07-27,Albany,15,2468,929,73097
2020-07-28,Albany,12,2480,843,73940
2020-07-29,Albany,13,2493,763,74703
2020-07-30,Albany,10,2503,745,75448
2020-07-31,Albany,12,2515,1055,76503
2020-08-01,Albany,6,2521,463,76966
2020-08-02,Albany,10,2531,529,77495
2020-08-03,Albany,12,2543,770,78265
2020-08-04,Albany,13,2556,1218,79483
2020-08-05,Albany,9,2565,800,80283
2020-08-06,Albany,8,2573,757,81040
2020-08-07,Albany,8,2581,946,81986
2020-08-08,Albany,14,2595,903,82889
2020-08-09,Albany,5,2600,739,83628
2020-08-10,Albany,14,2614,1127,84755
2020-08-11,Albany,10,2624,1451,86206
2020-08-12,Albany,12,2636,1052,87258
2020-08-13,Albany,3,2639,1173,88431
2020-08-14,Albany,4,2643,1109,89540
2020-08-15,Albany,11,2654,1142,90682
2020-08-16,Albany,3,2657,700,91382
2020-08-17,Albany,4,2661,991,92373
2020-08-18,Albany,14,2675,1197,93570
2020-08-19,Albany,9,2684,1750,95320
2020-08-20,Albany,7,2691,1443,96763
2020-08-21,Albany,2,2693,1336,98099
2020-08-22,Albany,6,2699,1263,99362
2020-08-23,Albany,2,2701,490,99852
2020-08-24,Albany,10,2711,972,100824
2020-08-25,Albany,7,2718,1042,101866
2020-08-26,Albany,18,2736,1266,103132
2020-08-27,Albany,10,2746,1264,104396
2020-08-28,Albany,8,2754,1183,105579
2020-08-29,Albany,10,2764,1519,107098
2020-08-30,Albany,6,2770,594,107692
2020-08-31,Albany,16,2786,841,108533
2020-09-01,Albany,5,2791,1116,109649
2020-09-02,Albany,11,2802,1655,111304
2020-09-03,Albany,17,2819,899,112203
2020-09-04,Albany,4,2823,996,113199
2020-09-05,Albany,8,2831,824,114023
2020-09-06,Albany,2,2833,727,114750
2020-09-07,Albany,7,2840,665,115415
2020-09-08,Albany,6,2846,499,115914
2020-09-09,Albany,13,2859,724,116638
2020-09-10,Albany,23,2882,1326,117964
2020-09-11,Albany,14,2896,1386,119350
2020-09-12,Albany,19,2915,844,120194
2020-09-13,Albany,6,2921,555,120749
2020-09-14,Albany,15,2936,797,121546
2020-09-15,Albany,12,2948,997,122543
2020-09-16,Albany,21,2969,1084,123627
2020-09-17,Albany,10,2979,1229,124856
2020-09-18,Albany,27,3006,1322,126178
2020-09-19,Albany,10,3016,1147,127325
2020-09-20,Albany,8,3024,669,127994
2020-09-21,Albany,13,3037,776,128770
2020-09-22,Albany,6,3043,869,129639
2020-09-23,Albany,10,3053,1519,131158
2020-09-24,Albany,10,3063,1348,132506
2020-09-25,Albany,19,3082,1202,133708
2020-09-26,Albany,13,3095,1091,134799
2020-09-27,Albany,9,3104,789,135588
2020-09-28,Albany,12,3116,939,136527
2020-09-29,Albany,4,3120,925,137452
2020-09-30,Albany,13,3133,1496,138948
2020-10-01,Albany,20,3153,1343,140291
2020-10-02,Albany,22,3175,1783,142074
2020-10-03,Albany,15,3190,1052,143126
2020-10-04,Albany,11,3201,833,143959
2020-10-05,Albany,17,3218,1061,145020
2020-10-06,Albany,15,3233,1328,146348
2020-10-07,Albany,18,3251,2089,148437
2020-10-08,Albany,17,3268,2240,150677
2020-10-09,Albany,12,3280,2225,152902
2020-10-10,Albany,13,3293,1823,154725
2020-10-11,Albany,11,3304,819,155544
2020-10-12,Albany,20,3324,1393,156937
2020-10-13,Albany,19,3343,1278,158215
2020-10-14,Albany,26,3369,1823,160038
2020-10-15,Albany,14,3383,3007,163045
2020-10-16,Albany,15,3398,1318,164363
2020-10-17,Albany,18,3416,1354,165717
2020-10-18,Albany,11,3427,769,166486
2020-10-19,Albany,9,3436,997,167483
2020-10-20,Albany,24,3460,1466,168949
2020-10-21,Albany,28,3488,1454,170403
2020-10-22,Albany,28,3516,1856,172259
2020-10-23,Albany,33,3549,2694,174953
2020-10-24,Albany,28,3577,1148,176101
2020-10-25,Albany,13,3590,809,176910
2020-10-26,Albany,23,3613,1212,178122
2020-10-27,Albany,14,3627,1082,179204
2020-10-28,Albany,33,3660,2240,181444
2020-10-29,Albany,45,3705,2037,183481
2020-10-30,Albany,19,3724,1581,185062
2020-10-31,Albany,26,3750,1578,186640
2020-11-01,Albany,21,3771,905,187545
2020-11-02,Albany,31,3802,1432,188977
2020-11-03,Albany,43,3845,1169,190146
2020-11-04,Albany,32,3877,2982,193128
2020-11-05,Albany,65,3942,3059,196187
2020-11-06,Albany,82,4024,2976,199163
2020-11-07,Albany,25,4049,2845,202008
2020-11-08,Albany,46,4095,976,202984
2020-11-09,Albany,97,4192,1767,204751
2020-11-10,Albany,60,4252,4990,209741
2020-11-11,Albany,84,4336,2714,212455
2020-11-12,Albany,89,4425,3923,216378
2020-11-13,Albany,89,4514,3012,219390
2020-11-14,Albany,15,4529,1000,220390
2020-11-15,Albany,43,4572,1955,222345
2020-11-16,Albany,81,4653,1773,224118
2020-11-17,Albany,77,4730,1628,225746
2020-11-18,Albany,92,4822,2566,228312
2020-11-19,Albany,84,4906,4662,232974
2020-11-20,Albany,107,5013,2351,235325
2020-11-21,Albany,95,5108,3915,239240
2020-11-22,Albany,40,5148,1827,241067
2020-11-23,Albany,85,5233,2269,243336
2020-11-24,Albany,91,5324,2282,245618
2020-11-25,Albany,102,5426,2909,248527
2020-11-26,Albany,129,5555,2300,250827
2020-11-27,Albany,63,5618,1911,252738
2020-11-28,Albany,94,5712,2465,255203
2020-11-29,Albany,104,5816,2187,257390
2020-11-30,Albany,152,5968,2826,260216
2020-12-01,Albany,170,6138,2656,262872
2020-12-02,Albany,120,6258,2848,265720
2020-12-03,Albany,148,6406,3002,268722
2020-12-04,Albany,165,6571,4048,272770
2020-12-05,Albany,140,6711,2700,275470
2020-12-06,Albany,107,6818,1453,276923
2020-12-07,Albany,173,6991,2223,279146
2020-12-08,Albany,185,7176,1922,281068
2020-12-09,Albany,216,7392,3015,284083
2020-12-10,Albany,163,7555,3138,287221
2020-12-11,Albany,163,7718,2794,290015
2020-12-12,Albany,170,7888,2708,292723
2020-12-13,Albany,162,8050,1766,294489
2020-12-14,Albany,164,8214,1646,296135
2020-12-15,Albany,191,8405,2463,298598
2020-12-16,Albany,208,8613,3191,301789
2020-12-17,Albany,208,8821,3258,305047
2020-12-18,Albany,176,8997,2498,307545
2020-12-19,Albany,177,9174,2716,310261
2020-12-20,Albany,203,9377,2095,312356
2020-12-21,Albany,209,9586,2519,314875
2020-12-22,Albany,200,9786,2485,317360
2020-12-23,Albany,259,10045,2544,319904
2020-12-24,Albany,229,10274,4015,323919
2020-12-25,Albany,215,10489,2413,326332
2020-12-26,Albany,140,10629,1858,328190
2020-12-27,Albany,251,10880,1657,329847
2020-12-28,Albany,232,11112,1869,331716
2020-12-29,Albany,221,11333,2096,333812
2020-12-30,Albany,252,11585,2845,336657
2020-12-31,Albany,332,11917,3711,340368
2021-01-01,Albany,282,12199,2716,343084
2021-01-02,Albany,206,12405,1950,345034
2021-01-03,Albany,188,12593,1365,346399
2021-01-04,Albany,259,12852,2046,348445
2021-01-05,Albany,260,13112,2403,350848
2021-01-06,Albany,298,13410,3628,354476
2021-01-07,Albany,287,13697,3320,357796
2021-01-08,Albany,233,13930,3553,361349
2021-01-09,Albany,266,14196,2977,364326
2021-01-10,Albany,215,14411,2523,366849
2021-01-11,Albany,352,14763,2895,369744
2021-01-12,Albany,211,14974,2409,372153
2021-01-13,Albany,256,15230,2998,375151
2021-01-14,Albany,290,15520,3947,379098
2021-01-15,Albany,251,15771,3592,382690
2021-01-16,Albany,210,15981,2948,385638
2021-01-17,Albany,187,16168,1963,387601
2021-01-18,Albany,175,16343,2056,389657
2021-01-19,Albany,178,16521,2099,391756
2021-01-20,Albany,267,16788,3998,395754
2021-01-21,Albany,257,17045,3840,399594
2021-01-22,Albany,242,17287,3275,402869
2021-01-23,Albany,198,17485,2808,405677
2021-01-24,Albany,135,17620,2110,407787
2021-01-25,Albany,178,17798,2459,410246
2021-01-26,Albany,179,17977,2405,412651
2021-01-27,Albany,212,18189,3486,416137
2021-01-28,Albany,170,18359,3924,420061
2021-01-29,Albany,160,18519,3700,423761
2021-01-30,Albany,182,18701,3852,427613
2021-01-31,Albany,70,18771,1424,429037
2021-02-01,Albany,87,18858,1272,430309
2021-02-02,Albany,80,18938,1276,431585
2021-02-03,Albany,162,19100,2997,434582
2021-02-04,Albany,115,19215,5240,439822
2021-02-05,Albany,129,19344,3933,443755
2021-02-06,Albany,94,19438,2658,446413
2021-02-07,Albany,69,19507,1714,448127
2021-02-08,Albany,80,19587,1394,449521
2021-02-09,Albany,68,19655,1766,451287
2021-02-10,Albany,93,19748,5082,456369
2021-02-11,Albany,84,19832,2686,459055
2021-02-12,Albany,76,19908,5570,464625
2021-02-13,Albany,74,19982,2018,466643
2021-02-14,Albany,51,20033,3431,470074
2021-02-15,Albany,57,20090,1353,471427
2021-02-16,Albany,42,20132,4248,475675
2021-02-17,Albany,52,20184,2399,478074
2021-02-18,Albany,88,20272,3283,481357
2021-02-19,Albany,64,20336,7797,489154
2021-02-20,Albany,56,20392,3727,492881
2021-02-21,Albany,49,20441,1542,494423
2021-02-22,Albany,45,20486,1305,495728
2021-02-23,Albany,40,20526,1843,497571
2021-02-24,Albany,94,20620,4931,502502
2021-02-25,Albany,63,20683,5862,508364
2021-02-26,Albany,75,20758,4453,512817
2021-02-27,Albany,90,20848,4113,516930
2021-02-28,Albany,42,20890,1612,518542
2021-03-01,Albany,41,20931,1242,519784
2021-03-02,Albany,54,20985,1994,521778
2021-03-03,Albany,45,21030,2493,524271
2021-03-04,Albany,84,21114,5983,530254
2021-03-05,Albany,66,21180,4295,534549
2021-03-06,Albany,59,21239,2283,536832
2021-03-07,Albany,63,21302,1515,538347
2021-03-08,Albany,52,21354,1118,539465
2021-03-09,Albany,49,21403,1749,541214
2021-03-10,Albany,65,21468,4543,545757
2021-03-11,Albany,43,21511,3924,549681
2021-03-12,Albany,40,21551,3374,553055
2021-03-13,Albany,44,21595,3750,556805
2021-03-14,Albany,50,21645,1466,558271
2021-03-15,Albany,43,21688,1457,559728
2021-03-16,Albany,48,21736,1907,561635
2021-03-17,Albany,70,21806,4089,565724
2021-03-18,Albany,61,21867,2860,568584
2021-03-19,Albany,47,21914,4698,573282
2021-03-20,Albany,68,21982,4197,577479
2021-03-21,Albany,42,22024,1385,578864
2021-03-22,Albany,54,22078,1247,580111
2021-03-23,Albany,63,22141,1659,581770
2021-03-24,Albany,73,22214,4447,586217
2021-03-25,Albany,62,22276,4003,590220
2021-03-26,Albany,75,22351,3732,593952
2021-03-27,Albany,67,22418,2573,596525
2021-03-28,Albany,58,22476,2781,599306
2021-03-29,Albany,60,22536,1426,600732
2021-03-30,Albany,77,22613,1923,602655
2021-03-31,Albany,83,22696,3171,605826
2021-04-01,Albany,42,22738,4022,609848
2021-04-02,Albany,61,22799,4096,613944
2021-04-03,Albany,56,22855,2515,616459
2021-04-04,Albany,70,22925,1373,617832
2021-04-05,Albany,40,22965,1139,618971
2021-04-06,Albany,46,23011,1966,620937
2021-04-07,Albany,68,23079,2097,623034
2021-04-08,Albany,70,23149,4494,627528
2021-04-09,Albany,68,23217,3101,630629
2021-04-10,Albany,63,23280,2326,632955
2021-04-11,Albany,43,23323,1013,633968
2021-04-12,Albany,45,23368,1386,635354
2021-04-13,Albany,41,23409,1790,637144
2021-04-14,Albany,64,23473,2498,639642
2021-04-15,Albany,62,23535,1719,641361
2021-04-16,Albany,74,23609,2618,643979
2021-04-17,Albany,70,23679,2656,646635
2021-04-18,Albany,39,23718,1334,647969
2021-04-19,Albany,54,23772,1031,649000
2021-04-20,Albany,28,23800,1669,650669
2021-04-21,Albany,70,23870,2541,653210
2021-04-22,Albany,44,23914,2179,655389
2021-04-23,Albany,38,23952,3326,658715
2021-04-24,Albany,24,23976,2009,660724
2021-04-25,Albany,33,24009,1125,661849
2021-04-26,Albany,29,24038,1268,663117
2021-04-27,Albany,18,24056,1401,664518
2021-04-28,Albany,46,24102,2234,666752
2021-04-29,Albany,26,24128,2400,669152
2021-04-30,Albany,31,24159,2044,671196
2021-05-01,Albany,21,24180,2176,673372
2021-05-02,Albany,12,24192,1217,674589
2021-05-03,Albany,20,24212,854,675443
2021-05-04,Albany,14,24226,1661,677104
2021-05-05,Albany,20,24246,2021,679125
2021-05-06,Albany,24,24270,1717,680842
2021-05-07,Albany,32,24302,5310,686152
2021-05-08,Albany,19,24321,1600,687752
2021-05-09,Albany,13,24334,902,688654
2021-05-10,Albany,15,24349,1077,689731
2021-05-11,Albany,19,24368,1212,690943
2021-05-12,Albany,17,24385,1939,692882
2021-05-13,Albany,21,24406,2972,695854
2021-05-14,Albany,22,24428,2307,698161
2021-05-15,Albany,17,24445,1612,699773
2021-05-16,Albany,10,24455,900,700673
2021-05-17,Albany,11,24466,766,701439
2021-05-18,Albany,14,24480,1306,702745
2021-05-19,Albany,13,24493,2476,705221
2021-05-20,Albany,23,24516,1969,707190
2021-05-21,Albany,15,24531,1771,708961
2021-05-22,Albany,18,24549,1218,710179
2021-05-23,Albany,17,24566,806,710985
2021-05-24,Albany,17,24583,544,711529
2021-05-25,Albany,10,24593,1336,712865
2021-05-26,Albany,10,24603,1699,714564
2021-05-27,Albany,11,24614,1454,716018
2021-05-28,Albany,7,24621,1420,717438
2021-05-29,Albany,7,24628,1119,718557
2021-05-30,Albany,5,24633,577,719134
2021-05-31,Albany,1,24634,305,719439
2021-06-01,Albany,8,24642,670,720109
2021-06-02,Albany,6,24648,1075,721184
2021-06-03,Albany,4,24652,2250,723434
2021-06-04,Albany,9,24661,1711,725145
2021-06-05,Albany,7,24668,1074,726219
2021-06-06,Albany,7,24675,571,726790
2021-06-07,Albany,3,24678,996,727786
2021-06-08,Albany,4,24682,985,728771
2021-06-09,Albany,3,24685,1498,730269
2021-06-10,Albany,2,24687,1509,731778
2021-06-11,Albany,2,24689,1864,733642
2021-06-12,Albany,5,24694,758,734400
2021-06-13,Albany,2,24696,539,734939
2021-06-14,Albany,3,24699,319,735258
2021-06-15,Albany,1,24700,856,736114
2021-06-16,Albany,3,24703,1212,737326
2021-06-17,Albany,5,24708,754,738080
2021-06-18,Albany,4,24712,1069,739149
2021-06-19,Albany,4,24716,738,739887
2021-06-20,Albany,2,24718,492,740379
2021-06-21,Albany,1,24719,373,740752
2021-06-22,Albany,3,24722,667,741419
2021-06-23,Albany,1,24723,945,742364
2021-06-24,Albany,3,24726,757,743121
2021-06-25,Albany,2,24728,928,744049
2021-06-26,Albany,1,24729,1068,745117
2021-06-27,Albany,4,24733,469,745586
2021-06-28,Albany,0,24733,434,746020
2021-06-29,Albany,1,24734,457,746477
2021-06-30,Albany,1,24735,970,747447
2021-07-01,Albany,1,24736,617,748064
2021-07-02,Albany,1,24737,555,748619
2021-07-03,Albany,2,24739,544,749163
2021-07-04,Albany,0,24739,313,749476
2021-07-05,Albany,1,24740,315,749791
2021-07-06,Albany,0,24740,299,750090
2021-07-07,Albany,6,24746,605,750695
2021-07-08,Albany,2,24748,665,751360
2021-07-09,Albany,5,24753,578,751938
2021-07-10,Albany,5,24758,408,752346
2021-07-11,Albany,9,24767,424,752770
2021-07-12,Albany,3,24770,339,753109
2021-07-13,Albany,8,24778,438,753547
2021-07-14,Albany,8,24786,585,754132
2021-07-15,Albany,9,24795,496,754628
2021-07-16,Albany,5,24800,463,755091
2021-07-17,Albany,10,24810,622,755713
2021-07-18,Albany,13,24823,466,756179
2020-03-01,Allegany,0,0,0,0
2020-03-02,Allegany,0,0,0,0
2020-03-03,Allegany,0,0,0,0
2020-03-04,Allegany,0,0,0,0
2020-03-05,Allegany,0,0,0,0
2020-03-06,Allegany,0,0,0,0
2020-03-07,Allegany,0,0,0,0
2020-03-08,Allegany,0,0,0,0
2020-03-09,Allegany,0,0,0,0
2020-03-10,Allegany,0,0,0,0
2020-03-11,Allegany,0,0,4,4
2020-03-12,Allegany,0,0,1,5
2020-03-13,Allegany,0,0,0,5
2020-03-14,Allegany,0,0,1,6
2020-03-15,Allegany,2,2,5,11
2020-03-16,Allegany,0,2,1,12
2020-03-17,Allegany,0,2,0,12
2020-03-18,Allegany,0,2,3,15
2020-03-19,Allegany,0,2,2,17
2020-03-20,Allegany,0,2,10,27
2020-03-21,Allegany,0,2,10,37
2020-03-22,Allegany,0,2,39,76
2020-03-23,Allegany,0,2,2,78
2020-03-24,Allegany,0,2,5,83
2020-03-25,Allegany,0,2,6,89
2020-03-26,Allegany,0,2,9,98
2020-03-27,Allegany,0,2,4,102
2020-03-28,Allegany,4,6,12,114
2020-03-29,Allegany,1,7,7,121
2020-03-30,Allegany,0,7,4,125
2020-03-31,Allegany,2,9,10,135
2020-04-01,Allegany,3,12,14,149
2020-04-02,Allegany,2,14,18,167
2020-04-03,Allegany,2,16,13,180
2020-04-04,Allegany,0,16,8,188
2020-04-05,Allegany,1,17,8,196
2020-04-06,Allegany,0,17,3,199
2020-04-07,Allegany,4,21,16,215
2020-04-08,Allegany,1,22,12,227
2020-04-09,Allegany,4,26,21,248
2020-04-10,Allegany,0,26,16,264
2020-04-11,Allegany,0,26,11,275
2020-04-12,Allegany,0,26,5,280
2020-04-13,Allegany,2,28,14,294
2020-04-14,Allegany,0,28,10,304
2020-04-15,Allegany,0,28,8,312
2020-04-16,Allegany,1,29,21,333
2020-04-17,Allegany,1,30,15,348
2020-04-18,Allegany,0,30,7,355
2020-04-19,Allegany,0,30,5,360
2020-04-20,Allegany,0,30,9,369
2020-04-21,Allegany,0,30,10,379
2020-04-22,Allegany,0,30,14,393
2020-04-23,Allegany,1,31,10,403
2020-04-24,Allegany,4,35,61,464
2020-04-25,Allegany,0,35,12,476
2020-04-26,Allegany,0,35,9,485
2020-04-27,Allegany,0,35,14,499
2020-04-28,Allegany,0,35,26,525
2020-04-29,Allegany,0,35,18,543
2020-04-30,Allegany,0,35,20,563
2020-05-01,Allegany,0,35,11,574
2020-05-02,Allegany,0,35,18,592
2020-05-03,Allegany,0,35,14,606
2020-05-04,Allegany,0,35,31,637
2020-05-05,Allegany,0,35,22,659
2020-05-06,Allegany,0,35,40,699
2020-05-07,Allegany,0,35,33,732
2020-05-08,Allegany,0,35,18,750
2020-05-09,Allegany,1,36,20,770
2020-05-10,Allegany,2,38,35,805
2020-05-11,Allegany,4,42,41,846
2020-05-12,Allegany,2,44,39,885
2020-05-13,Allegany,0,44,53,938
2020-05-14,Allegany,0,44,44,982
2020-05-15,Allegany,0,44,27,1009
2020-05-16,Allegany,0,44,36,1045
2020-05-17,Allegany,0,44,89,1134
2020-05-18,Allegany,0,44,28,1162
2020-05-19,Allegany,0,44,49,1211
2020-05-20,Allegany,0,44,68,1279
2020-05-21,Allegany,0,44,47,1326
2020-05-22,Allegany,0,44,26,1352
2020-05-23,Allegany,0,44,33,1385
2020-05-24,Allegany,0,44,53,1438
2020-05-25,Allegany,0,44,28,1466
2020-05-26,Allegany,1,45,96,1562
2020-05-27,Allegany,0,45,98,1660
2020-05-28,Allegany,0,45,60,1720
2020-05-29,Allegany,0,45,64,1784
2020-05-30,Allegany,0,45,51,1835
2020-05-31,Allegany,3,48,100,1935
2020-06-01,Allegany,0,48,160,2095
2020-06-02,Allegany,1,49,181,2276
2020-06-03,Allegany,0,49,131,2407
2020-06-04,Allegany,2,51,154,2561
2020-06-05,Allegany,0,51,309,2870
2020-06-06,Allegany,0,51,98,2968
2020-06-07,Allegany,0,51,149,3117
2020-06-08,Allegany,0,51,220,3337
2020-06-09,Allegany,1,52,128,3465
2020-06-10,Allegany,1,53,137,3602
2020-06-11,Allegany,0,53,163,3765
2020-06-12,Allegany,1,54,144,3909
2020-06-13,Allegany,0,54,103,4012
2020-06-14,Allegany,1,55,65,4077
2020-06-15,Allegany,0,55,120,4197
2020-06-16,Allegany,0,55,134,4331
2020-06-17,Allegany,2,57,77,4408
2020-06-18,Allegany,1,58,220,4628
2020-06-19,Allegany,0,58,166,4794
2020-06-20,Allegany,0,58,66,4860
2020-06-21,Allegany,0,58,114,4974
2020-06-22,Allegany,0,58,142,5116
2020-06-23,Allegany,0,58,104,5220
2020-06-24,Allegany,0,58,131,5351
2020-06-25,Allegany,0,58,109,5460
2020-06-26,Allegany,0,58,55,5515
2020-06-27,Allegany,1,59,74,5589
2020-06-28,Allegany,0,59,157,5746
2020-06-29,Allegany,0,59,194,5940
2020-06-30,Allegany,2,61,78,6018
2020-07-01,Allegany,1,62,48,6066
2020-07-02,Allegany,1,63,105,6171
2020-07-03,Allegany,0,63,75,6246
2020-07-04,Allegany,0,63,97,6343
2020-07-05,Allegany,0,63,93,6436
2020-07-06,Allegany,0,63,87,6523
2020-07-07,Allegany,1,64,205,6728
2020-07-08,Allegany,0,64,91,6819
2020-07-09,Allegany,0,64,78,6897
2020-07-10,Allegany,2,66,106,7003
2020-07-11,Allegany,0,66,107,7110
2020-07-12,Allegany,0,66,88,7198
2020-07-13,Allegany,2,68,243,7441
2020-07-14,Allegany,1,69,97,7538
2020-07-15,Allegany,1,70,80,7618
2020-07-16,Allegany,1,71,72,7690
2020-07-17,Allegany,0,71,111,7801
2020-07-18,Allegany,0,71,78,7879
2020-07-19,Allegany,0,71,72,7951
2020-07-20,Allegany,1,72,97,8048
2020-07-21,Allegany,0,72,171,8219
2020-07-22,Allegany,0,72,130,8349
2020-07-23,Allegany,2,74,112,8461
2020-07-24,Allegany,0,74,138,8599
2020-07-25,Allegany,0,74,75,8674
2020-07-26,Allegany,0,74,58,8732
2020-07-27,Allegany,0,74,53,8785
2020-07-28,Allegany,0,74,212,8997
2020-07-29,Allegany,0,74,100,9097
2020-07-30,Allegany,0,74,65,9162
2020-07-31,Allegany,0,74,102,9264
2020-08-01,Allegany,0,74,118,9382
2020-08-02,Allegany,1,75,63,9445
2020-08-03,Allegany,0,75,153,9598
2020-08-04,Allegany,1,76,178,9776
2020-08-05,Allegany,2,78,118,9894
2020-08-06,Allegany,1,79,128,10022
2020-08-07,Allegany,0,79,110,10132
2020-08-08,Allegany,0,79,65,10197
2020-08-09,Allegany,1,80,71,10268
2020-08-10,Allegany,0,80,325,10593
2020-08-11,Allegany,0,80,95,10688
2020-08-12,Allegany,0,80,74,10762
2020-08-13,Allegany,0,80,90,10852
2020-08-14,Allegany,0,80,141,10993
2020-08-15,Allegany,0,80,118,11111
2020-08-16,Allegany,0,80,66,11177
2020-08-17,Allegany,0,80,169,11346
2020-08-18,Allegany,0,80,242,11588
2020-08-19,Allegany,1,81,94,11682
2020-08-20,Allegany,3,84,149,11831
2020-08-21,Allegany,0,84,145,11976
2020-08-22,Allegany,1,85,93,12069
2020-08-23,Allegany,0,85,47,12116
2020-08-24,Allegany,1,86,199,12315
2020-08-25,Allegany,0,86,258,12573
2020-08-26,Allegany,1,87,180,12753
2020-08-27,Allegany,0,87,236,12989
2020-08-28,Allegany,1,88,180,13169
2020-08-29,Allegany,1,89,149,13318
2020-08-30,Allegany,0,89,94,13412
2020-08-31,Allegany,0,89,355,13767
2020-09-01,Allegany,0,89,122,13889
2020-09-02,Allegany,1,90,253,14142
2020-09-03,Allegany,0,90,220,14362
2020-09-04,Allegany,2,92,126,14488
2020-09-05,Allegany,0,92,51,14539
2020-09-06,Allegany,0,92,102,14641
2020-09-07,Allegany,0,92,194,14835
2020-09-08,Allegany,0,92,156,14991
2020-09-09,Allegany,1,93,86,15077
2020-09-10,Allegany,0,93,230,15307
2020-09-11,Allegany,1,94,135,15442
2020-09-12,Allegany,0,94,51,15493
2020-09-13,Allegany,0,94,106,15599
2020-09-14,Allegany,0,94,121,15720
2020-09-15,Allegany,0,94,232,15952
2020-09-16,Allegany,0,94,86,16038
2020-09-17,Allegany,1,95,169,16207
2020-09-18,Allegany,1,96,115,16322
2020-09-19,Allegany,2,98,165,16487
2020-09-20,Allegany,1,99,145,16632
2020-09-21,Allegany,0,99,230,16862
2020-09-22,Allegany,0,99,135,16997
2020-09-23,Allegany,2,101,161,17158
2020-09-24,Allegany,2,103,129,17287
2020-09-25,Allegany,3,106,301,17588
2020-09-26,Allegany,0,106,137,17725
2020-09-27,Allegany,0,106,129,17854
2020-09-28,Allegany,2,108,170,18024
2020-09-29,Allegany,6,114,139,18163
2020-09-30,Allegany,5,119,140,18303
2020-10-01,Allegany,3,122,207,18510
2020-10-02,Allegany,2,124,435,18945
2020-10-03,Allegany,0,124,153,19098
2020-10-04,Allegany,1,125,67,19165
2020-10-05,Allegany,3,128,330,19495
2020-10-06,Allegany,2,130,314,19809
2020-10-07,Allegany,1,131,309,20118
2020-10-08,Allegany,10,141,203,20321
2020-10-09,Allegany,3,144,137,20458
2020-10-10,Allegany,6,150,266,20724
2020-10-11,Allegany,1,151,110,20834
2020-10-12,Allegany,5,156,434,21268
2020-10-13,Allegany,5,161,379,21647
2020-10-14,Allegany,15,176,355,22002
2020-10-15,Allegany,12,188,191,22193
2020-10-16,Allegany,12,200,342,22535
2020-10-17,Allegany,5,205,182,22717
2020-10-18,Allegany,7,212,120,22837
2020-10-19,Allegany,8,220,195,23032
2020-10-20,Allegany,4,224,627,23659
2020-10-21,Allegany,19,243,206,23865
2020-10-22,Allegany,21,264,485,24350
2020-10-23,Allegany,5,269,312,24662
2020-10-24,Allegany,2,271,128,24790
2020-10-25,Allegany,16,287,148,24938
2020-10-26,Allegany,2,289,136,25074
2020-10-27,Allegany,19,308,464,25538
2020-10-28,Allegany,6,314,591,26129
2020-10-29,Allegany,22,336,628,26757
2020-10-30,Allegany,5,341,256,27013
2020-10-31,Allegany,7,348,85,27098
2020-11-01,Allegany,16,364,358,27456
2020-11-02,Allegany,10,374,227,27683
2020-11-03,Allegany,5,379,477,28160
2020-11-04,Allegany,10,389,704,28864
2020-11-05,Allegany,25,414,245,29109
2020-11-06,Allegany,41,455,296,29405
2020-11-07,Allegany,14,469,187,29592
2020-11-08,Allegany,2,471,59,29651
2020-11-09,Allegany,13,484,263,29914
2020-11-10,Allegany,19,503,799,30713
2020-11-11,Allegany,40,543,715,31428
2020-11-12,Allegany,46,589,432,31860
2020-11-13,Allegany,39,628,272,32132
2020-11-14,Allegany,16,644,97,32229
2020-11-15,Allegany,6,650,125,32354
2020-11-16,Allegany,17,667,196,32550
2020-11-17,Allegany,25,692,302,32852
2020-11-18,Allegany,17,709,1511,34363
2020-11-19,Allegany,49,758,2048,36411
2020-11-20,Allegany,49,807,1098,37509
2020-11-21,Allegany,39,846,505,38014
2020-11-22,Allegany,10,856,274,38288
2020-11-23,Allegany,13,869,290,38578
2020-11-24,Allegany,38,907,422,39000
2020-11-25,Allegany,23,930,389,39389
2020-11-26,Allegany,53,983,456,39845
2020-11-27,Allegany,14,997,150,39995
2020-11-28,Allegany,22,1019,397,40392
2020-11-29,Allegany,23,1042,328,40720
2020-11-30,Allegany,16,1058,197,40917
2020-12-01,Allegany,11,1069,338,41255
2020-12-02,Allegany,26,1095,298,41553
2020-12-03,Allegany,32,1127,344,41897
2020-12-04,Allegany,55,1182,376,42273
2020-12-05,Allegany,42,1224,401,42674
2020-12-06,Allegany,15,1239,132,42806
2020-12-07,Allegany,3,1242,94,42900
2020-12-08,Allegany,44,1286,737,43637
2020-12-09,Allegany,20,1306,343,43980
2020-12-10,Allegany,44,1350,342,44322
2020-12-11,Allegany,27,1377,338,44660
2020-12-12,Allegany,18,1395,154,44814
2020-12-13,Allegany,8,1403,113,44927
2020-12-14,Allegany,24,1427,166,45093
2020-12-15,Allegany,24,1451,535,45628
2020-12-16,Allegany,17,1468,240,45868
2020-12-17,Allegany,34,1502,398,46266
2020-12-18,Allegany,35,1537,411,46677
2020-12-19,Allegany,22,1559,221,46898
2020-12-20,Allegany,17,1576,128,47026
2020-12-21,Allegany,31,1607,264,47290
2020-12-22,Allegany,20,1627,246,47536
2020-12-23,Allegany,35,1662,372,47908
2020-12-24,Allegany,31,1693,288,48196
2020-12-25,Allegany,26,1719,201,48397
2020-12-26,Allegany,12,1731,231,48628
2020-12-27,Allegany,17,1748,114,48742
2020-12-28,Allegany,14,1762,149,48891
2020-12-29,Allegany,20,1782,158,49049
2020-12-30,Allegany,49,1831,432,49481
2020-12-31,Allegany,45,1876,279,49760
2021-01-01,Allegany,18,1894,255,50015
2021-01-02,Allegany,33,1927,253,50268
2021-01-03,Allegany,20,1947,169,50437
2021-01-04,Allegany,14,1961,152,50589
2021-01-05,Allegany,21,1982,257,50846
2021-01-06,Allegany,33,2015,270,51116
2021-01-07,Allegany,51,2066,372,51488
2021-01-08,Allegany,29,2095,209,51697
2021-01-09,Allegany,28,2123,226,51923
2021-01-10,Allegany,72,2195,472,52395
2021-01-11,Allegany,31,2226,426,52821
2021-01-12,Allegany,12,2238,280,53101
2021-01-13,Allegany,19,2257,225,53326
2021-01-14,Allegany,29,2286,460,53786
2021-01-15,Allegany,27,2313,311,54097
2021-01-16,Allegany,15,2328,449,54546
2021-01-17,Allegany,19,2347,159,54705
2021-01-18,Allegany,19,2366,335,55040
2021-01-19,Allegany,9,2375,422,55462
2021-01-20,Allegany,19,2394,330,55792
2021-01-21,Allegany,19,2413,303,56095
2021-01-22,Allegany,29,2442,536,56631
2021-01-23,Allegany,17,2459,357,56988
2021-01-24,Allegany,21,2480,306,57294
2021-01-25,Allegany,16,2496,306,57600
2021-01-26,Allegany,17,2513,455,58055
2021-01-27,Allegany,19,2532,406,58461
2021-01-28,Allegany,9,2541,432,58893
2021-01-29,Allegany,12,2553,681,59574
2021-01-30,Allegany,25,2578,590,60164
2021-01-31,Allegany,8,2586,255,60419
2021-02-01,Allegany,8,2594,250,60669
2021-02-02,Allegany,17,2611,498,61167
2021-02-03,Allegany,18,2629,374,61541
2021-02-04,Allegany,23,2652,2950,64491
2021-02-05,Allegany,13,2665,509,65000
2021-02-06,Allegany,18,2683,442,65442
2021-02-07,Allegany,7,2690,341,65783
2021-02-08,Allegany,8,2698,88,65871
2021-02-09,Allegany,12,2710,2480,68351
2021-02-10,Allegany,11,2721,1844,70195
2021-02-11,Allegany,13,2734,319,70514
2021-02-12,Allegany,13,2747,462,70976
2021-02-13,Allegany,8,2755,554,71530
2021-02-14,Allegany,5,2760,238,71768
2021-02-15,Allegany,8,2768,226,71994
2021-02-16,Allegany,28,2796,3523,75517
2021-02-17,Allegany,17,2813,274,75791
2021-02-18,Allegany,10,2823,1242,77033
2021-02-19,Allegany,9,2832,976,78009
2021-02-20,Allegany,7,2839,1989,79998
2021-02-21,Allegany,5,2844,137,80135
2021-02-22,Allegany,6,2850,172,80307
2021-02-23,Allegany,6,2856,1015,81322
2021-02-24,Allegany,13,2869,10407,91729
2021-02-25,Allegany,9,2878,1772,93501
2021-02-26,Allegany,14,2892,601,94102
2021-02-27,Allegany,8,2900,1707,95809
2021-02-28,Allegany,4,2904,223,96032
2021-03-01,Allegany,2,2906,132,96164
2021-03-02,Allegany,2,2908,818,96982
2021-03-03,Allegany,5,2913,1789,98771
2021-03-04,Allegany,6,2919,2923,101694
2021-03-05,Allegany,5,2924,593,102287
2021-03-06,Allegany,6,2930,1817,104104
2021-03-07,Allegany,6,2936,159,104263
2021-03-08,Allegany,0,2936,221,104484
2021-03-09,Allegany,3,2939,909,105393
2021-03-10,Allegany,5,2944,1683,107076
2021-03-11,Allegany,6,2950,3106,110182
2021-03-12,Allegany,6,2956,1865,112047
2021-03-13,Allegany,1,2957,284,112331
2021-03-14,Allegany,2,2959,158,112489
2021-03-15,Allegany,3,2962,233,112722
2021-03-16,Allegany,3,2965,1360,114082
2021-03-17,Allegany,5,2970,3306,117388
2021-03-18,Allegany,1,2971,3039,120427
2021-03-19,Allegany,5,2976,1936,122363
2021-03-20,Allegany,5,2981,705,123068
2021-03-21,Allegany,3,2984,167,123235
2021-03-22,Allegany,4,2988,195,123430
2021-03-23,Allegany,1,2989,609,124039
2021-03-24,Allegany,6,2995,934,124973
2021-03-25,Allegany,5,3000,1677,126650
2021-03-26,Allegany,3,3003,1634,128284
2021-03-27,Allegany,8,3011,670,128954
2021-03-28,Allegany,3,3014,402,129356
2021-03-29,Allegany,4,3018,202,129558
2021-03-30,Allegany,11,3029,849,130407
2021-03-31,Allegany,12,3041,515,130922
2021-04-01,Allegany,7,3048,1625,132547
2021-04-02,Allegany,12,3060,669,133216
2021-04-03,Allegany,7,3067,446,133662
2021-04-04,Allegany,4,3071,194,133856
2021-04-05,Allegany,5,3076,119,133975
2021-04-06,Allegany,8,3084,475,134450
2021-04-07,Allegany,13,3097,912,135362
2021-04-08,Allegany,10,3107,1031,136393
2021-04-09,Allegany,11,3118,548,136941
2021-04-10,Allegany,8,3126,800,137741
2021-04-11,Allegany,3,3129,94,137835
2021-04-12,Allegany,4,3133,232,138067
2021-04-13,Allegany,8,3141,467,138534
2021-04-14,Allegany,13,3154,497,139031
2021-04-15,Allegany,7,3161,729,139760
2021-04-16,Allegany,17,3178,360,140120
2021-04-17,Allegany,7,3185,1075,141195
2021-04-18,Allegany,8,3193,156,141351
2021-04-19,Allegany,4,3197,242,141593
2021-04-20,Allegany,7,3204,1066,142659
2021-04-21,Allegany,16,3220,659,143318
2021-04-22,Allegany,11,3231,738,144056
2021-04-23,Allegany,9,3240,898,144954
2021-04-24,Allegany,2,3242,488,145442
2021-04-25,Allegany,6,3248,138,145580
2021-04-26,Allegany,7,3255,225,145805
2021-04-27,Allegany,10,3265,282,146087
2021-04-28,Allegany,8,3273,758,146845
2021-04-29,Allegany,9,3282,351,147196
2021-04-30,Allegany,17,3299,839,148035
2021-05-01,Allegany,10,3309,411,148446
2021-05-02,Allegany,13,3322,159,148605
2021-05-03,Allegany,7,3329,329,148934
2021-05-04,Allegany,7,3336,235,149169
2021-05-05,Allegany,7,3343,658,149827
2021-05-06,Allegany,10,3353,447,150274
2021-05-07,Allegany,13,3366,614,150888
2021-05-08,Allegany,6,3372,400,151288
2021-05-09,Allegany,7,3379,170,151458
2021-05-10,Allegany,7,3386,141,151599
2021-05-11,Allegany,7,3393,351,151950
2021-05-12,Allegany,5,3398,330,152280
2021-05-13,Allegany,19,3417,717,152997
2021-05-14,Allegany,16,3433,569,153566
2021-05-15,Allegany,7,3440,246,153812
2021-05-16,Allegany,11,3451,138,153950
2021-05-17,Allegany,7,3458,200,154150
2021-05-18,Allegany,6,3464,252,154402
2021-05-19,Allegany,15,3479,363,154765
2021-05-20,Allegany,7,3486,504,155269
2021-05-21,Allegany,12,3498,456,155725
2021-05-22,Allegany,5,3503,294,156019
2021-05-23,Allegany,3,3506,182,156201
2021-05-24,Allegany,5,3511,84,156285
2021-05-25,Allegany,6,3517,251,156536
2021-05-26,Allegany,2,3519,324,156860
2021-05-27,Allegany,4,3523,550,157410
2021-05-28,Allegany,6,3529,186,157596
2021-05-29,Allegany,0,3529,216,157812
2021-05-30,Allegany,2,3531,66,157878
2021-05-31,Allegany,1,3532,60,157938
2021-06-01,Allegany,1,3533,277,158215
2021-06-02,Allegany,2,3535,265,158480
2021-06-03,Allegany,1,3536,405,158885
2021-06-04,Allegany,9,3545,304,159189
2021-06-05,Allegany,4,3549,149,159338
2021-06-06,Allegany,0,3549,139,159477
2021-06-07,Allegany,2,3551,47,159524
2021-06-08,Allegany,4,3555,302,159826
2021-06-09,Allegany,0,3555,230,160056
2021-06-10,Allegany,0,3555,347,160403
2021-06-11,Allegany,0,3555,204,160607
2021-06-12,Allegany,0,3555,107,160714
2021-06-13,Allegany,0,3555,72,160786
2021-06-14,Allegany,0,3555,59,160845
2021-06-15,Allegany,1,3556,144,160989
2021-06-16,Allegany,1,3557,214,161203
2021-06-17,Allegany,1,3558,214,161417
2021-06-18,Allegany,1,3559,136,161553
2021-06-19,Allegany,0,3559,74,161627
2021-06-20,Allegany,0,3559,94,161721
2021-06-21,Allegany,2,3561,55,161776
2021-06-22,Allegany,0,3561,109,161885
2021-06-23,Allegany,0,3561,138,162023
2021-06-24,Allegany,0,3561,159,162182
2021-06-25,Allegany,0,3561,126,162308
2021-06-26,Allegany,1,3562,100,162408
2021-06-27,Allegany,0,3562,88,162496
2021-06-28,Allegany,0,3562,41,162537
2021-06-29,Allegany,0,3562,98,162635
2021-06-30,Allegany,0,3562,130,162765
2021-07-01,Allegany,0,3562,168,162933
2021-07-02,Allegany,0,3562,115,163048
2021-07-03,Allegany,0,3562,57,163105
2021-07-04,Allegany,0,3562,74,163179
2021-07-05,Allegany,0,3562,26,163205
2021-07-06,Allegany,0,3562,29,163234
2021-07-07,Allegany,0,3562,40,163274
2021-07-08,Allegany,1,3563,78,163352
2021-07-09,Allegany,0,3563,136,163488
2021-07-10,Allegany,0,3563,33,163521
2021-07-11,Allegany,0,3563,35,163556
2021-07-12,Allegany,1,3564,51,163607
2021-07-13,Allegany,0,3564,64,163671
2021-07-14,Allegany,1,3565,72,163743
2021-07-15,Allegany,2,3567,139,163882
2021-07-16,Allegany,2,3569,242,164124
2021-07-17,Allegany,0,3569,67,164191
2021-07-18,Allegany,0,3569,44,164235
2020-03-01,Bronx,0,0,0,0
2020-03-02,Bronx,0,0,0,0
2020-03-03,Bronx,0,0,1,1
2020-03-04,Bronx,0,0,0,1
2020-03-05,Bronx,0,0,5,6
2020-03-06,Bronx,0,0,6,12
2020-03-07,Bronx,0,0,17,29
2020-03-08,Bronx,1,1,16,45
2020-03-09,Bronx,4,5,31,76
2020-03-10,Bronx,0,5,47,123
2020-03-11,Bronx,2,7,31,154
2020-03-12,Bronx,3,10,36,190
2020-03-13,Bronx,10,20,99,289
2020-03-14,Bronx,8,28,80,369
2020-03-15,Bronx,29,57,116,485
2020-03-16,Bronx,29,86,151,636
2020-03-17,Bronx,123,209,433,1069
2020-03-18,Bronx,154,363,597,1666
2020-03-19,Bronx,191,554,605,2271
2020-03-20,Bronx,297,851,884,3155
2020-03-21,Bronx,367,1218,1044,4199
2020-03-22,Bronx,606,1824,1276,5475
2020-03-23,Bronx,455,2279,970,6445
2020-03-24,Bronx,611,2890,1188,7633
2020-03-25,Bronx,838,3728,1770,9403
2020-03-26,Bronx,829,4557,1428,10831
2020-03-27,Bronx,846,5403,1478,12309
2020-03-28,Bronx,901,6304,1529,13838
2020-03-29,Bronx,658,6962,1160,14998
2020-03-30,Bronx,804,7766,1341,16339
2020-03-31,Bronx,1095,8861,1818,18157
2020-04-01,Bronx,1066,9927,1754,19911
2020-04-02,Bronx,1159,11086,1946,21857
2020-04-03,Bronx,1229,12315,2108,23965
2020-04-04,Bronx,1053,13368,1778,25743
2020-04-05,Bronx,959,14327,1628,27371
2020-04-06,Bronx,1021,15348,1996,29367
2020-04-07,Bronx,1278,16626,2562,31929
2020-04-08,Bronx,1166,17792,2348,34277
2020-04-09,Bronx,1368,19160,2637,36914
2020-04-10,Bronx,1317,20477,2580,39494
2020-04-11,Bronx,964,21441,2081,41575
2020-04-12,Bronx,764,22205,1623,43198
2020-04-13,Bronx,1061,23266,2294,45492
2020-04-14,Bronx,1387,24653,2622,48114
2020-04-15,Bronx,1279,25932,2939,51053
2020-04-16,Bronx,1103,27035,2793,53846
2020-04-17,Bronx,984,28019,2597,56443
2020-04-18,Bronx,804,28823,2162,58605
2020-04-19,Bronx,549,29372,1707,60312
2020-04-20,Bronx,617,29989,2050,62362
2020-04-21,Bronx,879,30868,2942,65304
2020-04-22,Bronx,791,31659,3084,68388
2020-04-23,Bronx,1042,32701,3691,72079
2020-04-24,Bronx,1482,34183,4800,76879
2020-04-25,Bronx,787,34970,2967,79846
2020-04-26,Bronx,586,35556,2363,82209
2020-04-27,Bronx,438,35994,2107,84316
2020-04-28,Bronx,606,36600,2938,87254
2020-04-29,Bronx,644,37244,2977,90231
2020-04-30,Bronx,541,37785,2824,93055
2020-05-01,Bronx,665,38450,3694,96749
2020-05-02,Bronx,466,38916,2857,99606
2020-05-03,Bronx,307,39223,1869,101475
2020-05-04,Bronx,253,39476,2001,103476
2020-05-05,Bronx,363,39839,2657,106133
2020-05-06,Bronx,342,40181,2786,108919
2020-05-07,Bronx,352,40533,3078,111997
2020-05-08,Bronx,271,40804,2873,114870
2020-05-09,Bronx,255,41059,2935,117805
2020-05-10,Bronx,237,41296,2140,119945
2020-05-11,Bronx,145,41441,1510,121455
2020-05-12,Bronx,236,41677,2678,124133
2020-05-13,Bronx,303,41980,3338,127471
2020-05-14,Bronx,539,42519,4408,131879
2020-05-15,Bronx,293,42812,3632,135511
2020-05-16,Bronx,210,43022,2861,138372
2020-05-17,Bronx,136,43158,2126,140498
2020-05-18,Bronx,112,43270,2102,142600
2020-05-19,Bronx,148,43418,2682,145282
2020-05-20,Bronx,185,43603,3618,148900
2020-05-21,Bronx,163,43766,3421,152321
2020-05-22,Bronx,155,43921,3518,155839
2020-05-23,Bronx,216,44137,4575,160414
2020-05-24,Bronx,110,44247,2445,162859
2020-05-25,Bronx,117,44364,2233,165092
2020-05-26,Bronx,139,44503,3064,168156
2020-05-27,Bronx,250,44753,5657,173813
2020-05-28,Bronx,221,44974,5781,179594
2020-05-29,Bronx,142,45116,4817,184411
2020-05-30,Bronx,137,45253,4338,188749
2020-05-31,Bronx,106,45359,3997,192746
2020-06-01,Bronx,107,45466,4069,196815
2020-06-02,Bronx,105,45571,3579,200394
2020-06-03,Bronx,117,45688,4303,204697
2020-06-04,Bronx,90,45778,4606,209303
2020-06-05,Bronx,104,45882,5144,214447
2020-06-06,Bronx,98,45980,4164,218611
2020-06-07,Bronx,72,46052,3718,222329
2020-06-08,Bronx,75,46127,3214,225543
2020-06-09,Bronx,96,46223,4468,230011
2020-06-10,Bronx,93,46316,3929,233940
2020-06-11,Bronx,80,46396,4894,238834
2020-06-12,Bronx,105,46501,5869,244703
2020-06-13,Bronx,66,46567,4578,249281
2020-06-14,Bronx,78,46645,4689,253970
2020-06-15,Bronx,65,46710,4542,258512
2020-06-16,Bronx,68,46778,5106,263618
2020-06-17,Bronx,52,46830,5556,269174
2020-06-18,Bronx,85,46915,6272,275446
2020-06-19,Bronx,64,46979,5007,280453
2020-06-20,Bronx,48,47027,4694,285147
2020-06-21,Bronx,65,47092,4917,290064
2020-06-22,Bronx,62,47154,3723,293787
2020-06-23,Bronx,76,47230,3549,297336
2020-06-24,Bronx,64,47294,4930,302266
2020-06-25,Bronx,89,47383,4377,306643
2020-06-26,Bronx,73,47456,5794,312437
2020-06-27,Bronx,58,47514,5208,317645
2020-06-28,Bronx,41,47555,3588,321233
2020-06-29,Bronx,43,47598,4056,325289
2020-06-30,Bronx,53,47651,4725,330014
2020-07-01,Bronx,107,47758,5267,335281
2020-07-02,Bronx,80,47838,5521,340802
2020-07-03,Bronx,64,47902,4449,345251
2020-07-04,Bronx,36,47938,4275,349526
2020-07-05,Bronx,56,47994,4111,353637
2020-07-06,Bronx,44,48038,3695,357332
2020-07-07,Bronx,38,48076,3456,360788
2020-07-08,Bronx,50,48126,3993,364781
2020-07-09,Bronx,82,48208,5706,370487
2020-07-10,Bronx,59,48267,4932,375419
2020-07-11,Bronx,60,48327,4401,379820
2020-07-12,Bronx,50,48377,3980,383800
2020-07-13,Bronx,56,48433,4169,387969
2020-07-14,Bronx,63,48496,4435,392404
2020-07-15,Bronx,79,48575,5635,398039
2020-07-16,Bronx,68,48643,5250,403289
2020-07-17,Bronx,72,48715,5748,409037
2020-07-18,Bronx,54,48769,4297,413334
2020-07-19,Bronx,68,48837,3543,416877
2020-07-20,Bronx,89,48926,4443,421320
2020-07-21,Bronx,91,49017,5492,426812
2020-07-22,Bronx,69,49086,4802,431614
2020-07-23,Bronx,114,49200,5276,436890
2020-07-24,Bronx,80,49280,4754,441644
2020-07-25,Bronx,56,49336,3711,445355
2020-07-26,Bronx,52,49388,3459,448814
2020-07-27,Bronx,34,49422,3654,452468
2020-07-28,Bronx,59,49481,3397,455865
2020-07-29,Bronx,46,49527,4741,460606
2020-07-30,Bronx,46,49573,3994,464600
2020-07-31,Bronx,53,49626,5253,469853
2020-08-01,Bronx,50,49676,3384,473237
2020-08-02,Bronx,38,49714,3630,476867
2020-08-03,Bronx,109,49823,7059,483926
2020-08-04,Bronx,83,49906,5301,489227
2020-08-05,Bronx,74,49980,5205,494432
2020-08-06,Bronx,77,50057,5151,499583
2020-08-07,Bronx,63,50120,4634,504217
2020-08-08,Bronx,68,50188,5261,509478
2020-08-09,Bronx,38,50226,4747,514225
2020-08-10,Bronx,52,50278,5083,519308
2020-08-11,Bronx,91,50369,7934,527242
2020-08-12,Bronx,116,50485,7110,534352
2020-08-13,Bronx,94,50579,6420,540772
2020-08-14,Bronx,72,50651,6849,547621
2020-08-15,Bronx,73,50724,6399,554020
2020-08-16,Bronx,62,50786,4742,558762
2020-08-17,Bronx,54,50840,4675,563437
2020-08-18,Bronx,67,50907,5591,569028
2020-08-19,Bronx,47,50954,5402,574430
2020-08-20,Bronx,56,51010,6412,580842
2020-08-21,Bronx,57,51067,6574,587416
2020-08-22,Bronx,70,51137,4937,592353
2020-08-23,Bronx,57,51194,5141,597494
2020-08-24,Bronx,45,51239,4296,601790
2020-08-25,Bronx,53,51292,5358,607148
2020-08-26,Bronx,65,51357,5535,612683
2020-08-27,Bronx,49,51406,6190,618873
2020-08-28,Bronx,62,51468,6305,625178
2020-08-29,Bronx,65,51533,6778,631956
2020-08-30,Bronx,77,51610,4854,636810
2020-08-31,Bronx,53,51663,4880,641690
2020-09-01,Bronx,48,51711,7314,649004
2020-09-02,Bronx,57,51768,5696,654700
2020-09-03,Bronx,52,51820,6594,661294
2020-09-04,Bronx,40,51860,6365,667659
2020-09-05,Bronx,52,51912,5858,673517
2020-09-06,Bronx,32,51944,4414,677931
2020-09-07,Bronx,40,51984,5366,683297
2020-09-08,Bronx,34,52018,5571,688868
2020-09-09,Bronx,58,52076,5655,694523
2020-09-10,Bronx,49,52125,5615,700138
2020-09-11,Bronx,61,52186,7455,707593
2020-09-12,Bronx,49,52235,4625,712218
2020-09-13,Bronx,46,52281,4288,716506
2020-09-14,Bronx,54,52335,4856,721362
2020-09-15,Bronx,36,52371,4810,726172
2020-09-16,Bronx,51,52422,5950,732122
2020-09-17,Bronx,46,52468,5601,737723
2020-09-18,Bronx,58,52526,6097,743820
2020-09-19,Bronx,52,52578,7106,750926
2020-09-20,Bronx,41,52619,3854,754780
2020-09-21,Bronx,47,52666,5869,760649
2020-09-22,Bronx,44,52710,5074,765723
2020-09-23,Bronx,46,52756,5812,771535
2020-09-24,Bronx,59,52815,7131,778666
2020-09-25,Bronx,57,52872,6388,785054
2020-09-26,Bronx,48,52920,4941,789995
2020-09-27,Bronx,36,52956,3456,793451
2020-09-28,Bronx,69,53025,6624,800075
2020-09-29,Bronx,66,53091,6152,806227
2020-09-30,Bronx,78,53169,6093,812320
2020-10-01,Bronx,63,53232,6554,818874
2020-10-02,Bronx,66,53298,6513,825387
2020-10-03,Bronx,55,53353,5282,830669
2020-10-04,Bronx,64,53417,4521,835190
2020-10-05,Bronx,84,53501,6190,841380
2020-10-06,Bronx,55,53556,5842,847222
2020-10-07,Bronx,61,53617,6595,853817
2020-10-08,Bronx,74,53691,7217,861034
2020-10-09,Bronx,71,53762,6783,867817
2020-10-10,Bronx,74,53836,6143,873960
2020-10-11,Bronx,58,53894,3930,877890
2020-10-12,Bronx,66,53960,6546,884436
2020-10-13,Bronx,46,54006,6116,890552
2020-10-14,Bronx,71,54077,6174,896726
2020-10-15,Bronx,121,54198,7400,904126
2020-10-16,Bronx,109,54307,9054,913180
2020-10-17,Bronx,102,54409,6911,920091
2020-10-18,Bronx,63,54472,5081,925172
2020-10-19,Bronx,51,54523,5727,930899
2020-10-20,Bronx,105,54628,7912,938811
2020-10-21,Bronx,78,54706,6996,945807
2020-10-22,Bronx,86,54792,7642,953449
2020-10-23,Bronx,100,54892,9802,963251
2020-10-24,Bronx,119,55011,6745,969996
2020-10-25,Bronx,75,55086,4808,974804
2020-10-26,Bronx,127,55213,7625,982429
2020-10-27,Bronx,141,55354,7498,989927
2020-10-28,Bronx,173,55527,8348,998275
2020-10-29,Bronx,134,55661,8374,1006649
2020-10-30,Bronx,106,55767,6473,1013122
2020-10-31,Bronx,145,55912,7975,1021097
2020-11-01,Bronx,87,55999,5713,1026810
2020-11-02,Bronx,166,56165,7615,1034425
2020-11-03,Bronx,127,56292,9344,1043769
2020-11-04,Bronx,168,56460,8765,1052534
2020-11-05,Bronx,195,56655,8772,1061306
2020-11-06,Bronx,162,56817,8258,1069564
2020-11-07,Bronx,247,57064,7618,1077182
2020-11-08,Bronx,170,57234,6413,1083595
2020-11-09,Bronx,191,57425,7110,1090705
2020-11-10,Bronx,232,57657,8467,1099172
2020-11-11,Bronx,260,57917,10011,1109183
2020-11-12,Bronx,288,58205,9635,1118818
2020-11-13,Bronx,286,58491,10066,1128884
2020-11-14,Bronx,221,58712,8575,1137459
2020-11-15,Bronx,193,58905,7790,1145249
2020-11-16,Bronx,360,59265,9704,1154953
2020-11-17,Bronx,283,59548,7300,1162253
2020-11-18,Bronx,308,59856,11469,1173722
2020-11-19,Bronx,377,60233,11946,1185668
2020-11-20,Bronx,402,60635,10570,1196238
2020-11-21,Bronx,344,60979,10351,1206589
2020-11-22,Bronx,337,61316,9809,1216398
2020-11-23,Bronx,301,61617,8453,1224851
2020-11-24,Bronx,347,61964,8787,1233638
2020-11-25,Bronx,414,62378,11708,1245346
2020-11-26,Bronx,392,62770,10035,1255381
2020-11-27,Bronx,379,63149,9203,1264584
2020-11-28,Bronx,399,63548,9829,1274413
2020-11-29,Bronx,449,63997,9560,1283973
2020-11-30,Bronx,497,64494,10467,1294440
2020-12-01,Bronx,511,65005,10712,1305152
2020-12-02,Bronx,525,65530,10720,1315872
2020-12-03,Bronx,598,66128,12932,1328804
2020-12-04,Bronx,554,66682,12632,1341436
2020-12-05,Bronx,575,67257,12827,1354263
2020-12-06,Bronx,497,67754,9573,1363836
2020-12-07,Bronx,691,68445,11975,1375811
2020-12-08,Bronx,559,69004,11463,1387274
2020-12-09,Bronx,536,69540,13004,1400278
2020-12-10,Bronx,545,70085,13299,1413577
2020-12-11,Bronx,582,70667,14137,1427714
2020-12-12,Bronx,596,71263,14842,1442556
2020-12-13,Bronx,475,71738,10333,1452889
2020-12-14,Bronx,671,72409,12776,1465665
2020-12-15,Bronx,601,73010,11360,1477025
2020-12-16,Bronx,675,73685,14431,1491456
2020-12-17,Bronx,720,74405,15274,1506730
2020-12-18,Bronx,511,74916,9822,1516552
2020-12-19,Bronx,580,75496,12049,1528601
2020-12-20,Bronx,473,75969,8681,1537282
2020-12-21,Bronx,542,76511,9974,1547256
2020-12-22,Bronx,637,77148,11328,1558584
2020-12-23,Bronx,739,77887,14098,1572682
2020-12-24,Bronx,776,78663,13179,1585861
2020-12-25,Bronx,645,79308,12212,1598073
2020-12-26,Bronx,451,79759,8838,1606911
2020-12-27,Bronx,591,80350,7063,1613974
2020-12-28,Bronx,754,81104,11558,1625532
2020-12-29,Bronx,778,81882,8649,1634181
2020-12-30,Bronx,1110,82992,15473,1649654
2020-12-31,Bronx,983,83975,12937,1662591
2021-01-01,Bronx,1094,85069,13672,1676263
2021-01-02,Bronx,577,85646,7217,1683480
2021-01-03,Bronx,631,86277,7455,1690935
2021-01-04,Bronx,796,87073,12710,1703645
2021-01-05,Bronx,871,87944,10740,1714385
2021-01-06,Bronx,1224,89168,14834,1729219
2021-01-07,Bronx,1185,90353,15694,1744913
2021-01-08,Bronx,1051,91404,15365,1760278
2021-01-09,Bronx,906,92310,15255,1775533
2021-01-10,Bronx,997,93307,12524,1788057
2021-01-11,Bronx,1094,94401,14373,1802430
2021-01-12,Bronx,944,95345,11933,1814363
2021-01-13,Bronx,1024,96369,13746,1828109
2021-01-14,Bronx,1434,97803,21084,1849193
2021-01-15,Bronx,1227,99030,18569,1867762
2021-01-16,Bronx,1085,100115,15650,1883412
2021-01-17,Bronx,1055,101170,12518,1895930
2021-01-18,Bronx,1057,102227,13779,1909709
2021-01-19,Bronx,789,103016,11814,1921523
2021-01-20,Bronx,1087,104103,14683,1936206
2021-01-21,Bronx,1256,105359,18045,1954251
2021-01-22,Bronx,1227,106586,17143,1971394
2021-01-23,Bronx,1229,107815,16911,1988305
2021-01-24,Bronx,1180,108995,17973,2006278
2021-01-25,Bronx,966,109961,11351,2017629
2021-01-26,Bronx,885,110846,14393,2032022
2021-01-27,Bronx,1231,112077,17826,2049848
2021-01-28,Bronx,1156,113233,17959,2067807
2021-01-29,Bronx,1143,114376,16492,2084299
2021-01-30,Bronx,1051,115427,15693,2099992
2021-01-31,Bronx,878,116305,12274,2112266
2021-02-01,Bronx,799,117104,11193,2123459
2021-02-02,Bronx,473,117577,7688,2131147
2021-02-03,Bronx,503,118080,8461,2139608
2021-02-04,Bronx,743,118823,11023,2150631
2021-02-05,Bronx,1024,119847,16021,2166652
2021-02-06,Bronx,1223,121070,16118,2182770
2021-02-07,Bronx,1014,122084,15290,2198060
2021-02-08,Bronx,939,123023,11654,2209714
2021-02-09,Bronx,728,123751,12874,2222588
2021-02-10,Bronx,1232,124983,18786,2241374
2021-02-11,Bronx,918,125901,15735,2257109
2021-02-12,Bronx,1002,126903,17006,2274115
2021-02-13,Bronx,798,127701,12878,2286993
2021-02-14,Bronx,723,128424,13448,2300441
2021-02-15,Bronx,694,129118,10119,2310560
2021-02-16,Bronx,573,129691,9582,2320142
2021-02-17,Bronx,668,130359,13431,2333573
2021-02-18,Bronx,1074,131433,16704,2350277
2021-02-19,Bronx,798,132231,15013,2365290
2021-02-20,Bronx,650,132881,10965,2376255
2021-02-21,Bronx,648,133529,9944,2386199
2021-02-22,Bronx,692,134221,10131,2396330
2021-02-23,Bronx,469,134690,13036,2409366
2021-02-24,Bronx,935,135625,16980,2426346
2021-02-25,Bronx,935,136560,18621,2444967
2021-02-26,Bronx,842,137402,17950,2462917
2021-02-27,Bronx,824,138226,16074,2478991
2021-02-28,Bronx,670,138896,14206,2493197
2021-03-01,Bronx,600,139496,8959,2502156
2021-03-02,Bronx,754,140250,13455,2515611
2021-03-03,Bronx,731,140981,16338,2531949
2021-03-04,Bronx,930,141911,19644,2551593
2021-03-05,Bronx,778,142689,16995,2568588
2021-03-06,Bronx,618,143307,13100,2581688
2021-03-07,Bronx,456,143763,9051,2590739
2021-03-08,Bronx,728,144491,14967,2605706
2021-03-09,Bronx,561,145052,13161,2618867
2021-03-10,Bronx,611,145663,14088,2632955
2021-03-11,Bronx,910,146573,18594,2651549
2021-03-12,Bronx,582,147155,13639,2665188
2021-03-13,Bronx,437,147592,9652,2674840
2021-03-14,Bronx,451,148043,8181,2683021
2021-03-15,Bronx,556,148599,11041,2694062
2021-03-16,Bronx,975,149574,19610,2713672
2021-03-17,Bronx,701,150275,16432,2730104
2021-03-18,Bronx,745,151020,18188,2748292
2021-03-19,Bronx,643,151663,16421,2764713
2021-03-20,Bronx,713,152376,15129,2779842
2021-03-21,Bronx,631,153007,9751,2789593
2021-03-22,Bronx,529,153536,9804,2799397
2021-03-23,Bronx,552,154088,12353,2811750
2021-03-24,Bronx,655,154743,16477,2828227
2021-03-25,Bronx,708,155451,17435,2845662
2021-03-26,Bronx,722,156173,15689,2861351
2021-03-27,Bronx,883,157056,18132,2879483
2021-03-28,Bronx,837,157893,15486,2894969
2021-03-29,Bronx,565,158458,10882,2905851
2021-03-30,Bronx,730,159188,14993,2920844
2021-03-31,Bronx,815,160003,16706,2937550
2021-04-01,Bronx,652,160655,16484,2954034
2021-04-02,Bronx,620,161275,13774,2967808
2021-04-03,Bronx,650,161925,14242,2982050
2021-04-04,Bronx,488,162413,11179,2993229
2021-04-05,Bronx,439,162852,8224,3001453
2021-04-06,Bronx,551,163403,13769,3015222
2021-04-07,Bronx,580,163983,17790,3033012
2021-04-08,Bronx,712,164695,20196,3053208
2021-04-09,Bronx,579,165274,19027,3072235
2021-04-10,Bronx,501,165775,15043,3087278
2021-04-11,Bronx,345,166120,9422,3096700
2021-04-12,Bronx,342,166462,7628,3104328
2021-04-13,Bronx,377,166839,11450,3115778
2021-04-14,Bronx,420,167259,14876,3130654
2021-04-15,Bronx,549,167808,16628,3147282
2021-04-16,Bronx,666,168474,25470,3172752
2021-04-17,Bronx,452,168926,16771,3189523
2021-04-18,Bronx,320,169246,10795,3200318
2021-04-19,Bronx,290,169536,7894,3208212
2021-04-20,Bronx,272,169808,13153,3221365
2021-04-21,Bronx,434,170242,17758,3239123
2021-04-22,Bronx,336,170578,16505,3255628
2021-04-23,Bronx,319,170897,15795,3271423
2021-04-24,Bronx,302,171199,16311,3287734
2021-04-25,Bronx,194,171393,8924,3296658
2021-04-26,Bronx,188,171581,7505,3304163
2021-04-27,Bronx,184,171765,11390,3315553
2021-04-28,Bronx,304,172069,17840,3333393
2021-04-29,Bronx,280,172349,16553,3349946
2021-04-30,Bronx,247,172596,16915,3366861
2021-05-01,Bronx,212,172808,13348,3380209
2021-05-02,Bronx,140,172948,7913,3388122
2021-05-03,Bronx,139,173087,6870,3394992
2021-05-04,Bronx,262,173349,15276,3410268
2021-05-05,Bronx,153,173502,14422,3424690
2021-05-06,Bronx,152,173654,15202,3439892
2021-05-07,Bronx,234,173888,17620,3457512
2021-05-08,Bronx,145,174033,11453,3468965
2021-05-09,Bronx,118,174151,7987,3476952
2021-05-10,Bronx,73,174224,7033,3483985
2021-05-11,Bronx,132,174356,12406,3496391
2021-05-12,Bronx,151,174507,16929,3513320
2021-05-13,Bronx,139,174646,15729,3529049
2021-05-14,Bronx,108,174754,13210,3542259
2021-05-15,Bronx,111,174865,11969,3554228
2021-05-16,Bronx,72,174937,7874,3562102
2021-05-17,Bronx,72,175009,7019,3569121
2021-05-18,Bronx,69,175078,11544,3580665
2021-05-19,Bronx,130,175208,15718,3596383
2021-05-20,Bronx,82,175290,13948,3610331
2021-05-21,Bronx,95,175385,13618,3623949
2021-05-22,Bronx,69,175454,10477,3634426
2021-05-23,Bronx,65,175519,6302,3640728
2021-05-24,Bronx,39,175558,6565,3647293
2021-05-25,Bronx,54,175612,11244,3658537
2021-05-26,Bronx,67,175679,12472,3671009
2021-05-27,Bronx,89,175768,14830,3685839
2021-05-28,Bronx,54,175822,12062,3697901
2021-05-29,Bronx,58,175880,10435,3708336
2021-05-30,Bronx,36,175916,5829,3714165
2021-05-31,Bronx,44,175960,4509,3718674
2021-06-01,Bronx,26,175986,5164,3723838
2021-06-02,Bronx,55,176041,11334,3735172
2021-06-03,Bronx,65,176106,17314,3752486
2021-06-04,Bronx,68,176174,10401,3762887
2021-06-05,Bronx,56,176230,10098,3772985
2021-06-06,Bronx,52,176282,5727,3778712
2021-06-07,Bronx,55,176337,6139,3784851
2021-06-08,Bronx,44,176381,10318,3795169
2021-06-09,Bronx,96,176477,13174,3808343
2021-06-10,Bronx,49,176526,10357,3818700
2021-06-11,Bronx,56,176582,12718,3831418
2021-06-12,Bronx,35,176617,10669,3842087
2021-06-13,Bronx,38,176655,5571,3847658
2021-06-14,Bronx,35,176690,4916,3852574
2021-06-15,Bronx,32,176722,9154,3861728
2021-06-16,Bronx,44,176766,10665,3872393
2021-06-17,Bronx,41,176807,9482,3881875
2021-06-18,Bronx,40,176847,10905,3892780
2021-06-19,Bronx,26,176873,8020,3900800
2021-06-20,Bronx,17,176890,5367,3906167
2021-06-21,Bronx,24,176914,5136,3911303
2021-06-22,Bronx,30,176944,8367,3919670
2021-06-23,Bronx,22,176966,9426,3929096
2021-06-24,Bronx,23,176989,8622,3937718
2021-06-25,Bronx,36,177025,9595,3947313
2021-06-26,Bronx,21,177046,6334,3953647
2021-06-27,Bronx,19,177065,4769,3958416
2021-06-28,Bronx,23,177088,5338,3963754
2021-06-29,Bronx,36,177124,7203,3970957
2021-06-30,Bronx,28,177152,5815,3976772
2021-07-01,Bronx,42,177194,5659,3982431
2021-07-02,Bronx,28,177222,6629,3989060
2021-07-03,Bronx,29,177251,4808,3993868
2021-07-04,Bronx,28,177279,4046,3997914
2021-07-05,Bronx,14,177293,2527,4000441
2021-07-06,Bronx,70,177363,6425,4006866
2021-07-07,Bronx,62,177425,9796,4016662
2021-07-08,Bronx,84,177509,8697,4025359
2021-07-09,Bronx,50,177559,7279,4032638
2021-07-10,Bronx,52,177611,4679,4037317
2021-07-11,Bronx,49,177660,4088,4041405
2021-07-12,Bronx,49,177709,4549,4045954
2021-07-13,Bronx,65,177774,5502,4051456
2021-07-14,Bronx,75,177849,7515,4058971
2021-07-15,Bronx,73,177922,7548,4066519
2021-07-16,Bronx,93,178015,7162,4073681
2021-07-17,Bronx,92,178107,6220,4079901
2021-07-18,Bronx,83,178190,4235,4084136
2020-03-01,Broome,0,0,0,0
2020-03-02,Broome,0,0,0,0
2020-03-03,Broome,0,0,0,0
2020-03-04,Broome,0,0,0,0
2020-03-05,Broome,0,0,0,0
2020-03-06,Broome,0,0,0,0
2020-03-07,Broome,0,0,0,0
2020-03-08,Broome,0,0,2,2
2020-03-09,Broome,0,0,1,3
2020-03-10,Broome,0,0,1,4
2020-03-11,Broome,0,0,1,5
2020-03-12,Broome,1,1,2,7
2020-03-13,Broome,0,1,2,9
2020-03-14,Broome,0,1,3,12
2020-03-15,Broome,0,1,2,14
2020-03-16,Broome,0,1,1,15
2020-03-17,Broome,0,1,6,21
2020-03-18,Broome,1,2,9,30
2020-03-19,Broome,0,2,3,33
2020-03-20,Broome,0,2,16,49
2020-03-21,Broome,1,3,5,54
2020-03-22,Broome,4,7,20,74
2020-03-23,Broome,2,9,18,92
2020-03-24,Broome,2,11,13,105
2020-03-25,Broome,5,16,37,142
2020-03-26,Broome,2,18,25,167
2020-03-27,Broome,5,23,37,204
2020-03-28,Broome,6,29,45,249
2020-03-29,Broome,6,35,36,285
2020-03-30,Broome,3,38,48,333
2020-03-31,Broome,4,42,35,368
2020-04-01,Broome,4,46,43,411
2020-04-02,Broome,10,56,72,483
2020-04-03,Broome,9,65,55,538
2020-04-04,Broome,6,71,36,574
2020-04-05,Broome,5,76,33,607
2020-04-06,Broome,10,86,47,654
2020-04-07,Broome,2,88,24,678
2020-04-08,Broome,17,105,82,760
2020-04-09,Broome,7,112,58,818
2020-04-10,Broome,5,117,31,849
2020-04-11,Broome,9,126,60,909
2020-04-12,Broome,7,133,39,948
2020-04-13,Broome,13,146,90,1038
2020-04-14,Broome,7,153,73,1111
2020-04-15,Broome,14,167,74,1185
2020-04-16,Broome,11,178,82,1267
2020-04-17,Broome,8,186,64,1331
2020-04-18,Broome,6,192,52,1383
2020-04-19,Broome,7,199,43,1426
2020-04-20,Broome,6,205,47,1473
2020-04-21,Broome,14,219,54,1527
2020-04-22,Broome,5,224,102,1629
2020-04-23,Broome,8,232,85,1714
2020-04-24,Broome,19,251,212,1926
2020-04-25,Broome,6,257,105,2031
2020-04-26,Broome,4,261,69,2100
2020-04-27,Broome,5,266,60,2160
2020-04-28,Broome,7,273,87,2247
2020-04-29,Broome,11,284,114,2361
2020-04-30,Broome,15,299,110,2471
2020-05-01,Broome,6,305,114,2585
2020-05-02,Broome,22,327,415,3000
2020-05-03,Broome,7,334,353,3353
2020-05-04,Broome,4,338,180,3533
2020-05-05,Broome,7,345,273,3806
2020-05-06,Broome,15,360,333,4139
2020-05-07,Broome,4,364,214,4353
2020-05-08,Broome,8,372,252,4605
2020-05-09,Broome,1,373,317,4922
2020-05-10,Broome,5,378,319,5241
2020-05-11,Broome,1,379,271,5512
2020-05-12,Broome,3,382,291,5803
2020-05-13,Broome,1,383,343,6146
2020-05-14,Broome,7,390,343,6489
2020-05-15,Broome,23,413,458,6947
2020-05-16,Broome,1,414,486,7433
2020-05-17,Broome,9,423,379,7812
2020-05-18,Broome,6,429,295,8107
2020-05-19,Broome,7,436,639,8746
2020-05-20,Broome,15,451,419,9165
2020-05-21,Broome,17,468,820,9985
2020-05-22,Broome,17,485,645,10630
2020-05-23,Broome,16,501,629,11259
2020-05-24,Broome,18,519,669,11928
2020-05-25,Broome,3,522,536,12464
2020-05-26,Broome,6,528,369,12833
2020-05-27,Broome,17,545,523,13356
2020-05-28,Broome,12,557,614,13970
2020-05-29,Broome,4,561,531,14501
2020-05-30,Broome,5,566,1002,15503
2020-05-31,Broome,8,574,777,16280
2020-06-01,Broome,4,578,629,16909
2020-06-02,Broome,11,589,826,17735
2020-06-03,Broome,4,593,631,18366
2020-06-04,Broome,12,605,1417,19783
2020-06-05,Broome,8,613,1311,21094
2020-06-06,Broome,7,620,950,22044
2020-06-07,Broome,4,624,745,22789
2020-06-08,Broome,3,627,797,23586
2020-06-09,Broome,3,630,755,24341
2020-06-10,Broome,11,641,875,25216
2020-06-11,Broome,3,644,1085,26301
2020-06-12,Broome,3,647,779,27080
2020-06-13,Broome,4,651,795,27875
2020-06-14,Broome,4,655,382,28257
2020-06-15,Broome,1,656,606,28863
2020-06-16,Broome,1,657,546,29409
2020-06-17,Broome,0,657,442,29851
2020-06-18,Broome,6,663,952,30803
2020-06-19,Broome,2,665,586,31389
2020-06-20,Broome,3,668,430,31819
2020-06-21,Broome,2,670,552,32371
2020-06-22,Broome,1,671,588,32959
2020-06-23,Broome,0,671,179,33138
2020-06-24,Broome,9,680,935,34073
2020-06-25,Broome,17,697,509,34582
2020-06-26,Broome,4,701,922,35504
2020-06-27,Broome,2,703,486,35990
2020-06-28,Broome,7,710,377,36367
2020-06-29,Broome,6,716,772,37139
2020-06-30,Broome,6,722,448,37587
2020-07-01,Broome,7,729,846,38433
2020-07-02,Broome,7,736,476,38909
2020-07-03,Broome,16,752,979,39888
2020-07-04,Broome,1,753,898,40786
2020-07-05,Broome,4,757,554,41340
2020-07-06,Broome,5,762,588,41928
2020-07-07,Broome,4,766,234,42162
2020-07-08,Broome,4,770,731,42893
2020-07-09,Broome,14,784,662,43555
2020-07-10,Broome,23,807,747,44302
2020-07-11,Broome,13,820,1236,45538
2020-07-12,Broome,7,827,595,46133
2020-07-13,Broome,14,841,852,46985
2020-07-14,Broome,11,852,592,47577
2020-07-15,Broome,9,861,914,48491
2020-07-16,Broome,9,870,595,49086
2020-07-17,Broome,7,877,522,49608
2020-07-18,Broome,6,883,347,49955
2020-07-19,Broome,19,902,914,50869
2020-07-20,Broome,15,917,687,51556
2020-07-21,Broome,13,930,915,52471
2020-07-22,Broome,4,934,538,53009
2020-07-23,Broome,20,954,756,53765
2020-07-24,Broome,12,966,762,54527
2020-07-25,Broome,12,978,549,55076
2020-07-26,Broome,8,986,1287,56363
2020-07-27,Broome,6,992,522,56885
2020-07-28,Broome,23,1015,779,57664
2020-07-29,Broome,14,1029,698,58362
2020-07-30,Broome,8,1037,777,59139
2020-07-31,Broome,11,1048,781,59920
2020-08-01,Broome,6,1054,825,60745
2020-08-02,Broome,10,1064,743,61488
2020-08-03,Broome,14,1078,1025,62513
2020-08-04,Broome,4,1082,379,62892
2020-08-05,Broome,12,1094,711,63603
2020-08-06,Broome,21,1115,517,64120
2020-08-07,Broome,5,1120,412,64532
2020-08-08,Broome,6,1126,583,65115
2020-08-09,Broome,5,1131,747,65862
2020-08-10,Broome,12,1143,1408,67270
2020-08-11,Broome,7,1150,559,67829
2020-08-12,Broome,3,1153,641,68470
2020-08-13,Broome,12,1165,947,69417
2020-08-14,Broome,0,1165,708,70125
2020-08-15,Broome,1,1166,417,70542
2020-08-16,Broome,6,1172,607,71149
2020-08-17,Broome,5,1177,1523,72672
2020-08-18,Broome,12,1189,679,73351
2020-08-19,Broome,7,1196,627,73978
2020-08-20,Broome,15,1211,1124,75102
2020-08-21,Broome,16,1227,1203,76305
2020-08-22,Broome,12,1239,725,77030
2020-08-23,Broome,11,1250,848,77878
2020-08-24,Broome,6,1256,508,78386
2020-08-25,Broome,12,1268,844,79230
2020-08-26,Broome,6,1274,1434,80664
2020-08-27,Broome,9,1283,902,81566
2020-08-28,Broome,3,1286,851,82417
2020-08-29,Broome,9,1295,4937,87354
2020-08-30,Broome,12,1307,1000,88354
2020-08-31,Broome,4,1311,482,88836
2020-09-01,Broome,4,1315,477,89313
2020-09-02,Broome,18,1333,809,90122
2020-09-03,Broome,9,1342,850,90972
2020-09-04,Broome,8,1350,2400,93372
2020-09-05,Broome,7,1357,873,94245
2020-09-06,Broome,8,1365,546,94791
2020-09-07,Broome,9,1374,644,95435
2020-09-08,Broome,4,1378,199,95634
2020-09-09,Broome,5,1383,572,96206
2020-09-10,Broome,12,1395,1248,97454
2020-09-11,Broome,15,1410,1875,99329
2020-09-12,Broome,8,1418,571,99900
2020-09-13,Broome,2,1420,720,100620
2020-09-14,Broome,3,1423,593,101213
2020-09-15,Broome,5,1428,514,101727
2020-09-16,Broome,9,1437,730,102457
2020-09-17,Broome,13,1450,1394,103851
2020-09-18,Broome,9,1459,1102,104953
2020-09-19,Broome,6,1465,2159,107112
2020-09-20,Broome,7,1472,502,107614
2020-09-21,Broome,4,1476,738,108352
2020-09-22,Broome,4,1480,850,109202
2020-09-23,Broome,16,1496,1356,110558
2020-09-24,Broome,17,1513,1327,111885
2020-09-25,Broome,37,1550,1510,113395
2020-09-26,Broome,22,1572,606,114001
2020-09-27,Broome,34,1606,690,114691
2020-09-28,Broome,36,1642,1175,115866
2020-09-29,Broome,31,1673,928,116794
2020-09-30,Broome,56,1729,1188,117982
2020-10-01,Broome,57,1786,1472,119454
2020-10-02,Broome,110,1896,2145,121599
2020-10-03,Broome,51,1947,1591,123190
2020-10-04,Broome,27,1974,865,124055
2020-10-05,Broome,52,2026,892,124947
2020-10-06,Broome,105,2131,1723,126670
2020-10-07,Broome,108,2239,2144,128814
2020-10-08,Broome,75,2314,2332,131146
2020-10-09,Broome,86,2400,1885,133031
2020-10-10,Broome,42,2442,1235,134266
2020-10-11,Broome,43,2485,1371,135637
2020-10-12,Broome,53,2538,1434,137071
2020-10-13,Broome,69,2607,1318,138389
2020-10-14,Broome,96,2703,3366,141755
2020-10-15,Broome,81,2784,2717,144472
2020-10-16,Broome,60,2844,2030,146502
2020-10-17,Broome,52,2896,1241,147743
2020-10-18,Broome,31,2927,1088,148831
2020-10-19,Broome,76,3003,1756,150587
2020-10-20,Broome,57,3060,1439,152026
2020-10-21,Broome,106,3166,2307,154333
2020-10-22,Broome,96,3262,2746,157079
2020-10-23,Broome,68,3330,2217,159296
2020-10-24,Broome,38,3368,1375,160671
2020-10-25,Broome,47,3415,1246,161917
2020-10-26,Broome,101,3516,2013,163930
2020-10-27,Broome,50,3566,1639,165569
2020-10-28,Broome,54,3620,1908,167477
2020-10-29,Broome,42,3662,2192,169669
2020-10-30,Broome,48,3710,2050,171719
2020-10-31,Broome,28,3738,1267,172986
2020-11-01,Broome,21,3759,850,173836
2020-11-02,Broome,30,3789,1500,175336
2020-11-03,Broome,46,3835,1166,176502
2020-11-04,Broome,49,3884,1707,178209
2020-11-05,Broome,43,3927,2293,180502
2020-11-06,Broome,55,3982,2430,182932
2020-11-07,Broome,21,4003,1307,184239
2020-11-08,Broome,29,4032,863,185102
2020-11-09,Broome,54,4086,1253,186355
2020-11-10,Broome,81,4167,2119,188474
2020-11-11,Broome,48,4215,1841,190315
2020-11-12,Broome,88,4303,3055,193370
2020-11-13,Broome,59,4362,2125,195495
2020-11-14,Broome,32,4394,988,196483
2020-11-15,Broome,37,4431,1030,197513
2020-11-16,Broome,38,4469,1302,198815
2020-11-17,Broome,76,4545,2432,201247
2020-11-18,Broome,75,4620,2157,203404
2020-11-19,Broome,68,4688,1697,205101
2020-11-20,Broome,104,4792,3228,208329
2020-11-21,Broome,67,4859,2477,210806
2020-11-22,Broome,68,4927,1555,212361
2020-11-23,Broome,56,4983,1614,213975
2020-11-24,Broome,71,5054,2168,216143
2020-11-25,Broome,89,5143,2889,219032
2020-11-26,Broome,58,5201,1606,220638
2020-11-27,Broome,33,5234,1053,221691
2020-11-28,Broome,74,5308,2116,223807
2020-11-29,Broome,59,5367,1080,224887
2020-11-30,Broome,81,5448,1376,226263
2020-12-01,Broome,103,5551,2123,228386
2020-12-02,Broome,106,5657,1538,229924
2020-12-03,Broome,111,5768,2223,232147
2020-12-04,Broome,107,5875,2245,234392
2020-12-05,Broome,71,5946,1685,236077
2020-12-06,Broome,57,6003,952,237029
2020-12-07,Broome,54,6057,955,237984
2020-12-08,Broome,103,6160,1797,239781
2020-12-09,Broome,78,6238,2012,241793
2020-12-10,Broome,68,6306,2076,243869
2020-12-11,Broome,84,6390,1953,245822
2020-12-12,Broome,70,6460,2195,248017
2020-12-13,Broome,72,6532,988,249005
2020-12-14,Broome,69,6601,1208,250213
2020-12-15,Broome,91,6692,1829,252042
2020-12-16,Broome,72,6764,2080,254122
2020-12-17,Broome,129,6893,1941,256063
2020-12-18,Broome,45,6938,979,257042
2020-12-19,Broome,66,7004,1253,258295
2020-12-20,Broome,79,7083,968,259263
2020-12-21,Broome,61,7144,609,259872
2020-12-22,Broome,174,7318,2094,261966
2020-12-23,Broome,111,7429,2028,263994
2020-12-24,Broome,111,7540,1957,265951
2020-12-25,Broome,76,7616,1447,267398
2020-12-26,Broome,47,7663,880,268278
2020-12-27,Broome,82,7745,1124,269402
2020-12-28,Broome,110,7855,941,270343
2020-12-29,Broome,149,8004,1428,271771
2020-12-30,Broome,153,8157,1960,273731
2020-12-31,Broome,144,8301,1793,275524
2021-01-01,Broome,186,8487,2247,277771
2021-01-02,Broome,114,8601,978,278749
2021-01-03,Broome,71,8672,759,279508
2021-01-04,Broome,116,8788,848,280356
2021-01-05,Broome,243,9031,2404,282760
2021-01-06,Broome,233,9264,2379,285139
2021-01-07,Broome,195,9459,2464,287603
2021-01-08,Broome,191,9650,1819,289422
2021-01-09,Broome,194,9844,2446,291868
2021-01-10,Broome,115,9959,1135,293003
2021-01-11,Broome,136,10095,1157,294160
2021-01-12,Broome,201,10296,2045,296205
2021-01-13,Broome,161,10457,2379,298584
2021-01-14,Broome,163,10620,2170,300754
2021-01-15,Broome,123,10743,2223,302977
2021-01-16,Broome,123,10866,1742,304719
2021-01-17,Broome,115,10981,1304,306023
2021-01-18,Broome,127,11108,1103,307126
2021-01-19,Broome,147,11255,1982,309108
2021-01-20,Broome,212,11467,2388,311496
2021-01-21,Broome,190,11657,2302,313798
2021-01-22,Broome,147,11804,2349,316147
2021-01-23,Broome,120,11924,1783,317930
2021-01-24,Broome,84,12008,1234,319164
2021-01-25,Broome,96,12104,1037,320201
2021-01-26,Broome,123,12227,2200,322401
2021-01-27,Broome,139,12366,2299,324700
2021-01-28,Broome,143,12509,1852,326552
2021-01-29,Broome,142,12651,1986,328538
2021-01-30,Broome,97,12748,2045,330583
2021-01-31,Broome,46,12794,927,331510
2021-02-01,Broome,37,12831,709,332219
2021-02-02,Broome,88,12919,1466,333685
2021-02-03,Broome,119,13038,1861,335546
2021-02-04,Broome,83,13121,1676,337222
2021-02-05,Broome,111,13232,2770,339992
2021-02-06,Broome,73,13305,2339,342331
2021-02-07,Broome,44,13349,1641,343972
2021-02-08,Broome,44,13393,1792,345764
2021-02-09,Broome,64,13457,2895,348659
2021-02-10,Broome,75,13532,3552,352211
2021-02-11,Broome,53,13585,2384,354595
2021-02-12,Broome,63,13648,2003,356598
2021-02-13,Broome,56,13704,1649,358247
2021-02-14,Broome,53,13757,829,359076
2021-02-15,Broome,46,13803,1143,360219
2021-02-16,Broome,66,13869,2317,362536
2021-02-17,Broome,98,13967,2401,364937
2021-02-18,Broome,84,14051,3611,368548
2021-02-19,Broome,94,14145,3831,372379
2021-02-20,Broome,83,14228,3671,376050
2021-02-21,Broome,37,14265,852,376902
2021-02-22,Broome,51,14316,1056,377958
2021-02-23,Broome,96,14412,2850,380808
2021-02-24,Broome,109,14521,4300,385108
2021-02-25,Broome,116,14637,3937,389045
2021-02-26,Broome,98,14735,3602,392647
2021-02-27,Broome,107,14842,3490,396137
2021-02-28,Broome,28,14870,750,396887
2021-03-01,Broome,43,14913,1232,398119
2021-03-02,Broome,115,15028,3719,401838
2021-03-03,Broome,141,15169,3957,405795
2021-03-04,Broome,107,15276,3093,408888
2021-03-05,Broome,108,15384,3954,412842
2021-03-06,Broome,77,15461,3086,415928
2021-03-07,Broome,36,15497,614,416542
2021-03-08,Broome,39,15536,1062,417604
2021-03-09,Broome,84,15620,3741,421345
2021-03-10,Broome,56,15676,3618,424963
2021-03-11,Broome,59,15735,3729,428692
2021-03-12,Broome,59,15794,4501,433193
2021-03-13,Broome,39,15833,2683,435876
2021-03-14,Broome,20,15853,609,436485
2021-03-15,Broome,30,15883,803,437288
2021-03-16,Broome,55,15938,4162,441450
2021-03-17,Broome,49,15987,3475,444925
2021-03-18,Broome,39,16026,3111,448036
2021-03-19,Broome,58,16084,3294,451330
2021-03-20,Broome,46,16130,2858,454188
2021-03-21,Broome,43,16173,814,455002
2021-03-22,Broome,38,16211,820,455822
2021-03-23,Broome,43,16254,3816,459638
2021-03-24,Broome,41,16295,3862,463500
2021-03-25,Broome,46,16341,3322,466822
2021-03-26,Broome,52,16393,3769,470591
2021-03-27,Broome,47,16440,3164,473755
2021-03-28,Broome,52,16492,726,474481
2021-03-29,Broome,38,16530,989,475470
2021-03-30,Broome,46,16576,4002,479472
2021-03-31,Broome,74,16650,3112,482584
2021-04-01,Broome,45,16695,3552,486136
2021-04-02,Broome,51,16746,3114,489250
2021-04-03,Broome,37,16783,2755,492005
2021-04-04,Broome,23,16806,529,492534
2021-04-05,Broome,36,16842,1205,493739
2021-04-06,Broome,39,16881,3260,496999
2021-04-07,Broome,29,16910,3226,500225
2021-04-08,Broome,47,16957,3701,503926
2021-04-09,Broome,50,17007,2994,506920
2021-04-10,Broome,47,17054,2554,509474
2021-04-11,Broome,44,17098,504,509978
2021-04-12,Broome,31,17129,811,510789
2021-04-13,Broome,46,17175,4120,514909
2021-04-14,Broome,64,17239,3362,518271
2021-04-15,Broome,54,17293,3524,521795
2021-04-16,Broome,67,17360,2931,524726
2021-04-17,Broome,57,17417,3024,527750
2021-04-18,Broome,38,17455,590,528340
2021-04-19,Broome,47,17502,713,529053
2021-04-20,Broome,57,17559,3754,532807
2021-04-21,Broome,51,17610,2591,535398
2021-04-22,Broome,50,17660,3141,538539
2021-04-23,Broome,60,17720,3425,541964
2021-04-24,Broome,38,17758,2646,544610
2021-04-25,Broome,29,17787,727,545337
2021-04-26,Broome,34,17821,887,546224
2021-04-27,Broome,44,17865,3204,549428
2021-04-28,Broome,45,17910,3315,552743
2021-04-29,Broome,36,17946,2817,555560
2021-04-30,Broome,29,17975,3031,558591
2021-05-01,Broome,22,17997,2607,561198
2021-05-02,Broome,23,18020,545,561743
2021-05-03,Broome,37,18057,924,562667
2021-05-04,Broome,24,18081,3246,565913
2021-05-05,Broome,24,18105,2950,568863
2021-05-06,Broome,22,18127,2501,571364
2021-05-07,Broome,51,18178,2839,574203
2021-05-08,Broome,39,18217,3120,577323
2021-05-09,Broome,26,18243,576,577899
2021-05-10,Broome,15,18258,960,578859
2021-05-11,Broome,17,18275,2838,581697
2021-05-12,Broome,25,18300,2713,584410
2021-05-13,Broome,28,18328,2587,586997
2021-05-14,Broome,16,18344,3001,589998
2021-05-15,Broome,23,18367,2345,592343
2021-05-16,Broome,14,18381,1062,593405
2021-05-17,Broome,7,18388,826,594231
2021-05-18,Broome,18,18406,1857,596088
2021-05-19,Broome,23,18429,1811,597899
2021-05-20,Broome,27,18456,1287,599186
2021-05-21,Broome,7,18463,2848,602034
2021-05-22,Broome,19,18482,1889,603923
2021-05-23,Broome,10,18492,401,604324
2021-05-24,Broome,7,18499,565,604889
2021-05-25,Broome,9,18508,1895,606784
2021-05-26,Broome,17,18525,1827,608611
2021-05-27,Broome,14,18539,1614,610225
2021-05-28,Broome,3,18542,1578,611803
2021-05-29,Broome,6,18548,1167,612970
2021-05-30,Broome,2,18550,425,613395
2021-05-31,Broome,4,18554,362,613757
2021-06-01,Broome,3,18557,582,614339
2021-06-02,Broome,9,18566,1897,616236
2021-06-03,Broome,17,18583,1479,617715
2021-06-04,Broome,10,18593,1363,619078
2021-06-05,Broome,2,18595,991,620069
2021-06-06,Broome,4,18599,397,620466
2021-06-07,Broome,1,18600,423,620889
2021-06-08,Broome,0,18600,1500,622389
2021-06-09,Broome,3,18603,1142,623531
2021-06-10,Broome,4,18607,1259,624790
2021-06-11,Broome,5,18612,1306,626096
2021-06-12,Broome,4,18616,906,627002
2021-06-13,Broome,3,18619,320,627322
2021-06-14,Broome,4,18623,719,628041
2021-06-15,Broome,2,18625,1243,629284
2021-06-16,Broome,1,18626,1111,630395
2021-06-17,Broome,4,18630,928,631323
2021-06-18,Broome,3,18633,870,632193
2021-06-19,Broome,3,18636,641,632834
2021-06-20,Broome,1,18637,364,633198
2021-06-21,Broome,1,18638,339,633537
2021-06-22,Broome,3,18641,824,634361
2021-06-23,Broome,2,18643,1137,635498
2021-06-24,Broome,4,18647,611,636109
2021-06-25,Broome,1,18648,594,636703
2021-06-26,Broome,2,18650,559,637262
2021-06-27,Broome,2,18652,294,637556
2021-06-28,Broome,0,18652,673,638229
2021-06-29,Broome,3,18655,755,638984
2021-06-30,Broome,1,18656,810,639794
2021-07-01,Broome,3,18659,696,640490
2021-07-02,Broome,0,18659,323,640813
2021-07-03,Broome,1,18660,477,641290
2021-07-04,Broome,9,18669,467,641757
2021-07-05,Broome,0,18669,218,641975
2021-07-06,Broome,0,18669,482,642457
2021-07-07,Broome,2,18671,862,643319
2021-07-08,Broome,5,18676,770,644089
2021-07-09,Broome,2,18678,465,644554
2021-07-10,Broome,3,18681,433,644987
2021-07-11,Broome,1,18682,278,645265
2021-07-12,Broome,4,18686,323,645588
2021-07-13,Broome,4,18690,855,646443
2021-07-14,Broome,3,18693,664,647107
2021-07-15,Broome,2,18695,445,647552
2021-07-16,Broome,7,18702,630,648182
2021-07-17,Broome,4,18706,573,648755
2021-07-18,Broome,4,18710,254,649009
2020-03-01,Cattaraugus,0,0,0,0
2020-03-02,Cattaraugus,0,0,0,0
2020-03-03,Cattaraugus,0,0,0,0
2020-03-04,Cattaraugus,0,0,0,0
2020-03-05,Cattaraugus,0,0,0,0
2020-03-06,Cattaraugus,0,0,0,0
2020-03-07,Cattaraugus,0,0,0,0
2020-03-08,Cattaraugus,0,0,0,0
2020-03-09,Cattaraugus,0,0,0,0
2020-03-10,Cattaraugus,0,0,0,0
2020-03-11,Cattaraugus,0,0,0,0
2020-03-12,Cattaraugus,0,0,2,2
2020-03-13,Cattaraugus,0,0,2,4
2020-03-14,Cattaraugus,0,0,1,5
2020-03-15,Cattaraugus,0,0,2,7
2020-03-16,Cattaraugus,0,0,0,7
2020-03-17,Cattaraugus,0,0,0,7
2020-03-18,Cattaraugus,0,0,5,12
2020-03-19,Cattaraugus,0,0,2,14
2020-03-20,Cattaraugus,0,0,10,24
2020-03-21,Cattaraugus,0,0,23,47
2020-03-22,Cattaraugus,0,0,14,61
2020-03-23,Cattaraugus,0,0,12,73
2020-03-24,Cattaraugus,0,0,3,76
2020-03-25,Cattaraugus,0,0,12,88
2020-03-26,Cattaraugus,0,0,13,101
2020-03-27,Cattaraugus,1,1,25,126
2020-03-28,Cattaraugus,3,4,13,139
2020-03-29,Cattaraugus,2,6,7,146
2020-03-30,Cattaraugus,0,6,5,151
2020-03-31,Cattaraugus,1,7,12,163
2020-04-01,Cattaraugus,1,8,28,191
2020-04-02,Cattaraugus,1,9,24,215
2020-04-03,Cattaraugus,0,9,8,223
2020-04-04,Cattaraugus,1,10,12,235
2020-04-05,Cattaraugus,2,12,16,251
2020-04-06,Cattaraugus,1,13,14,265
2020-04-07,Cattaraugus,2,15,19,284
2020-04-08,Cattaraugus,2,17,15,299
2020-04-09,Cattaraugus,1,18,26,325
2020-04-10,Cattaraugus,1,19,7,332
2020-04-11,Cattaraugus,9,28,32,364
2020-04-12,Cattaraugus,0,28,6,370
2020-04-13,Cattaraugus,4,32,13,383
2020-04-14,Cattaraugus,0,32,11,394
2020-04-15,Cattaraugus,0,32,14,408
2020-04-16,Cattaraugus,2,34,31,439
2020-04-17,Cattaraugus,0,34,15,454
2020-04-18,Cattaraugus,0,34,17,471
2020-04-19,Cattaraugus,0,34,1,472
2020-04-20,Cattaraugus,1,35,8,480
2020-04-21,Cattaraugus,2,37,34,514
2020-04-22,Cattaraugus,0,37,40,554
2020-04-23,Cattaraugus,2,39,32,586
2020-04-24,Cattaraugus,6,45,102,688
2020-04-25,Cattaraugus,0,45,24,712
2020-04-26,Cattaraugus,0,45,21,733
2020-04-27,Cattaraugus,0,45,15,748
2020-04-28,Cattaraugus,2,47,76,824
2020-04-29,Cattaraugus,0,47,85,909
2020-04-30,Cattaraugus,2,49,78,987
2020-05-01,Cattaraugus,1,50,80,1067
2020-05-02,Cattaraugus,3,53,54,1121
2020-05-03,Cattaraugus,0,53,7,1128
2020-05-04,Cattaraugus,0,53,14,1142
2020-05-05,Cattaraugus,1,54,47,1189
2020-05-06,Cattaraugus,5,59,65,1254
2020-05-07,Cattaraugus,0,59,36,1290
2020-05-08,Cattaraugus,1,60,54,1344
2020-05-09,Cattaraugus,0,60,21,1365
2020-05-10,Cattaraugus,1,61,103,1468
2020-05-11,Cattaraugus,0,61,29,1497
2020-05-12,Cattaraugus,0,61,77,1574
2020-05-13,Cattaraugus,3,64,134,1708
2020-05-14,Cattaraugus,0,64,173,1881
2020-05-15,Cattaraugus,1,65,186,2067
2020-05-16,Cattaraugus,0,65,142,2209
2020-05-17,Cattaraugus,2,67,207,2416
2020-05-18,Cattaraugus,2,69,24,2440
2020-05-19,Cattaraugus,1,70,152,2592
2020-05-20,Cattaraugus,1,71,186,2778
2020-05-21,Cattaraugus,3,74,125,2903
2020-05-22,Cattaraugus,4,78,176,3079
2020-05-23,Cattaraugus,0,78,172,3251
2020-05-24,Cattaraugus,3,81,311,3562
2020-05-25,Cattaraugus,0,81,136,3698
2020-05-26,Cattaraugus,1,82,162,3860
2020-05-27,Cattaraugus,3,85,286,4146
2020-05-28,Cattaraugus,1,86,147,4293
2020-05-29,Cattaraugus,1,87,189,4482
2020-05-30,Cattaraugus,1,88,183,4665
2020-05-31,Cattaraugus,1,89,215,4880
2020-06-01,Cattaraugus,0,89,333,5213
2020-06-02,Cattaraugus,1,90,375,5588
2020-06-03,Cattaraugus,1,91,290,5878
2020-06-04,Cattaraugus,1,92,304,6182
2020-06-05,Cattaraugus,0,92,416,6598
2020-06-06,Cattaraugus,2,94,193,6791
2020-06-07,Cattaraugus,1,95,245,7036
2020-06-08,Cattaraugus,0,95,183,7219
2020-06-09,Cattaraugus,1,96,205,7424
2020-06-10,Cattaraugus,2,98,258,7682
2020-06-11,Cattaraugus,3,101,282,7964
2020-06-12,Cattaraugus,0,101,341,8305
2020-06-13,Cattaraugus,3,104,272,8577
2020-06-14,Cattaraugus,2,106,155,8732
2020-06-15,Cattaraugus,1,107,393,9125
2020-06-16,Cattaraugus,2,109,202,9327
2020-06-17,Cattaraugus,0,109,219,9546
2020-06-18,Cattaraugus,0,109,335,9881
2020-06-19,Cattaraugus,4,113,325,10206
2020-06-20,Cattaraugus,2,115,377,10583
2020-06-21,Cattaraugus,0,115,252,10835
2020-06-22,Cattaraugus,3,118,220,11055
2020-06-23,Cattaraugus,2,120,210,11265
2020-06-24,Cattaraugus,1,121,316,11581
2020-06-25,Cattaraugus,2,123,149,11730
2020-06-26,Cattaraugus,0,123,389,12119
2020-06-27,Cattaraugus,0,123,107,12226
2020-06-28,Cattaraugus,0,123,191,12417
2020-06-29,Cattaraugus,0,123,120,12537
2020-06-30,Cattaraugus,0,123,163,12700
2020-07-01,Cattaraugus,1,124,173,12873
2020-07-02,Cattaraugus,0,124,313,13186
2020-07-03,Cattaraugus,3,127,460,13646
2020-07-04,Cattaraugus,0,127,202,13848
2020-07-05,Cattaraugus,1,128,249,14097
2020-07-06,Cattaraugus,0,128,129,14226
2020-07-07,Cattaraugus,2,130,119,14345
2020-07-08,Cattaraugus,1,131,210,14555
2020-07-09,Cattaraugus,3,134,421,14976
2020-07-10,Cattaraugus,4,138,345,15321
2020-07-11,Cattaraugus,0,138,122,15443
2020-07-12,Cattaraugus,0,138,105,15548
2020-07-13,Cattaraugus,1,139,288,15836
2020-07-14,Cattaraugus,2,141,178,16014
2020-07-15,Cattaraugus,1,142,294,16308
2020-07-16,Cattaraugus,3,145,381,16689
2020-07-17,Cattaraugus,0,145,207,16896
2020-07-18,Cattaraugus,0,145,103,16999
2020-07-19,Cattaraugus,0,145,56,17055
2020-07-20,Cattaraugus,2,147,359,17414
2020-07-21,Cattaraugus,0,147,253,17667
2020-07-22,Cattaraugus,1,148,146,17813
2020-07-23,Cattaraugus,2,150,180,17993
2020-07-24,Cattaraugus,0,150,340,18333
2020-07-25,Cattaraugus,1,151,104,18437
2020-07-26,Cattaraugus,2,153,229,18666
2020-07-27,Cattaraugus,0,153,182,18848
2020-07-28,Cattaraugus,4,157,176,19024
2020-07-29,Cattaraugus,0,157,239,19263
2020-07-30,Cattaraugus,1,158,254,19517
2020-07-31,Cattaraugus,0,158,217,19734
2020-08-01,Cattaraugus,1,159,229,19963
2020-08-02,Cattaraugus,3,162,146,20109
2020-08-03,Cattaraugus,2,164,190,20299
2020-08-04,Cattaraugus,0,164,379,20678
2020-08-05,Cattaraugus,0,164,325,21003
2020-08-06,Cattaraugus,0,164,277,21280
2020-08-07,Cattaraugus,1,165,217,21497
2020-08-08,Cattaraugus,0,165,165,21662
2020-08-09,Cattaraugus,1,166,174,21836
2020-08-10,Cattaraugus,2,168,282,22118
2020-08-11,Cattaraugus,0,168,192,22310
2020-08-12,Cattaraugus,1,169,238,22548
2020-08-13,Cattaraugus,0,169,281,22829
2020-08-14,Cattaraugus,1,170,283,23112
2020-08-15,Cattaraugus,1,171,397,23509
2020-08-16,Cattaraugus,0,171,113,23622
2020-08-17,Cattaraugus,1,172,276,23898
2020-08-18,Cattaraugus,1,173,356,24254
2020-08-19,Cattaraugus,1,174,354,24608
2020-08-20,Cattaraugus,0,174,375,24983
2020-08-21,Cattaraugus,4,178,145,25128
2020-08-22,Cattaraugus,2,180,299,25427
2020-08-23,Cattaraugus,2,182,150,25577
2020-08-24,Cattaraugus,2,184,264,25841
2020-08-25,Cattaraugus,1,185,176,26017
2020-08-26,Cattaraugus,3,188,314,26331
2020-08-27,Cattaraugus,9,197,291,26622
2020-08-28,Cattaraugus,0,197,231,26853
2020-08-29,Cattaraugus,4,201,334,27187
2020-08-30,Cattaraugus,4,205,283,27470
2020-08-31,Cattaraugus,1,206,320,27790
2020-09-01,Cattaraugus,10,216,242,28032
2020-09-02,Cattaraugus,6,222,276,28308
2020-09-03,Cattaraugus,1,223,320,28628
2020-09-04,Cattaraugus,4,227,459,29087
2020-09-05,Cattaraugus,2,229,214,29301
2020-09-06,Cattaraugus,1,230,133,29434
2020-09-07,Cattaraugus,3,233,372,29806
2020-09-08,Cattaraugus,1,234,162,29968
2020-09-09,Cattaraugus,2,236,200,30168
2020-09-10,Cattaraugus,3,239,248,30416
2020-09-11,Cattaraugus,0,239,486,30902
2020-09-12,Cattaraugus,2,241,258,31160
2020-09-13,Cattaraugus,1,242,230,31390
2020-09-14,Cattaraugus,0,242,244,31634
2020-09-15,Cattaraugus,3,245,137,31771
2020-09-16,Cattaraugus,3,248,255,32026
2020-09-17,Cattaraugus,1,249,247,32273
2020-09-18,Cattaraugus,4,253,290,32563
2020-09-19,Cattaraugus,1,254,335,32898
2020-09-20,Cattaraugus,1,255,160,33058
2020-09-21,Cattaraugus,0,255,226,33284
2020-09-22,Cattaraugus,3,258,196,33480
2020-09-23,Cattaraugus,0,258,298,33778
2020-09-24,Cattaraugus,0,258,404,34182
2020-09-25,Cattaraugus,1,259,392,34574
2020-09-26,Cattaraugus,1,260,300,34874
2020-09-27,Cattaraugus,0,260,120,34994
2020-09-28,Cattaraugus,11,271,295,35289
2020-09-29,Cattaraugus,5,276,141,35430
2020-09-30,Cattaraugus,3,279,298,35728
2020-10-01,Cattaraugus,11,290,233,35961
2020-10-02,Cattaraugus,12,302,657,36618
2020-10-03,Cattaraugus,1,303,419,37037
2020-10-04,Cattaraugus,4,307,188,37225
2020-10-05,Cattaraugus,4,311,321,37546
2020-10-06,Cattaraugus,5,316,238,37784
2020-10-07,Cattaraugus,11,327,413,38197
2020-10-08,Cattaraugus,16,343,330,38527
2020-10-09,Cattaraugus,12,355,396,38923
2020-10-10,Cattaraugus,3,358,265,39188
2020-10-11,Cattaraugus,4,362,331,39519
2020-10-12,Cattaraugus,2,364,263,39782
2020-10-13,Cattaraugus,3,367,300,40082
2020-10-14,Cattaraugus,16,383,427,40509
2020-10-15,Cattaraugus,10,393,456,40965
2020-10-16,Cattaraugus,6,399,445,41410
2020-10-17,Cattaraugus,4,403,284,41694
2020-10-18,Cattaraugus,3,406,390,42084
2020-10-19,Cattaraugus,11,417,333,42417
2020-10-20,Cattaraugus,17,434,410,42827
2020-10-21,Cattaraugus,8,442,473,43300
2020-10-22,Cattaraugus,5,447,709,44009
2020-10-23,Cattaraugus,8,455,417,44426
2020-10-24,Cattaraugus,6,461,491,44917
2020-10-25,Cattaraugus,1,462,328,45245
2020-10-26,Cattaraugus,8,470,229,45474
2020-10-27,Cattaraugus,32,502,340,45814
2020-10-28,Cattaraugus,15,517,491,46305
2020-10-29,Cattaraugus,10,527,470,46775
2020-10-30,Cattaraugus,9,536,385,47160
2020-10-31,Cattaraugus,13,549,464,47624
2020-11-01,Cattaraugus,1,550,181,47805
2020-11-02,Cattaraugus,12,562,445,48250
2020-11-03,Cattaraugus,6,568,422,48672
2020-11-04,Cattaraugus,14,582,595,49267
2020-11-05,Cattaraugus,9,591,509,49776
2020-11-06,Cattaraugus,8,599,389,50165
2020-11-07,Cattaraugus,6,605,429,50594
2020-11-08,Cattaraugus,6,611,277,50871
2020-11-09,Cattaraugus,7,618,399,51270
2020-11-10,Cattaraugus,9,627,572,51842
2020-11-11,Cattaraugus,15,642,518,52360
2020-11-12,Cattaraugus,19,661,467,52827
2020-11-13,Cattaraugus,14,675,391,53218
2020-11-14,Cattaraugus,3,678,240,53458
2020-11-15,Cattaraugus,5,683,307,53765
2020-11-16,Cattaraugus,12,695,313,54078
2020-11-17,Cattaraugus,44,739,440,54518
2020-11-18,Cattaraugus,41,780,695,55213
2020-11-19,Cattaraugus,29,809,408,55621
2020-11-20,Cattaraugus,33,842,440,56061
2020-11-21,Cattaraugus,35,877,481,56542
2020-11-22,Cattaraugus,24,901,423,56965
2020-11-23,Cattaraugus,18,919,303,57268
2020-11-24,Cattaraugus,37,956,577,57845
2020-11-25,Cattaraugus,41,997,746,58591
2020-11-26,Cattaraugus,61,1058,686,59277
2020-11-27,Cattaraugus,17,1075,401,59678
2020-11-28,Cattaraugus,39,1114,581,60259
2020-11-29,Cattaraugus,21,1135,315,60574
2020-11-30,Cattaraugus,29,1164,550,61124
2020-12-01,Cattaraugus,35,1199,592,61716
2020-12-02,Cattaraugus,53,1252,608,62324
2020-12-03,Cattaraugus,39,1291,698,63022
2020-12-04,Cattaraugus,83,1374,839,63861
2020-12-05,Cattaraugus,38,1412,741,64602
2020-12-06,Cattaraugus,27,1439,257,64859
2020-12-07,Cattaraugus,31,1470,429,65288
2020-12-08,Cattaraugus,44,1514,595,65883
2020-12-09,Cattaraugus,80,1594,694,66577
2020-12-10,Cattaraugus,90,1684,854,67431
2020-12-11,Cattaraugus,38,1722,694,68125
2020-12-12,Cattaraugus,40,1762,694,68819
2020-12-13,Cattaraugus,21,1783,321,69140
2020-12-14,Cattaraugus,34,1817,426,69566
2020-12-15,Cattaraugus,51,1868,588,70154
2020-12-16,Cattaraugus,37,1905,704,70858
2020-12-17,Cattaraugus,71,1976,833,71691
2020-12-18,Cattaraugus,35,2011,553,72244
2020-12-19,Cattaraugus,26,2037,591,72835
2020-12-20,Cattaraugus,18,2055,295,73130
2020-12-21,Cattaraugus,53,2108,527,73657
2020-12-22,Cattaraugus,25,2133,480,74137
2020-12-23,Cattaraugus,34,2167,535,74672
2020-12-24,Cattaraugus,61,2228,822,75494
2020-12-25,Cattaraugus,46,2274,541,76035
2020-12-26,Cattaraugus,15,2289,220,76255
2020-12-27,Cattaraugus,48,2337,260,76515
2020-12-28,Cattaraugus,35,2372,300,76815
2020-12-29,Cattaraugus,65,2437,474,77289
2020-12-30,Cattaraugus,61,2498,729,78018
2020-12-31,Cattaraugus,87,2585,846,78864
2021-01-01,Cattaraugus,45,2630,778,79642
2021-01-02,Cattaraugus,37,2667,306,79948
2021-01-03,Cattaraugus,32,2699,283,80231
2021-01-04,Cattaraugus,38,2737,242,80473
2021-01-05,Cattaraugus,58,2795,598,81071
2021-01-06,Cattaraugus,41,2836,503,81574
2021-01-07,Cattaraugus,89,2925,814,82388
2021-01-08,Cattaraugus,58,2983,930,83318
2021-01-09,Cattaraugus,57,3040,516,83834
2021-01-10,Cattaraugus,32,3072,430,84264
2021-01-11,Cattaraugus,39,3111,537,84801
2021-01-12,Cattaraugus,45,3156,618,85419
2021-01-13,Cattaraugus,43,3199,501,85920
2021-01-14,Cattaraugus,54,3253,938,86858
2021-01-15,Cattaraugus,55,3308,819,87677
2021-01-16,Cattaraugus,36,3344,647,88324
2021-01-17,Cattaraugus,29,3373,401,88725
2021-01-18,Cattaraugus,27,3400,328,89053
2021-01-19,Cattaraugus,27,3427,653,89706
2021-01-20,Cattaraugus,35,3462,519,90225
2021-01-21,Cattaraugus,66,3528,668,90893
2021-01-22,Cattaraugus,53,3581,803,91696
2021-01-23,Cattaraugus,26,3607,676,92372
2021-01-24,Cattaraugus,16,3623,316,92688
2021-01-25,Cattaraugus,19,3642,395,93083
2021-01-26,Cattaraugus,35,3677,698,93781
2021-01-27,Cattaraugus,36,3713,1021,94802
2021-01-28,Cattaraugus,27,3740,862,95664
2021-01-29,Cattaraugus,18,3758,713,96377
2021-01-30,Cattaraugus,39,3797,761,97138
2021-01-31,Cattaraugus,12,3809,207,97345
2021-02-01,Cattaraugus,14,3823,365,97710
2021-02-02,Cattaraugus,20,3843,465,98175
2021-02-03,Cattaraugus,38,3881,840,99015
2021-02-04,Cattaraugus,47,3928,782,99797
2021-02-05,Cattaraugus,29,3957,619,100416
2021-02-06,Cattaraugus,28,3985,726,101142
2021-02-07,Cattaraugus,19,4004,276,101418
2021-02-08,Cattaraugus,8,4012,233,101651
2021-02-09,Cattaraugus,34,4046,557,102208
2021-02-10,Cattaraugus,29,4075,1008,103216
2021-02-11,Cattaraugus,31,4106,770,103986
2021-02-12,Cattaraugus,27,4133,550,104536
2021-02-13,Cattaraugus,28,4161,670,105206
2021-02-14,Cattaraugus,8,4169,213,105419
2021-02-15,Cattaraugus,16,4185,298,105717
2021-02-16,Cattaraugus,18,4203,549,106266
2021-02-17,Cattaraugus,25,4228,960,107226
2021-02-18,Cattaraugus,22,4250,630,107856
2021-02-19,Cattaraugus,19,4269,784,108640
2021-02-20,Cattaraugus,12,4281,331,108971
2021-02-21,Cattaraugus,9,4290,214,109185
2021-02-22,Cattaraugus,22,4312,470,109655
2021-02-23,Cattaraugus,12,4324,942,110597
2021-02-24,Cattaraugus,27,4351,719,111316
2021-02-25,Cattaraugus,12,4363,597,111913
2021-02-26,Cattaraugus,24,4387,634,112547
2021-02-27,Cattaraugus,24,4411,595,113142
2021-02-28,Cattaraugus,9,4420,188,113330
2021-03-01,Cattaraugus,13,4433,247,113577
2021-03-02,Cattaraugus,15,4448,1185,114762
2021-03-03,Cattaraugus,10,4458,629,115391
2021-03-04,Cattaraugus,16,4474,698,116089
2021-03-05,Cattaraugus,15,4489,580,116669
2021-03-06,Cattaraugus,10,4499,445,117114
2021-03-07,Cattaraugus,1,4500,213,117327
2021-03-08,Cattaraugus,7,4507,336,117663
2021-03-09,Cattaraugus,11,4518,527,118190
2021-03-10,Cattaraugus,10,4528,808,118998
2021-03-11,Cattaraugus,20,4548,521,119519
2021-03-12,Cattaraugus,4,4552,465,119984
2021-03-13,Cattaraugus,10,4562,281,120265
2021-03-14,Cattaraugus,13,4575,264,120529
2021-03-15,Cattaraugus,14,4589,349,120878
2021-03-16,Cattaraugus,18,4607,618,121496
2021-03-17,Cattaraugus,16,4623,725,122221
2021-03-18,Cattaraugus,3,4626,514,122735
2021-03-19,Cattaraugus,13,4639,474,123209
2021-03-20,Cattaraugus,10,4649,508,123717
2021-03-21,Cattaraugus,5,4654,229,123946
2021-03-22,Cattaraugus,15,4669,263,124209
2021-03-23,Cattaraugus,14,4683,884,125093
2021-03-24,Cattaraugus,16,4699,559,125652
2021-03-25,Cattaraugus,13,4712,533,126185
2021-03-26,Cattaraugus,22,4734,648,126833
2021-03-27,Cattaraugus,12,4746,612,127445
2021-03-28,Cattaraugus,15,4761,348,127793
2021-03-29,Cattaraugus,31,4792,355,128148
2021-03-30,Cattaraugus,21,4813,731,128879
2021-03-31,Cattaraugus,14,4827,988,129867
2021-04-01,Cattaraugus,18,4845,645,130512
2021-04-02,Cattaraugus,16,4861,493,131005
2021-04-03,Cattaraugus,16,4877,606,131611
2021-04-04,Cattaraugus,20,4897,247,131858
2021-04-05,Cattaraugus,6,4903,250,132108
2021-04-06,Cattaraugus,20,4923,463,132571
2021-04-07,Cattaraugus,22,4945,828,133399
2021-04-08,Cattaraugus,21,4966,706,134105
2021-04-09,Cattaraugus,19,4985,537,134642
2021-04-10,Cattaraugus,17,5002,658,135300
2021-04-11,Cattaraugus,13,5015,179,135479
2021-04-12,Cattaraugus,22,5037,267,135746
2021-04-13,Cattaraugus,31,5068,1067,136813
2021-04-14,Cattaraugus,30,5098,564,137377
2021-04-15,Cattaraugus,13,5111,480,137857
2021-04-16,Cattaraugus,37,5148,583,138440
2021-04-17,Cattaraugus,21,5169,535,138975
2021-04-18,Cattaraugus,11,5180,245,139220
2021-04-19,Cattaraugus,14,5194,208,139428
2021-04-20,Cattaraugus,19,5213,726,140154
2021-04-21,Cattaraugus,18,5231,572,140726
2021-04-22,Cattaraugus,13,5244,708,141434
2021-04-23,Cattaraugus,16,5260,546,141980
2021-04-24,Cattaraugus,10,5270,605,142585
2021-04-25,Cattaraugus,11,5281,210,142795
2021-04-26,Cattaraugus,12,5293,209,143004
2021-04-27,Cattaraugus,21,5314,1026,144030
2021-04-28,Cattaraugus,25,5339,609,144639
2021-04-29,Cattaraugus,35,5374,589,145228
2021-04-30,Cattaraugus,25,5399,810,146038
2021-05-01,Cattaraugus,12,5411,419,146457
2021-05-02,Cattaraugus,11,5422,217,146674
2021-05-03,Cattaraugus,11,5433,343,147017
2021-05-04,Cattaraugus,11,5444,583,147600
2021-05-05,Cattaraugus,16,5460,435,148035
2021-05-06,Cattaraugus,5,5465,425,148460
2021-05-07,Cattaraugus,31,5496,703,149163
2021-05-08,Cattaraugus,13,5509,372,149535
2021-05-09,Cattaraugus,7,5516,166,149701
2021-05-10,Cattaraugus,10,5526,228,149929
2021-05-11,Cattaraugus,13,5539,875,150804
2021-05-12,Cattaraugus,20,5559,649,151453
2021-05-13,Cattaraugus,15,5574,503,151956
2021-05-14,Cattaraugus,26,5600,698,152654
2021-05-15,Cattaraugus,12,5612,410,153064
2021-05-16,Cattaraugus,8,5620,166,153230
2021-05-17,Cattaraugus,5,5625,217,153447
2021-05-18,Cattaraugus,18,5643,494,153941
2021-05-19,Cattaraugus,10,5653,416,154357
2021-05-20,Cattaraugus,12,5665,591,154948
2021-05-21,Cattaraugus,3,5668,555,155503
2021-05-22,Cattaraugus,0,5668,292,155795
2021-05-23,Cattaraugus,3,5671,232,156027
2021-05-24,Cattaraugus,1,5672,137,156164
2021-05-25,Cattaraugus,6,5678,570,156734
2021-05-26,Cattaraugus,6,5684,436,157170
2021-05-27,Cattaraugus,2,5686,323,157493
2021-05-28,Cattaraugus,8,5694,436,157929
2021-05-29,Cattaraugus,8,5702,400,158329
2021-05-30,Cattaraugus,0,5702,96,158425
2021-05-31,Cattaraugus,0,5702,147,158572
2021-06-01,Cattaraugus,5,5707,278,158850
2021-06-02,Cattaraugus,2,5709,491,159341
2021-06-03,Cattaraugus,3,5712,412,159753
2021-06-04,Cattaraugus,3,5715,578,160331
2021-06-05,Cattaraugus,1,5716,257,160588
2021-06-06,Cattaraugus,0,5716,126,160714
2021-06-07,Cattaraugus,0,5716,221,160935
2021-06-08,Cattaraugus,1,5717,583,161518
2021-06-09,Cattaraugus,1,5718,316,161834
2021-06-10,Cattaraugus,0,5718,307,162141
2021-06-11,Cattaraugus,1,5719,384,162525
2021-06-12,Cattaraugus,1,5720,224,162749
2021-06-13,Cattaraugus,0,5720,102,162851
2021-06-14,Cattaraugus,0,5720,126,162977
2021-06-15,Cattaraugus,0,5720,252,163229
2021-06-16,Cattaraugus,2,5722,191,163420
2021-06-17,Cattaraugus,1,5723,190,163610
2021-06-18,Cattaraugus,0,5723,198,163808
2021-06-19,Cattaraugus,0,5723,152,163960
2021-06-20,Cattaraugus,0,5723,56,164016
2021-06-21,Cattaraugus,0,5723,128,164144
2021-06-22,Cattaraugus,0,5723,201,164345
2021-06-23,Cattaraugus,0,5723,169,164514
2021-06-24,Cattaraugus,0,5723,135,164649
2021-06-25,Cattaraugus,0,5723,200,164849
2021-06-26,Cattaraugus,0,5723,229,165078
2021-06-27,Cattaraugus,0,5723,83,165161
2021-06-28,Cattaraugus,0,5723,98,165259
2021-06-29,Cattaraugus,1,5724,209,165468
2021-06-30,Cattaraugus,1,5725,144,165612
2021-07-01,Cattaraugus,2,5727,160,165772
2021-07-02,Cattaraugus,1,5728,195,165967
2021-07-03,Cattaraugus,0,5728,149,166116
2021-07-04,Cattaraugus,0,5728,66,166182
2021-07-05,Cattaraugus,0,5728,79,166261
2021-07-06,Cattaraugus,1,5729,180,166441
2021-07-07,Cattaraugus,0,5729,115,166556
2021-07-08,Cattaraugus,1,5730,168,166724
2021-07-09,Cattaraugus,0,5730,177,166901
2021-07-10,Cattaraugus,0,5730,120,167021
2021-07-11,Cattaraugus,0,5730,58,167079
2021-07-12,Cattaraugus,0,5730,148,167227
2021-07-13,Cattaraugus,3,5733,109,167336
2021-07-14,Cattaraugus,2,5735,86,167422
2021-07-15,Cattaraugus,1,5736,217,167639
2021-07-16,Cattaraugus,2,5738,207,167846
2021-07-17,Cattaraugus,11,5749,164,168010
2021-07-18,Cattaraugus,0,5749,50,168060
2020-03-01,Cayuga,0,0,0,0
2020-03-02,Cayuga,0,0,0,0
2020-03-03,Cayuga,0,0,0,0
2020-03-04,Cayuga,0,0,0,0
2020-03-05,Cayuga,0,0,0,0
2020-03-06,Cayuga,0,0,0,0
2020-03-07,Cayuga,0,0,0,0
2020-03-08,Cayuga,0,0,0,0
2020-03-09,Cayuga,0,0,0,0
2020-03-10,Cayuga,0,0,0,0
2020-03-11,Cayuga,0,0,0,0
2020-03-12,Cayuga,0,0,0,0
2020-03-13,Cayuga,0,0,0,0
2020-03-14,Cayuga,0,0,3,3
2020-03-15,Cayuga,0,0,1,4
2020-03-16,Cayuga,0,0,2,6
2020-03-17,Cayuga,0,0,2,8
2020-03-18,Cayuga,0,0,2,10
2020-03-19,Cayuga,0,0,3,13
2020-03-20,Cayuga,0,0,8,21
2020-03-21,Cayuga,0,0,25,46
2020-03-22,Cayuga,2,2,33,79
2020-03-23,Cayuga,0,2,10,89
2020-03-24,Cayuga,0,2,5,94
2020-03-25,Cayuga,0,2,13,107
2020-03-26,Cayuga,0,2,25,132
2020-03-27,Cayuga,0,2,26,158
2020-03-28,Cayuga,0,2,32,190
2020-03-29,Cayuga,1,3,37,227
2020-03-30,Cayuga,0,3,10,237
2020-03-31,Cayuga,0,3,9,246
2020-04-01,Cayuga,1,4,25,271
2020-04-02,Cayuga,2,6,36,307
2020-04-03,Cayuga,1,7,15,322
2020-04-04,Cayuga,1,8,32,354
2020-04-05,Cayuga,3,11,31,385
2020-04-06,Cayuga,3,14,33,418
2020-04-07,Cayuga,0,14,11,429
2020-04-08,Cayuga,2,16,37,466
2020-04-09,Cayuga,11,27,31,497
2020-04-10,Cayuga,1,28,5,502
2020-04-11,Cayuga,1,29,8,510
2020-04-12,Cayuga,1,30,5,515
2020-04-13,Cayuga,3,33,52,567
2020-04-14,Cayuga,3,36,10,577
2020-04-15,Cayuga,0,36,10,587
2020-04-16,Cayuga,0,36,1,588
2020-04-17,Cayuga,0,36,9,597
2020-04-18,Cayuga,0,36,9,606
2020-04-19,Cayuga,0,36,12,618
2020-04-20,Cayuga,0,36,1,619
2020-04-21,Cayuga,0,36,3,622
2020-04-22,Cayuga,1,37,12,634
2020-04-23,Cayuga,2,39,14,648
2020-04-24,Cayuga,8,47,191,839
2020-04-25,Cayuga,0,47,19,858
2020-04-26,Cayuga,1,48,20,878
2020-04-27,Cayuga,0,48,20,898
2020-04-28,Cayuga,0,48,34,932
2020-04-29,Cayuga,0,48,25,957
2020-04-30,Cayuga,3,51,28,985
2020-05-01,Cayuga,0,51,17,1002
2020-05-02,Cayuga,0,51,14,1016
2020-05-03,Cayuga,0,51,10,1026
2020-05-04,Cayuga,0,51,22,1048
2020-05-05,Cayuga,0,51,19,1067
2020-05-06,Cayuga,1,52,25,1092
2020-05-07,Cayuga,0,52,20,1112
2020-05-08,Cayuga,1,53,61,1173
2020-05-09,Cayuga,5,58,23,1196
2020-05-10,Cayuga,2,60,48,1244
2020-05-11,Cayuga,0,60,23,1267
2020-05-12,Cayuga,0,60,45,1312
2020-05-13,Cayuga,0,60,104,1416
2020-05-14,Cayuga,1,61,261,1677
2020-05-15,Cayuga,2,63,111,1788
2020-05-16,Cayuga,0,63,79,1867
2020-05-17,Cayuga,2,65,189,2056
2020-05-18,Cayuga,3,68,68,2124
2020-05-19,Cayuga,0,68,106,2230
2020-05-20,Cayuga,4,72,105,2335
2020-05-21,Cayuga,1,73,245,2580
2020-05-22,Cayuga,3,76,356,2936
2020-05-23,Cayuga,1,77,143,3079
2020-05-24,Cayuga,0,77,176,3255
2020-05-25,Cayuga,1,78,76,3331
2020-05-26,Cayuga,2,80,117,3448
2020-05-27,Cayuga,4,84,101,3549
2020-05-28,Cayuga,5,89,383,3932
2020-05-29,Cayuga,1,90,374,4306
2020-05-30,Cayuga,1,91,249,4555
2020-05-31,Cayuga,1,92,289,4844
2020-06-01,Cayuga,1,93,250,5094
2020-06-02,Cayuga,3,96,288,5382
2020-06-03,Cayuga,0,96,375,5757
2020-06-04,Cayuga,2,98,375,6132
2020-06-05,Cayuga,2,100,299,6431
2020-06-06,Cayuga,1,101,233,6664
2020-06-07,Cayuga,0,101,465,7129
2020-06-08,Cayuga,1,102,231,7360
2020-06-09,Cayuga,0,102,231,7591
2020-06-10,Cayuga,0,102,152,7743
2020-06-11,Cayuga,1,103,337,8080
2020-06-12,Cayuga,0,103,170,8250
2020-06-13,Cayuga,3,106,432,8682
2020-06-14,Cayuga,0,106,106,8788
2020-06-15,Cayuga,0,106,169,8957
2020-06-16,Cayuga,0,106,142,9099
2020-06-17,Cayuga,0,106,98,9197
2020-06-18,Cayuga,1,107,476,9673
2020-06-19,Cayuga,1,108,225,9898
2020-06-20,Cayuga,0,108,420,10318
2020-06-21,Cayuga,0,108,101,10419
2020-06-22,Cayuga,0,108,193,10612
2020-06-23,Cayuga,1,109,144,10756
2020-06-24,Cayuga,0,109,116,10872
2020-06-25,Cayuga,0,109,200,11072
2020-06-26,Cayuga,2,111,285,11357
2020-06-27,Cayuga,2,113,338,11695
2020-06-28,Cayuga,1,114,277,11972
2020-06-29,Cayuga,1,115,184,12156
2020-06-30,Cayuga,4,119,121,12277
2020-07-01,Cayuga,0,119,126,12403
2020-07-02,Cayuga,1,120,194,12597
2020-07-03,Cayuga,0,120,308,12905
2020-07-04,Cayuga,0,120,97,13002
2020-07-05,Cayuga,2,122,75,13077
2020-07-06,Cayuga,0,122,188,13265
2020-07-07,Cayuga,0,122,262,13527
2020-07-08,Cayuga,2,124,240,13767
2020-07-09,Cayuga,0,124,291,14058
2020-07-10,Cayuga,2,126,236,14294
2020-07-11,Cayuga,0,126,308,14602
2020-07-12,Cayuga,0,126,154,14756
2020-07-13,Cayuga,1,127,362,15118
2020-07-14,Cayuga,1,128,190,15308
2020-07-15,Cayuga,0,128,221,15529
2020-07-16,Cayuga,1,129,574,16103
2020-07-17,Cayuga,0,129,253,16356
2020-07-18,Cayuga,0,129,92,16448
2020-07-19,Cayuga,2,131,172,16620
2020-07-20,Cayuga,0,131,325,16945
2020-07-21,Cayuga,3,134,346,17291
2020-07-22,Cayuga,1,135,376,17667
2020-07-23,Cayuga,2,137,423,18090
2020-07-24,Cayuga,2,139,260,18350
2020-07-25,Cayuga,0,139,438,18788
2020-07-26,Cayuga,1,140,238,19026
2020-07-27,Cayuga,0,140,168,19194
2020-07-28,Cayuga,1,141,236,19430
2020-07-29,Cayuga,0,141,205,19635
2020-07-30,Cayuga,2,143,152,19787
2020-07-31,Cayuga,1,144,236,20023
2020-08-01,Cayuga,4,148,115,20138
2020-08-02,Cayuga,0,148,85,20223
2020-08-03,Cayuga,2,150,541,20764
2020-08-04,Cayuga,0,150,257,21021
2020-08-05,Cayuga,1,151,262,21283
2020-08-06,Cayuga,0,151,233,21516
2020-08-07,Cayuga,0,151,155,21671
2020-08-08,Cayuga,1,152,109,21780
2020-08-09,Cayuga,0,152,60,21840
2020-08-10,Cayuga,5,157,628,22468
2020-08-11,Cayuga,4,161,304,22772
2020-08-12,Cayuga,1,162,193,22965
2020-08-13,Cayuga,1,163,175,23140
2020-08-14,Cayuga,0,163,224,23364
2020-08-15,Cayuga,1,164,131,23495
2020-08-16,Cayuga,0,164,374,23869
2020-08-17,Cayuga,0,164,221,24090
2020-08-18,Cayuga,0,164,224,24314
2020-08-19,Cayuga,0,164,291,24605
2020-08-20,Cayuga,0,164,427,25032
2020-08-21,Cayuga,2,166,280,25312
2020-08-22,Cayuga,1,167,168,25480
2020-08-23,Cayuga,0,167,67,25547
2020-08-24,Cayuga,7,174,532,26079
2020-08-25,Cayuga,1,175,212,26291
2020-08-26,Cayuga,1,176,229,26520
2020-08-27,Cayuga,1,177,233,26753
2020-08-28,Cayuga,0,177,675,27428
2020-08-29,Cayuga,0,177,374,27802
2020-08-30,Cayuga,1,178,74,27876
2020-08-31,Cayuga,2,180,245,28121
2020-09-01,Cayuga,0,180,204,28325
2020-09-02,Cayuga,1,181,351,28676
2020-09-03,Cayuga,0,181,253,28929
2020-09-04,Cayuga,1,182,539,29468
2020-09-05,Cayuga,1,183,179,29647
2020-09-06,Cayuga,0,183,89,29736
2020-09-07,Cayuga,1,184,155,29891
2020-09-08,Cayuga,1,185,114,30005
2020-09-09,Cayuga,0,185,178,30183
2020-09-10,Cayuga,0,185,511,30694
2020-09-11,Cayuga,2,187,637,31331
2020-09-12,Cayuga,3,190,263,31594
2020-09-13,Cayuga,0,190,86,31680
2020-09-14,Cayuga,1,191,286,31966
2020-09-15,Cayuga,2,193,172,32138
2020-09-16,Cayuga,1,194,391,32529
2020-09-17,Cayuga,1,195,356,32885
2020-09-18,Cayuga,1,196,806,33691
2020-09-19,Cayuga,3,199,344,34035
2020-09-20,Cayuga,0,199,119,34154
2020-09-21,Cayuga,3,202,304,34458
2020-09-22,Cayuga,2,204,257,34715
2020-09-23,Cayuga,1,205,355,35070
2020-09-24,Cayuga,3,208,600,35670
2020-09-25,Cayuga,3,211,676,36346
2020-09-26,Cayuga,4,215,378,36724
2020-09-27,Cayuga,3,218,376,37100
2020-09-28,Cayuga,1,219,207,37307
2020-09-29,Cayuga,1,220,422,37729
2020-09-30,Cayuga,1,221,418,38147
2020-10-01,Cayuga,3,224,529,38676
2020-10-02,Cayuga,4,228,526,39202
2020-10-03,Cayuga,3,231,337,39539
2020-10-04,Cayuga,0,231,418,39957
2020-10-05,Cayuga,1,232,412,40369
2020-10-06,Cayuga,2,234,356,40725
2020-10-07,Cayuga,3,237,344,41069
2020-10-08,Cayuga,3,240,595,41664
2020-10-09,Cayuga,1,241,920,42584
2020-10-10,Cayuga,3,244,275,42859
2020-10-11,Cayuga,2,246,437,43296
2020-10-12,Cayuga,5,251,303,43599
2020-10-13,Cayuga,8,259,532,44131
2020-10-14,Cayuga,10,269,448,44579
2020-10-15,Cayuga,6,275,480,45059
2020-10-16,Cayuga,9,284,798,45857
2020-10-17,Cayuga,5,289,336,46193
2020-10-18,Cayuga,5,294,386,46579
2020-10-19,Cayuga,8,302,394,46973
2020-10-20,Cayuga,30,332,567,47540
2020-10-21,Cayuga,10,342,608,48148
2020-10-22,Cayuga,9,351,442,48590
2020-10-23,Cayuga,1,352,770,49360
2020-10-24,Cayuga,12,364,668,50028
2020-10-25,Cayuga,9,373,480,50508
2020-10-26,Cayuga,16,389,498,51006
2020-10-27,Cayuga,8,397,376,51382
2020-10-28,Cayuga,8,405,371,51753
2020-10-29,Cayuga,24,429,567,52320
2020-10-30,Cayuga,9,438,866,53186
2020-10-31,Cayuga,15,453,386,53572
2020-11-01,Cayuga,3,456,348,53920
2020-11-02,Cayuga,9,465,460,54380
2020-11-03,Cayuga,9,474,475,54855
2020-11-04,Cayuga,12,486,557,55412
2020-11-05,Cayuga,10,496,590,56002
2020-11-06,Cayuga,22,518,706,56708
2020-11-07,Cayuga,15,533,348,57056
2020-11-08,Cayuga,16,549,496,57552
2020-11-09,Cayuga,17,566,470,58022
2020-11-10,Cayuga,7,573,509,58531
2020-11-11,Cayuga,21,594,522,59053
2020-11-12,Cayuga,15,609,731,59784
2020-11-13,Cayuga,18,627,987,60771
2020-11-14,Cayuga,5,632,293,61064
2020-11-15,Cayuga,7,639,272,61336
2020-11-16,Cayuga,15,654,745,62081
2020-11-17,Cayuga,10,664,807,62888
2020-11-18,Cayuga,12,676,564,63452
2020-11-19,Cayuga,5,681,222,63674
2020-11-20,Cayuga,17,698,864,64538
2020-11-21,Cayuga,6,704,239,64777
2020-11-22,Cayuga,31,735,1032,65809
2020-11-23,Cayuga,27,762,850,66659
2020-11-24,Cayuga,21,783,415,67074
2020-11-25,Cayuga,11,794,515,67589
2020-11-26,Cayuga,28,822,771,68360
2020-11-27,Cayuga,24,846,279,68639
2020-11-28,Cayuga,23,869,444,69083
2020-11-29,Cayuga,21,890,499,69582
2020-11-30,Cayuga,27,917,343,69925
2020-12-01,Cayuga,13,930,573,70498
2020-12-02,Cayuga,53,983,588,71086
2020-12-03,Cayuga,34,1017,901,71987
2020-12-04,Cayuga,51,1068,570,72557
2020-12-05,Cayuga,51,1119,1031,73588
2020-12-06,Cayuga,77,1196,750,74338
2020-12-07,Cayuga,46,1242,494,74832
2020-12-08,Cayuga,40,1282,843,75675
2020-12-09,Cayuga,42,1324,873,76548
2020-12-10,Cayuga,97,1421,1226,77774
2020-12-11,Cayuga,67,1488,1060,78834
2020-12-12,Cayuga,56,1544,574,79408
2020-12-13,Cayuga,37,1581,836,80244
2020-12-14,Cayuga,48,1629,563,80807
2020-12-15,Cayuga,68,1697,634,81441
2020-12-16,Cayuga,101,1798,1071,82512
2020-12-17,Cayuga,86,1884,1476,83988
2020-12-18,Cayuga,69,1953,1010,84998
2020-12-19,Cayuga,67,2020,784,85782
2020-12-20,Cayuga,98,2118,852,86634
2020-12-21,Cayuga,46,2164,470,87104
2020-12-22,Cayuga,71,2235,772,87876
2020-12-23,Cayuga,62,2297,1259,89135
2020-12-24,Cayuga,86,2383,1155,90290
2020-12-25,Cayuga,53,2436,715,91005
2020-12-26,Cayuga,35,2471,271,91276
2020-12-27,Cayuga,104,2575,829,92105
2020-12-28,Cayuga,80,2655,537,92642
2020-12-29,Cayuga,87,2742,703,93345
2020-12-30,Cayuga,152,2894,1302,94647
2020-12-31,Cayuga,103,2997,664,95311
2021-01-01,Cayuga,75,3072,576,95887
2021-01-02,Cayuga,94,3166,955,96842
2021-01-03,Cayuga,128,3294,626,97468
2021-01-04,Cayuga,87,3381,814,98282
2021-01-05,Cayuga,111,3492,1086,99368
2021-01-06,Cayuga,97,3589,1064,100432
2021-01-07,Cayuga,118,3707,1069,101501
2021-01-08,Cayuga,76,3783,1059,102560
2021-01-09,Cayuga,65,3848,735,103295
2021-01-10,Cayuga,54,3902,634,103929
2021-01-11,Cayuga,62,3964,644,104573
2021-01-12,Cayuga,68,4032,939,105512
2021-01-13,Cayuga,71,4103,802,106314
2021-01-14,Cayuga,94,4197,1171,107485
2021-01-15,Cayuga,70,4267,964,108449
2021-01-16,Cayuga,43,4310,979,109428
2021-01-17,Cayuga,62,4372,603,110031
2021-01-18,Cayuga,60,4432,805,110836
2021-01-19,Cayuga,42,4474,1088,111924
2021-01-20,Cayuga,84,4558,923,112847
2021-01-21,Cayuga,50,4608,713,113560
2021-01-22,Cayuga,47,4655,1160,114720
2021-01-23,Cayuga,34,4689,660,115380
2021-01-24,Cayuga,21,4710,377,115757
2021-01-25,Cayuga,39,4749,588,116345
2021-01-26,Cayuga,30,4779,716,117061
2021-01-27,Cayuga,38,4817,695,117756
2021-01-28,Cayuga,24,4841,580,118336
2021-01-29,Cayuga,29,4870,1136,119472
2021-01-30,Cayuga,33,4903,606,120078
2021-01-31,Cayuga,19,4922,361,120439
2021-02-01,Cayuga,13,4935,632,121071
2021-02-02,Cayuga,23,4958,587,121658
2021-02-03,Cayuga,15,4973,545,122203
2021-02-04,Cayuga,27,5000,624,122827
2021-02-05,Cayuga,19,5019,728,123555
2021-02-06,Cayuga,13,5032,565,124120
2021-02-07,Cayuga,13,5045,491,124611
2021-02-08,Cayuga,7,5052,462,125073
2021-02-09,Cayuga,22,5074,906,125979
2021-02-10,Cayuga,20,5094,719,126698
2021-02-11,Cayuga,29,5123,599,127297
2021-02-12,Cayuga,21,5144,852,128149
2021-02-13,Cayuga,22,5166,449,128598
2021-02-14,Cayuga,10,5176,252,128850
2021-02-15,Cayuga,6,5182,147,128997
2021-02-16,Cayuga,7,5189,329,129326
2021-02-17,Cayuga,18,5207,732,130058
2021-02-18,Cayuga,21,5228,697,130755
2021-02-19,Cayuga,14,5242,699,131454
2021-02-20,Cayuga,47,5289,1070,132524
2021-02-21,Cayuga,7,5296,397,132921
2021-02-22,Cayuga,7,5303,277,133198
2021-02-23,Cayuga,9,5312,624,133822
2021-02-24,Cayuga,21,5333,963,134785
2021-02-25,Cayuga,12,5345,697,135482
2021-02-26,Cayuga,8,5353,1011,136493
2021-02-27,Cayuga,14,5367,605,137098
2021-02-28,Cayuga,12,5379,507,137605
2021-03-01,Cayuga,7,5386,212,137817
2021-03-02,Cayuga,12,5398,797,138614
2021-03-03,Cayuga,8,5406,718,139332
2021-03-04,Cayuga,15,5421,977,140309
2021-03-05,Cayuga,7,5428,936,141245
2021-03-06,Cayuga,10,5438,948,142193
2021-03-07,Cayuga,3,5441,242,142435
2021-03-08,Cayuga,3,5444,287,142722
2021-03-09,Cayuga,5,5449,514,143236
2021-03-10,Cayuga,6,5455,802,144038
2021-03-11,Cayuga,8,5463,813,144851
2021-03-12,Cayuga,8,5471,794,145645
2021-03-13,Cayuga,5,5476,570,146215
2021-03-14,Cayuga,10,5486,424,146639
2021-03-15,Cayuga,7,5493,515,147154
2021-03-16,Cayuga,4,5497,963,148117
2021-03-17,Cayuga,7,5504,511,148628
2021-03-18,Cayuga,8,5512,1203,149831
2021-03-19,Cayuga,7,5519,919,150750
2021-03-20,Cayuga,9,5528,572,151322
2021-03-21,Cayuga,5,5533,512,151834
2021-03-22,Cayuga,5,5538,458,152292
2021-03-23,Cayuga,7,5545,581,152873
2021-03-24,Cayuga,12,5557,936,153809
2021-03-25,Cayuga,11,5568,944,154753
2021-03-26,Cayuga,9,5577,869,155622
2021-03-27,Cayuga,15,5592,755,156377
2021-03-28,Cayuga,7,5599,550,156927
2021-03-29,Cayuga,11,5610,388,157315
2021-03-30,Cayuga,5,5615,718,158033
2021-03-31,Cayuga,8,5623,665,158698
2021-04-01,Cayuga,12,5635,727,159425
2021-04-02,Cayuga,12,5647,768,160193
2021-04-03,Cayuga,2,5649,707,160900
2021-04-04,Cayuga,30,5679,284,161184
2021-04-05,Cayuga,2,5681,561,161745
2021-04-06,Cayuga,17,5698,713,162458
2021-04-07,Cayuga,20,5718,526,162984
2021-04-08,Cayuga,27,5745,1241,164225
2021-04-09,Cayuga,10,5755,722,164947
2021-04-10,Cayuga,14,5769,552,165499
2021-04-11,Cayuga,9,5778,189,165688
2021-04-12,Cayuga,16,5794,562,166250
2021-04-13,Cayuga,16,5810,650,166900
2021-04-14,Cayuga,15,5825,1329,168229
2021-04-15,Cayuga,15,5840,665,168894
2021-04-16,Cayuga,23,5863,661,169555
2021-04-17,Cayuga,8,5871,832,170387
2021-04-18,Cayuga,22,5893,319,170706
2021-04-19,Cayuga,8,5901,571,171277
2021-04-20,Cayuga,14,5915,649,171926
2021-04-21,Cayuga,19,5934,996,172922
2021-04-22,Cayuga,16,5950,724,173646
2021-04-23,Cayuga,7,5957,585,174231
2021-04-24,Cayuga,5,5962,718,174949
2021-04-25,Cayuga,13,5975,325,175274
2021-04-26,Cayuga,6,5981,323,175597
2021-04-27,Cayuga,20,6001,633,176230
2021-04-28,Cayuga,13,6014,845,177075
2021-04-29,Cayuga,20,6034,716,177791
2021-04-30,Cayuga,15,6049,911,178702
2021-05-01,Cayuga,13,6062,490,179192
2021-05-02,Cayuga,10,6072,260,179452
2021-05-03,Cayuga,13,6085,429,179881
2021-05-04,Cayuga,8,6093,777,180658
2021-05-05,Cayuga,5,6098,918,181576
2021-05-06,Cayuga,14,6112,1021,182597
2021-05-07,Cayuga,15,6127,759,183356
2021-05-08,Cayuga,11,6138,515,183871
2021-05-09,Cayuga,7,6145,218,184089
2021-05-10,Cayuga,10,6155,382,184471
2021-05-11,Cayuga,5,6160,575,185046
2021-05-12,Cayuga,17,6177,1250,186296
2021-05-13,Cayuga,20,6197,857,187153
2021-05-14,Cayuga,17,6214,638,187791
2021-05-15,Cayuga,7,6221,409,188200
2021-05-16,Cayuga,10,6231,240,188440
2021-05-17,Cayuga,4,6235,319,188759
2021-05-18,Cayuga,11,6246,675,189434
2021-05-19,Cayuga,9,6255,753,190187
2021-05-20,Cayuga,10,6265,478,190665
2021-05-21,Cayuga,3,6268,477,191142
2021-05-22,Cayuga,7,6275,578,191720
2021-05-23,Cayuga,6,6281,196,191916
2021-05-24,Cayuga,1,6282,267,192183
2021-05-25,Cayuga,7,6289,529,192712
2021-05-26,Cayuga,4,6293,522,193234
2021-05-27,Cayuga,6,6299,549,193783
2021-05-28,Cayuga,8,6307,651,194434
2021-05-29,Cayuga,4,6311,334,194768
2021-05-30,Cayuga,2,6313,111,194879
2021-05-31,Cayuga,0,6313,48,194927
2021-06-01,Cayuga,3,6316,250,195177
2021-06-02,Cayuga,3,6319,401,195578
2021-06-03,Cayuga,3,6322,698,196276
2021-06-04,Cayuga,4,6326,704,196980
2021-06-05,Cayuga,2,6328,274,197254
2021-06-06,Cayuga,1,6329,101,197355
2021-06-07,Cayuga,2,6331,202,197557
2021-06-08,Cayuga,1,6332,306,197863
2021-06-09,Cayuga,1,6333,664,198527
2021-06-10,Cayuga,3,6336,330,198857
2021-06-11,Cayuga,0,6336,489,199346
2021-06-12,Cayuga,1,6337,277,199623
2021-06-13,Cayuga,0,6337,96,199719
2021-06-14,Cayuga,0,6337,182,199901
2021-06-15,Cayuga,0,6337,337,200238
2021-06-16,Cayuga,1,6338,377,200615
2021-06-17,Cayuga,0,6338,339,200954
2021-06-18,Cayuga,0,6338,486,201440
2021-06-19,Cayuga,0,6338,209,201649
2021-06-20,Cayuga,0,6338,97,201746
2021-06-21,Cayuga,0,6338,141,201887
2021-06-22,Cayuga,0,6338,203,202090
2021-06-23,Cayuga,1,6339,297,202387
2021-06-24,Cayuga,1,6340,214,202601
2021-06-25,Cayuga,2,6342,302,202903
2021-06-26,Cayuga,2,6344,260,203163
2021-06-27,Cayuga,1,6345,81,203244
2021-06-28,Cayuga,2,6347,97,203341
2021-06-29,Cayuga,3,6350,195,203536
2021-06-30,Cayuga,1,6351,264,203800
2021-07-01,Cayuga,2,6353,355,204155
2021-07-02,Cayuga,1,6354,298,204453
2021-07-03,Cayuga,0,6354,231,204684
2021-07-04,Cayuga,3,6357,99,204783
2021-07-05,Cayuga,0,6357,75,204858
2021-07-06,Cayuga,1,6358,100,204958
2021-07-07,Cayuga,1,6359,265,205223
2021-07-08,Cayuga,1,6360,174,205397
2021-07-09,Cayuga,2,6362,295,205692
2021-07-10,Cayuga,0,6362,189,205881
2021-07-11,Cayuga,0,6362,124,206005
2021-07-12,Cayuga,1,6363,66,206071
2021-07-13,Cayuga,1,6364,264,206335
2021-07-14,Cayuga,2,6366,178,206513
2021-07-15,Cayuga,2,6368,233,206746
2021-07-16,Cayuga,1,6369,157,206903
2021-07-17,Cayuga,4,6373,270,207173
2021-07-18,Cayuga,0,6373,52,207225
2020-03-01,Chautauqua,0,0,0,0
2020-03-02,Chautauqua,0,0,0,0
2020-03-03,Chautauqua,0,0,0,0
2020-03-04,Chautauqua,0,0,0,0
2020-03-05,Chautauqua,0,0,0,0
2020-03-06,Chautauqua,0,0,0,0
2020-03-07,Chautauqua,0,0,0,0
2020-03-08,Chautauqua,0,0,0,0
2020-03-09,Chautauqua,0,0,0,0
2020-03-10,Chautauqua,0,0,0,0
2020-03-11,Chautauqua,0,0,0,0
2020-03-12,Chautauqua,0,0,1,1
2020-03-13,Chautauqua,0,0,1,2
2020-03-14,Chautauqua,0,0,0,2
2020-03-15,Chautauqua,0,0,1,3
2020-03-16,Chautauqua,0,0,0,3
2020-03-17,Chautauqua,0,0,0,3
2020-03-18,Chautauqua,0,0,3,6
2020-03-19,Chautauqua,0,0,1,7
2020-03-20,Chautauqua,0,0,2,9
2020-03-21,Chautauqua,0,0,4,13
2020-03-22,Chautauqua,0,0,12,25
2020-03-23,Chautauqua,0,0,4,29
2020-03-24,Chautauqua,1,1,3,32
2020-03-25,Chautauqua,0,1,4,36
2020-03-26,Chautauqua,0,1,20,56
2020-03-27,Chautauqua,4,5,19,75
2020-03-28,Chautauqua,0,5,20,95
2020-03-29,Chautauqua,0,5,3,98
2020-03-30,Chautauqua,1,6,9,107
2020-03-31,Chautauqua,0,6,9,116
2020-04-01,Chautauqua,2,8,8,124
2020-04-02,Chautauqua,1,9,15,139
2020-04-03,Chautauqua,1,10,20,159
2020-04-04,Chautauqua,1,11,28,187
2020-04-05,Chautauqua,4,15,50,237
2020-04-06,Chautauqua,1,16,37,274
2020-04-07,Chautauqua,1,17,6,280
2020-04-08,Chautauqua,1,18,32,312
2020-04-09,Chautauqua,2,20,54,366
2020-04-10,Chautauqua,1,21,67,433
2020-04-11,Chautauqua,1,22,39,472
2020-04-12,Chautauqua,1,23,25,497
2020-04-13,Chautauqua,0,23,8,505
2020-04-14,Chautauqua,1,24,19,524
2020-04-15,Chautauqua,0,24,29,553
2020-04-16,Chautauqua,1,25,32,585
2020-04-17,Chautauqua,0,25,22,607
2020-04-18,Chautauqua,0,25,20,627
2020-04-19,Chautauqua,0,25,9,636
2020-04-20,Chautauqua,0,25,3,639
2020-04-21,Chautauqua,1,26,26,665
2020-04-22,Chautauqua,0,26,38,703
2020-04-23,Chautauqua,1,27,74,777
2020-04-24,Chautauqua,0,27,97,874
2020-04-25,Chautauqua,2,29,56,930
2020-04-26,Chautauqua,1,30,101,1031
2020-04-27,Chautauqua,0,30,26,1057
2020-04-28,Chautauqua,1,31,64,1121
2020-04-29,Chautauqua,2,33,39,1160
2020-04-30,Chautauqua,2,35,47,1207
2020-05-01,Chautauqua,0,35,53,1260
2020-05-02,Chautauqua,1,36,18,1278
2020-05-03,Chautauqua,1,37,9,1287
2020-05-04,Chautauqua,0,37,54,1341
2020-05-05,Chautauqua,1,38,88,1429
2020-05-06,Chautauqua,2,40,80,1509
2020-05-07,Chautauqua,0,40,51,1560
2020-05-08,Chautauqua,0,40,97,1657
2020-05-09,Chautauqua,1,41,58,1715
2020-05-10,Chautauqua,0,41,27,1742
2020-05-11,Chautauqua,1,42,49,1791
2020-05-12,Chautauqua,1,43,125,1916
2020-05-13,Chautauqua,1,44,125,2041
2020-05-14,Chautauqua,1,45,139,2180
2020-05-15,Chautauqua,3,48,60,2240
2020-05-16,Chautauqua,0,48,91,2331
2020-05-17,Chautauqua,1,49,63,2394
2020-05-18,Chautauqua,0,49,98,2492
2020-05-19,Chautauqua,1,50,90,2582
2020-05-20,Chautauqua,8,58,273,2855
2020-05-21,Chautauqua,5,63,190,3045
2020-05-22,Chautauqua,9,72,217,3262
2020-05-23,Chautauqua,3,75,134,3396
2020-05-24,Chautauqua,0,75,38,3434
2020-05-25,Chautauqua,2,77,94,3528
2020-05-26,Chautauqua,1,78,145,3673
2020-05-27,Chautauqua,3,81,129,3802
2020-05-28,Chautauqua,1,82,637,4439
2020-05-29,Chautauqua,1,83,272,4711
2020-05-30,Chautauqua,1,84,637,5348
2020-05-31,Chautauqua,1,85,253,5601
2020-06-01,Chautauqua,1,86,184,5785
2020-06-02,Chautauqua,3,89,277,6062
2020-06-03,Chautauqua,6,95,604,6666
2020-06-04,Chautauqua,2,97,522,7188
2020-06-05,Chautauqua,2,99,364,7552
2020-06-06,Chautauqua,2,101,1131,8683
2020-06-07,Chautauqua,0,101,343,9026
2020-06-08,Chautauqua,2,103,250,9276
2020-06-09,Chautauqua,2,105,308,9584
2020-06-10,Chautauqua,1,106,778,10362
2020-06-11,Chautauqua,0,106,487,10849
2020-06-12,Chautauqua,0,106,370,11219
2020-06-13,Chautauqua,1,107,723,11942
2020-06-14,Chautauqua,0,107,261,12203
2020-06-15,Chautauqua,1,108,607,12810
2020-06-16,Chautauqua,0,108,439,13249
2020-06-17,Chautauqua,2,110,511,13760
2020-06-18,Chautauqua,2,112,407,14167
2020-06-19,Chautauqua,3,115,281,14448
2020-06-20,Chautauqua,1,116,511,14959
2020-06-21,Chautauqua,0,116,318,15277
2020-06-22,Chautauqua,0,116,393,15670
2020-06-23,Chautauqua,2,118,316,15986
2020-06-24,Chautauqua,3,121,332,16318
2020-06-25,Chautauqua,1,122,586,16904
2020-06-26,Chautauqua,1,123,207,17111
2020-06-27,Chautauqua,0,123,284,17395
2020-06-28,Chautauqua,0,123,372,17767
2020-06-29,Chautauqua,4,127,568,18335
2020-06-30,Chautauqua,0,127,492,18827
2020-07-01,Chautauqua,0,127,292,19119
2020-07-02,Chautauqua,2,129,227,19346
2020-07-03,Chautauqua,2,131,107,19453
2020-07-04,Chautauqua,1,132,287,19740
2020-07-05,Chautauqua,2,134,582,20322
2020-07-06,Chautauqua,1,135,428,20750
2020-07-07,Chautauqua,14,149,318,21068
2020-07-08,Chautauqua,3,152,193,21261
2020-07-09,Chautauqua,3,155,606,21867
2020-07-10,Chautauqua,15,170,352,22219
2020-07-11,Chautauqua,0,170,267,22486
2020-07-12,Chautauqua,1,171,192,22678
2020-07-13,Chautauqua,9,180,573,23251
2020-07-14,Chautauqua,6,186,479,23730
2020-07-15,Chautauqua,5,191,575,24305
2020-07-16,Chautauqua,1,192,670,24975
2020-07-17,Chautauqua,2,194,275,25250
2020-07-18,Chautauqua,0,194,295,25545
2020-07-19,Chautauqua,0,194,199,25744
2020-07-20,Chautauqua,12,206,769,26513
2020-07-21,Chautauqua,4,210,692,27205
2020-07-22,Chautauqua,2,212,385,27590
2020-07-23,Chautauqua,0,212,629,28219
2020-07-24,Chautauqua,4,216,408,28627
2020-07-25,Chautauqua,2,218,118,28745
2020-07-26,Chautauqua,0,218,57,28802
2020-07-27,Chautauqua,1,219,339,29141
2020-07-28,Chautauqua,4,223,386,29527
2020-07-29,Chautauqua,1,224,471,29998
2020-07-30,Chautauqua,4,228,422,30420
2020-07-31,Chautauqua,3,231,729,31149
2020-08-01,Chautauqua,1,232,262,31411
2020-08-02,Chautauqua,2,234,230,31641
2020-08-03,Chautauqua,7,241,295,31936
2020-08-04,Chautauqua,0,241,298,32234
2020-08-05,Chautauqua,3,244,232,32466
2020-08-06,Chautauqua,5,249,330,32796
2020-08-07,Chautauqua,4,253,530,33326
2020-08-08,Chautauqua,0,253,350,33676
2020-08-09,Chautauqua,4,257,418,34094
2020-08-10,Chautauqua,1,258,706,34800
2020-08-11,Chautauqua,0,258,949,35749
2020-08-12,Chautauqua,2,260,530,36279
2020-08-13,Chautauqua,0,260,376,36655
2020-08-14,Chautauqua,3,263,396,37051
2020-08-15,Chautauqua,0,263,194,37245
2020-08-16,Chautauqua,2,265,167,37412
2020-08-17,Chautauqua,6,271,1028,38440
2020-08-18,Chautauqua,1,272,259,38699
2020-08-19,Chautauqua,3,275,238,38937
2020-08-20,Chautauqua,3,278,497,39434
2020-08-21,Chautauqua,9,287,393,39827
2020-08-22,Chautauqua,2,289,308,40135
2020-08-23,Chautauqua,0,289,587,40722
2020-08-24,Chautauqua,16,305,415,41137
2020-08-25,Chautauqua,5,310,204,41341
2020-08-26,Chautauqua,30,340,683,42024
2020-08-27,Chautauqua,15,355,665,42689
2020-08-28,Chautauqua,18,373,492,43181
2020-08-29,Chautauqua,9,382,361,43542
2020-08-30,Chautauqua,12,394,676,44218
2020-08-31,Chautauqua,11,405,747,44965
2020-09-01,Chautauqua,23,428,653,45618
2020-09-02,Chautauqua,24,452,543,46161
2020-09-03,Chautauqua,12,464,557,46718
2020-09-04,Chautauqua,7,471,459,47177
2020-09-05,Chautauqua,4,475,522,47699
2020-09-06,Chautauqua,1,476,430,48129
2020-09-07,Chautauqua,1,477,207,48336
2020-09-08,Chautauqua,1,478,261,48597
2020-09-09,Chautauqua,14,492,530,49127
2020-09-10,Chautauqua,4,496,399,49526
2020-09-11,Chautauqua,11,507,514,50040
2020-09-12,Chautauqua,8,515,376,50416
2020-09-13,Chautauqua,1,516,140,50556
2020-09-14,Chautauqua,7,523,420,50976
2020-09-15,Chautauqua,4,527,630,51606
2020-09-16,Chautauqua,6,533,536,52142
2020-09-17,Chautauqua,2,535,463,52605
2020-09-18,Chautauqua,1,536,387,52992
2020-09-19,Chautauqua,1,537,388,53380
2020-09-20,Chautauqua,4,541,451,53831
2020-09-21,Chautauqua,6,547,607,54438
2020-09-22,Chautauqua,4,551,530,54968
2020-09-23,Chautauqua,3,554,276,55244
2020-09-24,Chautauqua,7,561,762,56006
2020-09-25,Chautauqua,7,568,502,56508
2020-09-26,Chautauqua,5,573,608,57116
2020-09-27,Chautauqua,5,578,343,57459
2020-09-28,Chautauqua,7,585,774,58233
2020-09-29,Chautauqua,5,590,486,58719
2020-09-30,Chautauqua,12,602,600,59319
2020-10-01,Chautauqua,2,604,588,59907
2020-10-02,Chautauqua,7,611,1057,60964
2020-10-03,Chautauqua,18,629,759,61723
2020-10-04,Chautauqua,3,632,390,62113
2020-10-05,Chautauqua,4,636,278,62391
2020-10-06,Chautauqua,5,641,423,62814
2020-10-07,Chautauqua,15,656,695,63509
2020-10-08,Chautauqua,12,668,620,64129
2020-10-09,Chautauqua,14,682,927,65056
2020-10-10,Chautauqua,9,691,1167,66223
2020-10-11,Chautauqua,4,695,288,66511
2020-10-12,Chautauqua,37,732,413,66924
2020-10-13,Chautauqua,16,748,406,67330
2020-10-14,Chautauqua,10,758,285,67615
2020-10-15,Chautauqua,13,771,640,68255
2020-10-16,Chautauqua,18,789,548,68803
2020-10-17,Chautauqua,7,796,368,69171
2020-10-18,Chautauqua,3,799,513,69684
2020-10-19,Chautauqua,6,805,558,70242
2020-10-20,Chautauqua,40,845,540,70782
2020-10-21,Chautauqua,13,858,932,71714
2020-10-22,Chautauqua,10,868,488,72202
2020-10-23,Chautauqua,9,877,910,73112
2020-10-24,Chautauqua,7,884,769,73881
2020-10-25,Chautauqua,3,887,433,74314
2020-10-26,Chautauqua,18,905,793,75107
2020-10-27,Chautauqua,19,924,622,75729
2020-10-28,Chautauqua,31,955,1345,77074
2020-10-29,Chautauqua,21,976,691,77765
2020-10-30,Chautauqua,18,994,671,78436
2020-10-31,Chautauqua,23,1017,950,79386
2020-11-01,Chautauqua,6,1023,706,80092
2020-11-02,Chautauqua,17,1040,639,80731
2020-11-03,Chautauqua,11,1051,528,81259
2020-11-04,Chautauqua,30,1081,1009,82268
2020-11-05,Chautauqua,13,1094,1187,83455
2020-11-06,Chautauqua,9,1103,919,84374
2020-11-07,Chautauqua,11,1114,1006,85380
2020-11-08,Chautauqua,4,1118,261,85641
2020-11-09,Chautauqua,18,1136,574,86215
2020-11-10,Chautauqua,25,1161,1816,88031
2020-11-11,Chautauqua,26,1187,1245,89276
2020-11-12,Chautauqua,23,1210,3147,92423
2020-11-13,Chautauqua,24,1234,2006,94429
2020-11-14,Chautauqua,5,1239,300,94729
2020-11-15,Chautauqua,9,1248,515,95244
2020-11-16,Chautauqua,17,1265,709,95953
2020-11-17,Chautauqua,39,1304,1817,97770
2020-11-18,Chautauqua,12,1316,769,98539
2020-11-19,Chautauqua,35,1351,1291,99830
2020-11-20,Chautauqua,11,1362,608,100438
2020-11-21,Chautauqua,30,1392,970,101408
2020-11-22,Chautauqua,11,1403,400,101808
2020-11-23,Chautauqua,11,1414,433,102241
2020-11-24,Chautauqua,35,1449,1313,103554
2020-11-25,Chautauqua,31,1480,833,104387
2020-11-26,Chautauqua,36,1516,977,105364
2020-11-27,Chautauqua,23,1539,197,105561
2020-11-28,Chautauqua,23,1562,516,106077
2020-11-29,Chautauqua,18,1580,520,106597
2020-11-30,Chautauqua,29,1609,509,107106
2020-12-01,Chautauqua,22,1631,821,107927
2020-12-02,Chautauqua,61,1692,988,108915
2020-12-03,Chautauqua,85,1777,1592,110507
2020-12-04,Chautauqua,64,1841,1151,111658
2020-12-05,Chautauqua,52,1893,683,112341
2020-12-06,Chautauqua,24,1917,311,112652
2020-12-07,Chautauqua,43,1960,1015,113667
2020-12-08,Chautauqua,67,2027,633,114300
2020-12-09,Chautauqua,72,2099,1125,115425
2020-12-10,Chautauqua,121,2220,846,116271
2020-12-11,Chautauqua,51,2271,869,117140
2020-12-12,Chautauqua,52,2323,632,117772
2020-12-13,Chautauqua,42,2365,318,118090
2020-12-14,Chautauqua,58,2423,716,118806
2020-12-15,Chautauqua,35,2458,408,119214
2020-12-16,Chautauqua,38,2496,1290,120504
2020-12-17,Chautauqua,128,2624,1015,121519
2020-12-18,Chautauqua,96,2720,1554,123073
2020-12-19,Chautauqua,50,2770,1350,124423
2020-12-20,Chautauqua,53,2823,487,124910
2020-12-21,Chautauqua,47,2870,188,125098
2020-12-22,Chautauqua,47,2917,1037,126135
2020-12-23,Chautauqua,70,2987,924,127059
2020-12-24,Chautauqua,113,3100,1066,128125
2020-12-25,Chautauqua,62,3162,686,128811
2020-12-26,Chautauqua,13,3175,270,129081
2020-12-27,Chautauqua,86,3261,350,129431
2020-12-28,Chautauqua,76,3337,787,130218
2020-12-29,Chautauqua,67,3404,475,130693
2020-12-30,Chautauqua,114,3518,1273,131966
2020-12-31,Chautauqua,107,3625,1006,132972
2021-01-01,Chautauqua,96,3721,1329,134301
2021-01-02,Chautauqua,64,3785,410,134711
2021-01-03,Chautauqua,130,3915,663,135374
2021-01-04,Chautauqua,102,4017,432,135806
2021-01-05,Chautauqua,109,4126,694,136500
2021-01-06,Chautauqua,61,4187,1432,137932
2021-01-07,Chautauqua,240,4427,1256,139188
2021-01-08,Chautauqua,134,4561,1256,140444
2021-01-09,Chautauqua,147,4708,1158,141602
2021-01-10,Chautauqua,99,4807,923,142525
2021-01-11,Chautauqua,119,4926,933,143458
2021-01-12,Chautauqua,78,5004,558,144016
2021-01-13,Chautauqua,87,5091,1131,145147
2021-01-14,Chautauqua,130,5221,1271,146418
2021-01-15,Chautauqua,129,5350,1036,147454
2021-01-16,Chautauqua,110,5460,1476,148930
2021-01-17,Chautauqua,81,5541,716,149646
2021-01-18,Chautauqua,60,5601,630,150276
2021-01-19,Chautauqua,59,5660,784,151060
2021-01-20,Chautauqua,82,5742,1180,152240
2021-01-21,Chautauqua,102,5844,1041,153281
2021-01-22,Chautauqua,103,5947,859,154140
2021-01-23,Chautauqua,66,6013,1570,155710
2021-01-24,Chautauqua,40,6053,783,156493
2021-01-25,Chautauqua,43,6096,656,157149
2021-01-26,Chautauqua,84,6180,956,158105
2021-01-27,Chautauqua,99,6279,1331,159436
2021-01-28,Chautauqua,62,6341,1077,160513
2021-01-29,Chautauqua,50,6391,981,161494
2021-01-30,Chautauqua,90,6481,2459,163953
2021-01-31,Chautauqua,33,6514,395,164348
2021-02-01,Chautauqua,46,6560,443,164791
2021-02-02,Chautauqua,36,6596,766,165557
2021-02-03,Chautauqua,71,6667,1267,166824
2021-02-04,Chautauqua,69,6736,1273,168097
2021-02-05,Chautauqua,46,6782,1239,169336
2021-02-06,Chautauqua,37,6819,784,170120
2021-02-07,Chautauqua,27,6846,646,170766
2021-02-08,Chautauqua,14,6860,318,171084
2021-02-09,Chautauqua,49,6909,1515,172599
2021-02-10,Chautauqua,31,6940,2663,175262
2021-02-11,Chautauqua,33,6973,788,176050
2021-02-12,Chautauqua,31,7004,1632,177682
2021-02-13,Chautauqua,40,7044,3020,180702
2021-02-14,Chautauqua,14,7058,357,181059
2021-02-15,Chautauqua,13,7071,344,181403
2021-02-16,Chautauqua,16,7087,1123,182526
2021-02-17,Chautauqua,35,7122,962,183488
2021-02-18,Chautauqua,18,7140,2448,185936
2021-02-19,Chautauqua,12,7152,2963,188899
2021-02-20,Chautauqua,33,7185,2031,190930
2021-02-21,Chautauqua,12,7197,786,191716
2021-02-22,Chautauqua,4,7201,225,191941
2021-02-23,Chautauqua,12,7213,1055,192996
2021-02-24,Chautauqua,44,7257,2453,195449
2021-02-25,Chautauqua,11,7268,2430,197879
2021-02-26,Chautauqua,20,7288,2111,199990
2021-02-27,Chautauqua,33,7321,2340,202330
2021-02-28,Chautauqua,15,7336,574,202904
2021-03-01,Chautauqua,5,7341,132,203036
2021-03-02,Chautauqua,20,7361,1555,204591
2021-03-03,Chautauqua,18,7379,1729,206320
2021-03-04,Chautauqua,23,7402,2080,208400
2021-03-05,Chautauqua,23,7425,1434,209834
2021-03-06,Chautauqua,18,7443,2814,212648
2021-03-07,Chautauqua,12,7455,281,212929
2021-03-08,Chautauqua,21,7476,1001,213930
2021-03-09,Chautauqua,10,7486,2272,216202
2021-03-10,Chautauqua,8,7494,2168,218370
2021-03-11,Chautauqua,23,7517,1997,220367
2021-03-12,Chautauqua,10,7527,1943,222310
2021-03-13,Chautauqua,11,7538,2428,224738
2021-03-14,Chautauqua,24,7562,532,225270
2021-03-15,Chautauqua,20,7582,219,225489
2021-03-16,Chautauqua,16,7598,1755,227244
2021-03-17,Chautauqua,37,7635,1915,229159
2021-03-18,Chautauqua,25,7660,1827,230986
2021-03-19,Chautauqua,21,7681,1989,232975
2021-03-20,Chautauqua,29,7710,2380,235355
2021-03-21,Chautauqua,10,7720,512,235867
2021-03-22,Chautauqua,22,7742,441,236308
2021-03-23,Chautauqua,14,7756,1489,237797
2021-03-24,Chautauqua,36,7792,3991,241788
2021-03-25,Chautauqua,25,7817,3293,245081
2021-03-26,Chautauqua,17,7834,1168,246249
2021-03-27,Chautauqua,20,7854,1608,247857
2021-03-28,Chautauqua,13,7867,820,248677
2021-03-29,Chautauqua,35,7902,518,249195
2021-03-30,Chautauqua,25,7927,1881,251076
2021-03-31,Chautauqua,23,7950,919,251995
2021-04-01,Chautauqua,20,7970,3492,255487
2021-04-02,Chautauqua,18,7988,964,256451
2021-04-03,Chautauqua,12,8000,1230,257681
2021-04-04,Chautauqua,50,8050,411,258092
2021-04-05,Chautauqua,9,8059,437,258529
2021-04-06,Chautauqua,18,8077,862,259391
2021-04-07,Chautauqua,22,8099,1146,260537
2021-04-08,Chautauqua,24,8123,1736,262273
2021-04-09,Chautauqua,26,8149,716,262989
2021-04-10,Chautauqua,29,8178,1517,264506
2021-04-11,Chautauqua,27,8205,703,265209
2021-04-12,Chautauqua,22,8227,342,265551
2021-04-13,Chautauqua,29,8256,1784,267335
2021-04-14,Chautauqua,48,8304,2810,270145
2021-04-15,Chautauqua,24,8328,1155,271300
2021-04-16,Chautauqua,50,8378,1333,272633
2021-04-17,Chautauqua,41,8419,1824,274457
2021-04-18,Chautauqua,9,8428,408,274865
2021-04-19,Chautauqua,13,8441,198,275063
2021-04-20,Chautauqua,18,8459,1786,276849
2021-04-21,Chautauqua,30,8489,1275,278124
2021-04-22,Chautauqua,15,8504,1521,279645
2021-04-23,Chautauqua,11,8515,538,280183
2021-04-24,Chautauqua,16,8531,1342,281525
2021-04-25,Chautauqua,5,8536,905,282430
2021-04-26,Chautauqua,9,8545,277,282707
2021-04-27,Chautauqua,17,8562,561,283268
2021-04-28,Chautauqua,27,8589,1323,284591
2021-04-29,Chautauqua,30,8619,1029,285620
2021-04-30,Chautauqua,16,8635,1416,287036
2021-05-01,Chautauqua,6,8641,805,287841
2021-05-02,Chautauqua,15,8656,300,288141
2021-05-03,Chautauqua,14,8670,510,288651
2021-05-04,Chautauqua,12,8682,416,289067
2021-05-05,Chautauqua,13,8695,1247,290314
2021-05-06,Chautauqua,8,8703,668,290982
2021-05-07,Chautauqua,11,8714,1907,292889
2021-05-08,Chautauqua,22,8736,738,293627
2021-05-09,Chautauqua,7,8743,592,294219
2021-05-10,Chautauqua,6,8749,162,294381
2021-05-11,Chautauqua,18,8767,621,295002
2021-05-12,Chautauqua,9,8776,1269,296271
2021-05-13,Chautauqua,12,8788,977,297248
2021-05-14,Chautauqua,19,8807,1342,298590
2021-05-15,Chautauqua,7,8814,493,299083
2021-05-16,Chautauqua,6,8820,396,299479
2021-05-17,Chautauqua,2,8822,523,300002
2021-05-18,Chautauqua,12,8834,422,300424
2021-05-19,Chautauqua,5,8839,1052,301476
2021-05-20,Chautauqua,10,8849,1002,302478
2021-05-21,Chautauqua,12,8861,635,303113
2021-05-22,Chautauqua,4,8865,526,303639
2021-05-23,Chautauqua,8,8873,638,304277
2021-05-24,Chautauqua,15,8888,106,304383
2021-05-25,Chautauqua,9,8897,422,304805
2021-05-26,Chautauqua,3,8900,670,305475
2021-05-27,Chautauqua,3,8903,757,306232
2021-05-28,Chautauqua,7,8910,470,306702
2021-05-29,Chautauqua,7,8917,809,307511
2021-05-30,Chautauqua,1,8918,89,307600
2021-05-31,Chautauqua,0,8918,42,307642
2021-06-01,Chautauqua,1,8919,242,307884
2021-06-02,Chautauqua,2,8921,762,308646
2021-06-03,Chautauqua,3,8924,586,309232
2021-06-04,Chautauqua,7,8931,768,310000
2021-06-05,Chautauqua,0,8931,497,310497
2021-06-06,Chautauqua,5,8936,320,310817
2021-06-07,Chautauqua,2,8938,727,311544
2021-06-08,Chautauqua,2,8940,355,311899
2021-06-09,Chautauqua,5,8945,736,312635
2021-06-10,Chautauqua,3,8948,492,313127
2021-06-11,Chautauqua,1,8949,763,313890
2021-06-12,Chautauqua,1,8950,241,314131
2021-06-13,Chautauqua,1,8951,491,314622
2021-06-14,Chautauqua,0,8951,136,314758
2021-06-15,Chautauqua,1,8952,205,314963
2021-06-16,Chautauqua,4,8956,378,315341
2021-06-17,Chautauqua,1,8957,402,315743
2021-06-18,Chautauqua,1,8958,206,315949
2021-06-19,Chautauqua,0,8958,214,316163
2021-06-20,Chautauqua,1,8959,247,316410
2021-06-21,Chautauqua,0,8959,209,316619
2021-06-22,Chautauqua,0,8959,177,316796
2021-06-23,Chautauqua,0,8959,259,317055
2021-06-24,Chautauqua,0,8959,371,317426
2021-06-25,Chautauqua,0,8959,272,317698
2021-06-26,Chautauqua,2,8961,198,317896
2021-06-27,Chautauqua,0,8961,145,318041
2021-06-28,Chautauqua,0,8961,87,318128
2021-06-29,Chautauqua,1,8962,191,318319
2021-06-30,Chautauqua,1,8963,229,318548
2021-07-01,Chautauqua,1,8964,333,318881
2021-07-02,Chautauqua,1,8965,226,319107
2021-07-03,Chautauqua,1,8966,146,319253
2021-07-04,Chautauqua,0,8966,214,319467
2021-07-05,Chautauqua,0,8966,103,319570
2021-07-06,Chautauqua,0,8966,191,319761
2021-07-07,Chautauqua,1,8967,332,320093
2021-07-08,Chautauqua,3,8970,211,320304
2021-07-09,Chautauqua,1,8971,353,320657
2021-07-10,Chautauqua,0,8971,224,320881
2021-07-11,Chautauqua,0,8971,142,321023
2021-07-12,Chautauqua,2,8973,58,321081
2021-07-13,Chautauqua,2,8975,118,321199
2021-07-14,Chautauqua,0,8975,276,321475
2021-07-15,Chautauqua,2,8977,163,321638
2021-07-16,Chautauqua,0,8977,105,321743
2021-07-17,Chautauqua,4,8981,214,321957
2021-07-18,Chautauqua,1,8982,47,322004
2020-03-01,Chemung,0,0,0,0
2020-03-02,Chemung,0,0,0,0
2020-03-03,Chemung,0,0,0,0
2020-03-04,Chemung,0,0,0,0
2020-03-05,Chemung,0,0,0,0
2020-03-06,Chemung,0,0,0,0
2020-03-07,Chemung,0,0,0,0
2020-03-08,Chemung,0,0,0,0
2020-03-09,Chemung,0,0,0,0
2020-03-10,Chemung,0,0,1,1
2020-03-11,Chemung,0,0,0,1
2020-03-12,Chemung,0,0,0,1
2020-03-13,Chemung,0,0,0,1
2020-03-14,Chemung,0,0,0,1
2020-03-15,Chemung,0,0,1,2
2020-03-16,Chemung,0,0,0,2
2020-03-17,Chemung,0,0,0,2
2020-03-18,Chemung,0,0,2,4
2020-03-19,Chemung,0,0,6,10
2020-03-20,Chemung,0,0,10,20
2020-03-21,Chemung,0,0,2,22
2020-03-22,Chemung,0,0,17,39
2020-03-23,Chemung,1,1,17,56
2020-03-24,Chemung,0,1,5,61
2020-03-25,Chemung,6,7,57,118
2020-03-26,Chemung,4,11,48,166
2020-03-27,Chemung,1,12,48,214
2020-03-28,Chemung,3,15,25,239
2020-03-29,Chemung,0,15,7,246
2020-03-30,Chemung,5,20,47,293
2020-03-31,Chemung,2,22,42,335
2020-04-01,Chemung,0,22,14,349
2020-04-02,Chemung,13,35,84,433
2020-04-03,Chemung,1,36,28,461
2020-04-04,Chemung,2,38,35,496
2020-04-05,Chemung,9,47,50,546
2020-04-06,Chemung,2,49,22,568
2020-04-07,Chemung,6,55,56,624
2020-04-08,Chemung,4,59,38,662
2020-04-09,Chemung,0,59,39,701
2020-04-10,Chemung,1,60,26,727
2020-04-11,Chemung,0,60,6,733
2020-04-12,Chemung,0,60,9,742
2020-04-13,Chemung,4,64,40,782
2020-04-14,Chemung,5,69,43,825
2020-04-15,Chemung,1,70,18,843
2020-04-16,Chemung,1,71,9,852
2020-04-17,Chemung,1,72,32,884
2020-04-18,Chemung,1,73,15,899
2020-04-19,Chemung,0,73,17,916
2020-04-20,Chemung,2,75,32,948
2020-04-21,Chemung,0,75,38,986
2020-04-22,Chemung,1,76,29,1015
2020-04-23,Chemung,3,79,39,1054
2020-04-24,Chemung,24,103,228,1282
2020-04-25,Chemung,3,106,17,1299
2020-04-26,Chemung,2,108,20,1319
2020-04-27,Chemung,5,113,64,1383
2020-04-28,Chemung,6,119,96,1479
2020-04-29,Chemung,3,122,84,1563
2020-04-30,Chemung,1,123,54,1617
2020-05-01,Chemung,1,124,36,1653
2020-05-02,Chemung,1,125,26,1679
2020-05-03,Chemung,1,126,244,1923
2020-05-04,Chemung,0,126,154,2077
2020-05-05,Chemung,2,128,143,2220
2020-05-06,Chemung,1,129,89,2309
2020-05-07,Chemung,1,130,46,2355
2020-05-08,Chemung,1,131,108,2463
2020-05-09,Chemung,0,131,125,2588
2020-05-10,Chemung,0,131,174,2762
2020-05-11,Chemung,0,131,68,2830
2020-05-12,Chemung,1,132,282,3112
2020-05-13,Chemung,0,132,312,3424
2020-05-14,Chemung,1,133,234,3658
2020-05-15,Chemung,1,134,240,3898
2020-05-16,Chemung,0,134,106,4004
2020-05-17,Chemung,0,134,68,4072
2020-05-18,Chemung,0,134,118,4190
2020-05-19,Chemung,0,134,113,4303
2020-05-20,Chemung,0,134,91,4394
2020-05-21,Chemung,1,135,141,4535
2020-05-22,Chemung,1,136,233,4768
2020-05-23,Chemung,0,136,215,4983
2020-05-24,Chemung,0,136,196,5179
2020-05-25,Chemung,0,136,96,5275
2020-05-26,Chemung,0,136,295,5570
2020-05-27,Chemung,0,136,63,5633
2020-05-28,Chemung,1,137,99,5732
2020-05-29,Chemung,0,137,451,6183
2020-05-30,Chemung,0,137,337,6520
2020-05-31,Chemung,0,137,73,6593
2020-06-01,Chemung,0,137,145,6738
2020-06-02,Chemung,0,137,247,6985
2020-06-03,Chemung,0,137,219,7204
2020-06-04,Chemung,0,137,114,7318
2020-06-05,Chemung,0,137,853,8171
2020-06-06,Chemung,0,137,263,8434
2020-06-07,Chemung,0,137,217,8651
2020-06-08,Chemung,1,138,544,9195
2020-06-09,Chemung,0,138,296,9491
2020-06-10,Chemung,0,138,437,9928
2020-06-11,Chemung,0,138,169,10097
2020-06-12,Chemung,0,138,380,10477
2020-06-13,Chemung,0,138,157,10634
2020-06-14,Chemung,0,138,106,10740
2020-06-15,Chemung,0,138,219,10959
2020-06-16,Chemung,0,138,325,11284
2020-06-17,Chemung,0,138,317,11601
2020-06-18,Chemung,1,139,372,11973
2020-06-19,Chemung,0,139,267,12240
2020-06-20,Chemung,0,139,108,12348
2020-06-21,Chemung,0,139,198,12546
2020-06-22,Chemung,0,139,237,12783
2020-06-23,Chemung,0,139,275,13058
2020-06-24,Chemung,0,139,306,13364
2020-06-25,Chemung,0,139,148,13512
2020-06-26,Chemung,0,139,340,13852
2020-06-27,Chemung,1,140,276,14128
2020-06-28,Chemung,0,140,231,14359
2020-06-29,Chemung,1,141,167,14526
2020-06-30,Chemung,3,144,278,14804
2020-07-01,Chemung,0,144,194,14998
2020-07-02,Chemung,1,145,205,15203
2020-07-03,Chemung,1,146,419,15622
2020-07-04,Chemung,0,146,257,15879
2020-07-05,Chemung,0,146,250,16129
2020-07-06,Chemung,1,147,244,16373
2020-07-07,Chemung,0,147,276,16649
2020-07-08,Chemung,1,148,179,16828
2020-07-09,Chemung,0,148,308,17136
2020-07-10,Chemung,0,148,268,17404
2020-07-11,Chemung,0,148,378,17782
2020-07-12,Chemung,0,148,190,17972
2020-07-13,Chemung,1,149,332,18304
2020-07-14,Chemung,2,151,464,18768
2020-07-15,Chemung,0,151,422,19190
2020-07-16,Chemung,0,151,473,19663
2020-07-17,Chemung,2,153,284,19947
2020-07-18,Chemung,1,154,213,20160
2020-07-19,Chemung,1,155,139,20299
2020-07-20,Chemung,0,155,188,20487
2020-07-21,Chemung,1,156,273,20760
2020-07-22,Chemung,1,157,506,21266
2020-07-23,Chemung,1,158,640,21906
2020-07-24,Chemung,2,160,336,22242
2020-07-25,Chemung,0,160,146,22388
2020-07-26,Chemung,0,160,109,22497
2020-07-27,Chemung,0,160,142,22639
2020-07-28,Chemung,1,161,413,23052
2020-07-29,Chemung,1,162,387,23439
2020-07-30,Chemung,1,163,409,23848
2020-07-31,Chemung,0,163,232,24080
2020-08-01,Chemung,0,163,196,24276
2020-08-02,Chemung,0,163,90,24366
2020-08-03,Chemung,0,163,101,24467
2020-08-04,Chemung,2,165,570,25037
2020-08-05,Chemung,0,165,417,25454
2020-08-06,Chemung,3,168,376,25830
2020-08-07,Chemung,3,171,387,26217
2020-08-08,Chemung,0,171,264,26481
2020-08-09,Chemung,1,172,181,26662
2020-08-10,Chemung,4,176,273,26935
2020-08-11,Chemung,1,177,443,27378
2020-08-12,Chemung,7,184,472,27850
2020-08-13,Chemung,3,187,396,28246
2020-08-14,Chemung,1,188,476,28722
2020-08-15,Chemung,1,189,253,28975
2020-08-16,Chemung,1,190,149,29124
2020-08-17,Chemung,0,190,155,29279
2020-08-18,Chemung,1,191,320,29599
2020-08-19,Chemung,2,193,247,29846
2020-08-20,Chemung,0,193,573,30419
2020-08-21,Chemung,1,194,407,30826
2020-08-22,Chemung,0,194,264,31090
2020-08-23,Chemung,0,194,164,31254
2020-08-24,Chemung,0,194,103,31357
2020-08-25,Chemung,0,194,430,31787
2020-08-26,Chemung,0,194,371,32158
2020-08-27,Chemung,2,196,525,32683
2020-08-28,Chemung,0,196,302,32985
2020-08-29,Chemung,4,200,218,33203
2020-08-30,Chemung,3,203,146,33349
2020-08-31,Chemung,2,205,95,33444
2020-09-01,Chemung,0,205,338,33782
2020-09-02,Chemung,0,205,554,34336
2020-09-03,Chemung,1,206,243,34579
2020-09-04,Chemung,0,206,239,34818
2020-09-05,Chemung,2,208,176,34994
2020-09-06,Chemung,2,210,105,35099
2020-09-07,Chemung,1,211,141,35240
2020-09-08,Chemung,3,214,159,35399
2020-09-09,Chemung,4,218,677,36076
2020-09-10,Chemung,21,239,427,36503
2020-09-11,Chemung,8,247,379,36882
2020-09-12,Chemung,4,251,134,37016
2020-09-13,Chemung,0,251,325,37341
2020-09-14,Chemung,18,269,444,37785
2020-09-15,Chemung,6,275,365,38150
2020-09-16,Chemung,19,294,728,38878
2020-09-17,Chemung,11,305,653,39531
2020-09-18,Chemung,17,322,621,40152
2020-09-19,Chemung,8,330,273,40425
2020-09-20,Chemung,8,338,179,40604
2020-09-21,Chemung,11,349,243,40847
2020-09-22,Chemung,12,361,825,41672
2020-09-23,Chemung,26,387,750,42422
2020-09-24,Chemung,28,415,706,43128
2020-09-25,Chemung,25,440,599,43727
2020-09-26,Chemung,21,461,413,44140
2020-09-27,Chemung,9,470,152,44292
2020-09-28,Chemung,22,492,384,44676
2020-09-29,Chemung,18,510,582,45258
2020-09-30,Chemung,50,560,742,46000
2020-10-01,Chemung,31,591,590,46590
2020-10-02,Chemung,60,651,824,47414
2020-10-03,Chemung,70,721,744,48158
2020-10-04,Chemung,26,747,302,48460
2020-10-05,Chemung,38,785,499,48959
2020-10-06,Chemung,31,816,664,49623
2020-10-07,Chemung,39,855,869,50492
2020-10-08,Chemung,33,888,769,51261
2020-10-09,Chemung,41,929,930,52191
2020-10-10,Chemung,29,958,677,52868
2020-10-11,Chemung,27,985,401,53269
2020-10-12,Chemung,30,1015,491,53760
2020-10-13,Chemung,46,1061,815,54575
2020-10-14,Chemung,43,1104,604,55179
2020-10-15,Chemung,52,1156,994,56173
2020-10-16,Chemung,43,1199,792,56965
2020-10-17,Chemung,45,1244,808,57773
2020-10-18,Chemung,48,1292,429,58202
2020-10-19,Chemung,40,1332,482,58684
2020-10-20,Chemung,49,1381,942,59626
2020-10-21,Chemung,75,1456,1127,60753
2020-10-22,Chemung,54,1510,1150,61903
2020-10-23,Chemung,34,1544,891,62794
2020-10-24,Chemung,96,1640,1206,64000
2020-10-25,Chemung,22,1662,311,64311
2020-10-26,Chemung,48,1710,687,64998
2020-10-27,Chemung,33,1743,575,65573
2020-10-28,Chemung,34,1777,995,66568
2020-10-29,Chemung,20,1797,913,67481
2020-10-30,Chemung,29,1826,606,68087
2020-10-31,Chemung,26,1852,754,68841
2020-11-01,Chemung,38,1890,391,69232
2020-11-02,Chemung,33,1923,448,69680
2020-11-03,Chemung,25,1948,637,70317
2020-11-04,Chemung,48,1996,863,71180
2020-11-05,Chemung,50,2046,1036,72216
2020-11-06,Chemung,50,2096,853,73069
2020-11-07,Chemung,30,2126,937,74006
2020-11-08,Chemung,9,2135,501,74507
2020-11-09,Chemung,22,2157,591,75098
2020-11-10,Chemung,40,2197,972,76070
2020-11-11,Chemung,44,2241,927,76997
2020-11-12,Chemung,39,2280,1242,78239
2020-11-13,Chemung,51,2331,979,79218
2020-11-14,Chemung,31,2362,903,80121
2020-11-15,Chemung,18,2380,856,80977
2020-11-16,Chemung,24,2404,427,81404
2020-11-17,Chemung,34,2438,846,82250
2020-11-18,Chemung,49,2487,956,83206
2020-11-19,Chemung,31,2518,716,83922
2020-11-20,Chemung,53,2571,1633,85555
2020-11-21,Chemung,76,2647,868,86423
2020-11-22,Chemung,55,2702,1215,87638
2020-11-23,Chemung,22,2724,639,88277
2020-11-24,Chemung,45,2769,679,88956
2020-11-25,Chemung,103,2872,1488,90444
2020-11-26,Chemung,83,2955,1265,91709
2020-11-27,Chemung,38,2993,491,92200
2020-11-28,Chemung,55,3048,917,93117
2020-11-29,Chemung,39,3087,297,93414
2020-11-30,Chemung,22,3109,382,93796
2020-12-01,Chemung,31,3140,829,94625
2020-12-02,Chemung,72,3212,1301,95926
2020-12-03,Chemung,98,3310,1336,97262
2020-12-04,Chemung,85,3395,1237,98499
2020-12-05,Chemung,38,3433,1189,99688
2020-12-06,Chemung,24,3457,641,100329
2020-12-07,Chemung,16,3473,241,100570
2020-12-08,Chemung,58,3531,1102,101672
2020-12-09,Chemung,64,3595,1275,102947
2020-12-10,Chemung,56,3651,1537,104484
2020-12-11,Chemung,50,3701,1328,105812
2020-12-12,Chemung,42,3743,1021,106833
2020-12-13,Chemung,33,3776,397,107230
2020-12-14,Chemung,27,3803,451,107681
2020-12-15,Chemung,45,3848,875,108556
2020-12-16,Chemung,70,3918,1417,109973
2020-12-17,Chemung,73,3991,1577,111550
2020-12-18,Chemung,37,4028,616,112166
2020-12-19,Chemung,55,4083,959,113125
2020-12-20,Chemung,23,4106,293,113418
2020-12-21,Chemung,30,4136,404,113822
2020-12-22,Chemung,29,4165,953,114775
2020-12-23,Chemung,46,4211,1437,116212
2020-12-24,Chemung,42,4253,959,117171
2020-12-25,Chemung,31,4284,733,117904
2020-12-26,Chemung,15,4299,321,118225
2020-12-27,Chemung,43,4342,345,118570
2020-12-28,Chemung,47,4389,337,118907
2020-12-29,Chemung,59,4448,822,119729
2020-12-30,Chemung,83,4531,1447,121176
2020-12-31,Chemung,54,4585,782,121958
2021-01-01,Chemung,44,4629,825,122783
2021-01-02,Chemung,56,4685,515,123298
2021-01-03,Chemung,68,4753,464,123762
2021-01-04,Chemung,38,4791,378,124140
2021-01-05,Chemung,98,4889,960,125100
2021-01-06,Chemung,55,4944,1378,126478
2021-01-07,Chemung,94,5038,1292,127770
2021-01-08,Chemung,48,5086,1318,129088
2021-01-09,Chemung,53,5139,726,129814
2021-01-10,Chemung,53,5192,626,130440
2021-01-11,Chemung,66,5258,625,131065
2021-01-12,Chemung,47,5305,1077,132142
2021-01-13,Chemung,54,5359,1482,133624
2021-01-14,Chemung,63,5422,1328,134952
2021-01-15,Chemung,57,5479,1422,136374
2021-01-16,Chemung,55,5534,811,137185
2021-01-17,Chemung,33,5567,561,137746
2021-01-18,Chemung,36,5603,427,138173
2021-01-19,Chemung,40,5643,832,139005
2021-01-20,Chemung,46,5689,1833,140838
2021-01-21,Chemung,50,5739,1207,142045
2021-01-22,Chemung,43,5782,1238,143283
2021-01-23,Chemung,52,5834,1034,144317
2021-01-24,Chemung,32,5866,462,144779
2021-01-25,Chemung,23,5889,347,145126
2021-01-26,Chemung,41,5930,930,146056
2021-01-27,Chemung,48,5978,1447,147503
2021-01-28,Chemung,20,5998,1312,148815
2021-01-29,Chemung,20,6018,1174,149989
2021-01-30,Chemung,23,6041,849,150838
2021-01-31,Chemung,24,6065,472,151310
2021-02-01,Chemung,18,6083,285,151595
2021-02-02,Chemung,16,6099,723,152318
2021-02-03,Chemung,20,6119,845,153163
2021-02-04,Chemung,23,6142,726,153889
2021-02-05,Chemung,11,6153,748,154637
2021-02-06,Chemung,10,6163,753,155390
2021-02-07,Chemung,31,6194,511,155901
2021-02-08,Chemung,12,6206,265,156166
2021-02-09,Chemung,19,6225,834,157000
2021-02-10,Chemung,15,6240,1425,158425
2021-02-11,Chemung,9,6249,819,159244
2021-02-12,Chemung,17,6266,1123,160367
2021-02-13,Chemung,17,6283,756,161123
2021-02-14,Chemung,13,6296,360,161483
2021-02-15,Chemung,11,6307,341,161824
2021-02-16,Chemung,8,6315,585,162409
2021-02-17,Chemung,14,6329,1029,163438
2021-02-18,Chemung,16,6345,723,164161
2021-02-19,Chemung,5,6350,886,165047
2021-02-20,Chemung,12,6362,653,165700
2021-02-21,Chemung,13,6375,382,166082
2021-02-22,Chemung,17,6392,374,166456
2021-02-23,Chemung,5,6397,718,167174
2021-02-24,Chemung,11,6408,1042,168216
2021-02-25,Chemung,12,6420,557,168773
2021-02-26,Chemung,8,6428,1015,169788
2021-02-27,Chemung,9,6437,769,170557
2021-02-28,Chemung,3,6440,328,170885
2021-03-01,Chemung,5,6445,322,171207
2021-03-02,Chemung,8,6453,828,172035
2021-03-03,Chemung,1,6454,1166,173201
2021-03-04,Chemung,14,6468,757,173958
2021-03-05,Chemung,12,6480,804,174762
2021-03-06,Chemung,1,6481,915,175677
2021-03-07,Chemung,10,6491,233,175910
2021-03-08,Chemung,5,6496,418,176328
2021-03-09,Chemung,12,6508,869,177197
2021-03-10,Chemung,13,6521,1039,178236
2021-03-11,Chemung,15,6536,940,179176
2021-03-12,Chemung,18,6554,776,179952
2021-03-13,Chemung,5,6559,766,180718
2021-03-14,Chemung,7,6566,244,180962
2021-03-15,Chemung,2,6568,338,181300
2021-03-16,Chemung,5,6573,839,182139
2021-03-17,Chemung,17,6590,926,183065
2021-03-18,Chemung,8,6598,789,183854
2021-03-19,Chemung,18,6616,832,184686
2021-03-20,Chemung,14,6630,937,185623
2021-03-21,Chemung,17,6647,363,185986
2021-03-22,Chemung,16,6663,489,186475
2021-03-23,Chemung,13,6676,876,187351
2021-03-24,Chemung,29,6705,970,188321
2021-03-25,Chemung,35,6740,802,189123
2021-03-26,Chemung,26,6766,841,189964
2021-03-27,Chemung,15,6781,914,190878
2021-03-28,Chemung,16,6797,469,191347
2021-03-29,Chemung,21,6818,574,191921
2021-03-30,Chemung,18,6836,775,192696
2021-03-31,Chemung,25,6861,1172,193868
2021-04-01,Chemung,14,6875,713,194581
2021-04-02,Chemung,15,6890,871,195452
2021-04-03,Chemung,17,6907,757,196209
2021-04-04,Chemung,11,6918,339,196548
2021-04-05,Chemung,6,6924,558,197106
2021-04-06,Chemung,14,6938,723,197829
2021-04-07,Chemung,22,6960,868,198697
2021-04-08,Chemung,19,6979,749,199446
2021-04-09,Chemung,22,7001,1021,200467
2021-04-10,Chemung,21,7022,734,201201
2021-04-11,Chemung,11,7033,243,201444
2021-04-12,Chemung,19,7052,543,201987
2021-04-13,Chemung,16,7068,723,202710
2021-04-14,Chemung,13,7081,912,203622
2021-04-15,Chemung,17,7098,699,204321
2021-04-16,Chemung,44,7142,888,205209
2021-04-17,Chemung,20,7162,1061,206270
2021-04-18,Chemung,21,7183,421,206691
2021-04-19,Chemung,15,7198,317,207008
2021-04-20,Chemung,11,7209,696,207704
2021-04-21,Chemung,18,7227,1058,208762
2021-04-22,Chemung,18,7245,867,209629
2021-04-23,Chemung,21,7266,1001,210630
2021-04-24,Chemung,13,7279,808,211438
2021-04-25,Chemung,17,7296,368,211806
2021-04-26,Chemung,11,7307,326,212132
2021-04-27,Chemung,5,7312,839,212971
2021-04-28,Chemung,20,7332,970,213941
2021-04-29,Chemung,10,7342,739,214680
2021-04-30,Chemung,19,7361,1026,215706
2021-05-01,Chemung,24,7385,791,216497
2021-05-02,Chemung,11,7396,379,216876
2021-05-03,Chemung,12,7408,349,217225
2021-05-04,Chemung,8,7416,703,217928
2021-05-05,Chemung,7,7423,1009,218937
2021-05-06,Chemung,12,7435,403,219340
2021-05-07,Chemung,17,7452,974,220314
2021-05-08,Chemung,15,7467,646,220960
2021-05-09,Chemung,9,7476,442,221402
2021-05-10,Chemung,10,7486,372,221774
2021-05-11,Chemung,9,7495,637,222411
2021-05-12,Chemung,21,7516,729,223140
2021-05-13,Chemung,17,7533,580,223720
2021-05-14,Chemung,21,7554,1042,224762
2021-05-15,Chemung,6,7560,691,225453
2021-05-16,Chemung,10,7570,440,225893
2021-05-17,Chemung,8,7578,335,226228
2021-05-18,Chemung,9,7587,771,226999
2021-05-19,Chemung,13,7600,790,227789
2021-05-20,Chemung,11,7611,681,228470
2021-05-21,Chemung,14,7625,620,229090
2021-05-22,Chemung,8,7633,559,229649
2021-05-23,Chemung,4,7637,293,229942
2021-05-24,Chemung,4,7641,177,230119
2021-05-25,Chemung,11,7652,533,230652
2021-05-26,Chemung,18,7670,833,231485
2021-05-27,Chemung,17,7687,693,232178
2021-05-28,Chemung,10,7697,477,232655
2021-05-29,Chemung,10,7707,491,233146
2021-05-30,Chemung,11,7718,230,233376
2021-05-31,Chemung,4,7722,167,233543
2021-06-01,Chemung,2,7724,282,233825
2021-06-02,Chemung,0,7724,509,234334
2021-06-03,Chemung,4,7728,650,234984
2021-06-04,Chemung,8,7736,782,235766
2021-06-05,Chemung,4,7740,565,236331
2021-06-06,Chemung,5,7745,192,236523
2021-06-07,Chemung,4,7749,209,236732
2021-06-08,Chemung,1,7750,429,237161
2021-06-09,Chemung,3,7753,677,237838
2021-06-10,Chemung,1,7754,476,238314
2021-06-11,Chemung,3,7757,364,238678
2021-06-12,Chemung,1,7758,410,239088
2021-06-13,Chemung,1,7759,124,239212
2021-06-14,Chemung,2,7761,192,239404
2021-06-15,Chemung,3,7764,393,239797
2021-06-16,Chemung,5,7769,485,240282
2021-06-17,Chemung,3,7772,174,240456
2021-06-18,Chemung,2,7774,315,240771
2021-06-19,Chemung,0,7774,290,241061
2021-06-20,Chemung,2,7776,122,241183
2021-06-21,Chemung,0,7776,131,241314
2021-06-22,Chemung,0,7776,217,241531
2021-06-23,Chemung,3,7779,383,241914
2021-06-24,Chemung,0,7779,140,242054
2021-06-25,Chemung,1,7780,171,242225
2021-06-26,Chemung,0,7780,274,242499
2021-06-27,Chemung,0,7780,127,242626
2021-06-28,Chemung,2,7782,111,242737
2021-06-29,Chemung,1,7783,280,243017
2021-06-30,Chemung,0,7783,203,243220
2021-07-01,Chemung,0,7783,171,243391
2021-07-02,Chemung,0,7783,194,243585
2021-07-03,Chemung,1,7784,256,243841
2021-07-04,Chemung,2,7786,105,243946
2021-07-05,Chemung,1,7787,55,244001
2021-07-06,Chemung,1,7788,132,244133
2021-07-07,Chemung,2,7790,224,244357
2021-07-08,Chemung,1,7791,302,244659
2021-07-09,Chemung,2,7793,242,244901
2021-07-10,Chemung,4,7797,463,245364
2021-07-11,Chemung,2,7799,92,245456
2021-07-12,Chemung,4,7803,77,245533
2021-07-13,Chemung,2,7805,263,245796
2021-07-14,Chemung,3,7808,235,246031
2021-07-15,Chemung,1,7809,146,246177
2021-07-16,Chemung,1,7810,344,246521
2021-07-17,Chemung,1,7811,278,246799
2021-07-18,Chemung,3,7814,77,246876
2020-03-01,Chenango,0,0,0,0
2020-03-02,Chenango,0,0,0,0
2020-03-03,Chenango,0,0,0,0
2020-03-04,Chenango,0,0,0,0
2020-03-05,Chenango,0,0,0,0
2020-03-06,Chenango,0,0,0,0
2020-03-07,Chenango,0,0,0,0
2020-03-08,Chenango,0,0,0,0
2020-03-09,Chenango,0,0,0,0
2020-03-10,Chenango,0,0,0,0
2020-03-11,Chenango,0,0,0,0
2020-03-12,Chenango,0,0,0,0
2020-03-13,Chenango,0,0,0,0
2020-03-14,Chenango,0,0,0,0
2020-03-15,Chenango,0,0,1,1
2020-03-16,Chenango,0,0,2,3
2020-03-17,Chenango,1,1,1,4
2020-03-18,Chenango,1,2,1,5
2020-03-19,Chenango,0,2,0,5
2020-03-20,Chenango,0,2,4,9
2020-03-21,Chenango,1,3,4,13
2020-03-22,Chenango,0,3,2,15
2020-03-23,Chenango,0,3,3,18
2020-03-24,Chenango,0,3,6,24
2020-03-25,Chenango,0,3,1,25
2020-03-26,Chenango,1,4,6,31
2020-03-27,Chenango,4,8,13,44
2020-03-28,Chenango,7,15,15,59
2020-03-29,Chenango,2,17,7,66
2020-03-30,Chenango,2,19,9,75
2020-03-31,Chenango,7,26,20,95
2020-04-01,Chenango,2,28,16,111
2020-04-02,Chenango,4,32,17,128
2020-04-03,Chenango,7,39,40,168
2020-04-04,Chenango,4,43,17,185
2020-04-05,Chenango,3,46,27,212
2020-04-06,Chenango,5,51,42,254
2020-04-07,Chenango,2,53,11,265
2020-04-08,Chenango,2,55,21,286
2020-04-09,Chenango,5,60,29,315
2020-04-10,Chenango,1,61,17,332
2020-04-11,Chenango,2,63,12,344
2020-04-12,Chenango,2,65,17,361
2020-04-13,Chenango,3,68,36,397
2020-04-14,Chenango,3,71,17,414
2020-04-15,Chenango,2,73,21,435
2020-04-16,Chenango,3,76,16,451
2020-04-17,Chenango,1,77,11,462
2020-04-18,Chenango,1,78,13,475
2020-04-19,Chenango,0,78,11,486
2020-04-20,Chenango,1,79,7,493
2020-04-21,Chenango,0,79,17,510
2020-04-22,Chenango,3,82,20,530
2020-04-23,Chenango,2,84,20,550
2020-04-24,Chenango,7,91,144,694
2020-04-25,Chenango,2,93,19,713
2020-04-26,Chenango,2,95,23,736
2020-04-27,Chenango,0,95,10,746
2020-04-28,Chenango,1,96,18,764
2020-04-29,Chenango,2,98,25,789
2020-04-30,Chenango,1,99,21,810
2020-05-01,Chenango,0,99,35,845
2020-05-02,Chenango,0,99,36,881
2020-05-03,Chenango,1,100,50,931
2020-05-04,Chenango,0,100,42,973
2020-05-05,Chenango,2,102,51,1024
2020-05-06,Chenango,3,105,50,1074
2020-05-07,Chenango,0,105,26,1100
2020-05-08,Chenango,4,109,181,1281
2020-05-09,Chenango,0,109,45,1326
2020-05-10,Chenango,2,111,107,1433
2020-05-11,Chenango,1,112,197,1630
2020-05-12,Chenango,0,112,83,1713
2020-05-13,Chenango,0,112,41,1754
2020-05-14,Chenango,1,113,45,1799
2020-05-15,Chenango,2,115,54,1853
2020-05-16,Chenango,2,117,50,1903
2020-05-17,Chenango,1,118,62,1965
2020-05-18,Chenango,0,118,67,2032
2020-05-19,Chenango,0,118,54,2086
2020-05-20,Chenango,0,118,150,2236
2020-05-21,Chenango,0,118,219,2455
2020-05-22,Chenango,0,118,143,2598
2020-05-23,Chenango,0,118,226,2824
2020-05-24,Chenango,1,119,217,3041
2020-05-25,Chenango,4,123,221,3262
2020-05-26,Chenango,2,125,122,3384
2020-05-27,Chenango,1,126,139,3523
2020-05-28,Chenango,4,130,168,3691
2020-05-29,Chenango,2,132,199,3890
2020-05-30,Chenango,1,133,404,4294
2020-05-31,Chenango,0,133,173,4467
2020-06-01,Chenango,0,133,190,4657
2020-06-02,Chenango,0,133,245,4902
2020-06-03,Chenango,0,133,193,5095
2020-06-04,Chenango,0,133,329,5424
2020-06-05,Chenango,0,133,252,5676
2020-06-06,Chenango,1,134,233,5909
2020-06-07,Chenango,1,135,313,6222
2020-06-08,Chenango,0,135,177,6399
2020-06-09,Chenango,2,137,234,6633
2020-06-10,Chenango,0,137,264,6897
2020-06-11,Chenango,1,138,273,7170
2020-06-12,Chenango,0,138,188,7358
2020-06-13,Chenango,0,138,219,7577
2020-06-14,Chenango,0,138,79,7656
2020-06-15,Chenango,1,139,213,7869
2020-06-16,Chenango,0,139,175,8044
2020-06-17,Chenango,0,139,281,8325
2020-06-18,Chenango,0,139,359,8684
2020-06-19,Chenango,0,139,169,8853
2020-06-20,Chenango,0,139,348,9201
2020-06-21,Chenango,1,140,134,9335
2020-06-22,Chenango,1,141,273,9608
2020-06-23,Chenango,1,142,83,9691
2020-06-24,Chenango,2,144,217,9908
2020-06-25,Chenango,1,145,300,10208
2020-06-26,Chenango,1,146,199,10407
2020-06-27,Chenango,0,146,234,10641
2020-06-28,Chenango,0,146,162,10803
2020-06-29,Chenango,0,146,104,10907
2020-06-30,Chenango,0,146,119,11026
2020-07-01,Chenango,2,148,231,11257
2020-07-02,Chenango,0,148,256,11513
2020-07-03,Chenango,1,149,115,11628
2020-07-04,Chenango,1,150,89,11717
2020-07-05,Chenango,6,156,433,12150
2020-07-06,Chenango,1,157,225,12375
2020-07-07,Chenango,2,159,83,12458
2020-07-08,Chenango,4,163,87,12545
2020-07-09,Chenango,3,166,208,12753
2020-07-10,Chenango,0,166,133,12886
2020-07-11,Chenango,0,166,162,13048
2020-07-12,Chenango,3,169,188,13236
2020-07-13,Chenango,2,171,282,13518
2020-07-14,Chenango,4,175,209,13727
2020-07-15,Chenango,3,178,129,13856
2020-07-16,Chenango,3,181,197,14053
2020-07-17,Chenango,1,182,173,14226
2020-07-18,Chenango,0,182,112,14338
2020-07-19,Chenango,2,184,134,14472
2020-07-20,Chenango,4,188,175,14647
2020-07-21,Chenango,3,191,306,14953
2020-07-22,Chenango,3,194,204,15157
2020-07-23,Chenango,2,196,212,15369
2020-07-24,Chenango,7,203,220,15589
2020-07-25,Chenango,0,203,102,15691
2020-07-26,Chenango,0,203,249,15940
2020-07-27,Chenango,0,203,92,16032
2020-07-28,Chenango,2,205,147,16179
2020-07-29,Chenango,1,206,108,16287
2020-07-30,Chenango,1,207,189,16476
2020-07-31,Chenango,2,209,193,16669
2020-08-01,Chenango,2,211,289,16958
2020-08-02,Chenango,0,211,206,17164
2020-08-03,Chenango,1,212,111,17275
2020-08-04,Chenango,0,212,179,17454
2020-08-05,Chenango,0,212,95,17549
2020-08-06,Chenango,3,215,213,17762
2020-08-07,Chenango,0,215,155,17917
2020-08-08,Chenango,1,216,165,18082
2020-08-09,Chenango,0,216,122,18204
2020-08-10,Chenango,2,218,520,18724
2020-08-11,Chenango,0,218,95,18819
2020-08-12,Chenango,0,218,158,18977
2020-08-13,Chenango,0,218,185,19162
2020-08-14,Chenango,0,218,227,19389
2020-08-15,Chenango,0,218,278,19667
2020-08-16,Chenango,0,218,249,19916
2020-08-17,Chenango,0,218,173,20089
2020-08-18,Chenango,0,218,183,20272
2020-08-19,Chenango,1,219,144,20416
2020-08-20,Chenango,3,222,419,20835
2020-08-21,Chenango,1,223,280,21115
2020-08-22,Chenango,0,223,131,21246
2020-08-23,Chenango,0,223,119,21365
2020-08-24,Chenango,0,223,144,21509
2020-08-25,Chenango,0,223,144,21653
2020-08-26,Chenango,1,224,173,21826
2020-08-27,Chenango,0,224,361,22187
2020-08-28,Chenango,1,225,290,22477
2020-08-29,Chenango,2,227,210,22687
2020-08-30,Chenango,1,228,153,22840
2020-08-31,Chenango,1,229,349,23189
2020-09-01,Chenango,0,229,158,23347
2020-09-02,Chenango,1,230,134,23481
2020-09-03,Chenango,1,231,164,23645
2020-09-04,Chenango,2,233,330,23975
2020-09-05,Chenango,2,235,176,24151
2020-09-06,Chenango,0,235,294,24445
2020-09-07,Chenango,4,239,187,24632
2020-09-08,Chenango,1,240,80,24712
2020-09-09,Chenango,2,242,120,24832
2020-09-10,Chenango,2,244,232,25064
2020-09-11,Chenango,1,245,446,25510
2020-09-12,Chenango,0,245,314,25824
2020-09-13,Chenango,0,245,255,26079
2020-09-14,Chenango,0,245,93,26172
2020-09-15,Chenango,0,245,92,26264
2020-09-16,Chenango,0,245,218,26482
2020-09-17,Chenango,3,248,223,26705
2020-09-18,Chenango,0,248,338,27043
2020-09-19,Chenango,0,248,283,27326
2020-09-20,Chenango,0,248,173,27499
2020-09-21,Chenango,0,248,87,27586
2020-09-22,Chenango,0,248,107,27693
2020-09-23,Chenango,0,248,161,27854
2020-09-24,Chenango,0,248,166,28020
2020-09-25,Chenango,1,249,457,28477
2020-09-26,Chenango,0,249,186,28663
2020-09-27,Chenango,2,251,103,28766
2020-09-28,Chenango,0,251,111,28877
2020-09-29,Chenango,2,253,174,29051
2020-09-30,Chenango,0,253,157,29208
2020-10-01,Chenango,4,257,262,29470
2020-10-02,Chenango,2,259,457,29927
2020-10-03,Chenango,2,261,298,30225
2020-10-04,Chenango,1,262,148,30373
2020-10-05,Chenango,1,263,78,30451
2020-10-06,Chenango,2,265,98,30549
2020-10-07,Chenango,2,267,247,30796
2020-10-08,Chenango,1,268,295,31091
2020-10-09,Chenango,3,271,312,31403
2020-10-10,Chenango,4,275,247,31650
2020-10-11,Chenango,2,277,400,32050
2020-10-12,Chenango,3,280,189,32239
2020-10-13,Chenango,10,290,93,32332
2020-10-14,Chenango,1,291,267,32599
2020-10-15,Chenango,3,294,297,32896
2020-10-16,Chenango,10,304,389,33285
2020-10-17,Chenango,9,313,281,33566
2020-10-18,Chenango,17,330,337,33903
2020-10-19,Chenango,1,331,233,34136
2020-10-20,Chenango,6,337,114,34250
2020-10-21,Chenango,10,347,198,34448
2020-10-22,Chenango,11,358,205,34653
2020-10-23,Chenango,7,365,356,35009
2020-10-24,Chenango,16,381,447,35456
2020-10-25,Chenango,5,386,198,35654
2020-10-26,Chenango,2,388,120,35774
2020-10-27,Chenango,9,397,404,36178
2020-10-28,Chenango,11,408,438,36616
2020-10-29,Chenango,5,413,174,36790
2020-10-30,Chenango,6,419,324,37114
2020-10-31,Chenango,6,425,317,37431
2020-11-01,Chenango,3,428,253,37684
2020-11-02,Chenango,2,430,207,37891
2020-11-03,Chenango,2,432,151,38042
2020-11-04,Chenango,11,443,333,38375
2020-11-05,Chenango,6,449,383,38758
2020-11-06,Chenango,6,455,401,39159
2020-11-07,Chenango,5,460,205,39364
2020-11-08,Chenango,8,468,159,39523
2020-11-09,Chenango,4,472,245,39768
2020-11-10,Chenango,5,477,316,40084
2020-11-11,Chenango,3,480,287,40371
2020-11-12,Chenango,9,489,327,40698
2020-11-13,Chenango,6,495,302,41000
2020-11-14,Chenango,6,501,145,41145
2020-11-15,Chenango,5,506,167,41312
2020-11-16,Chenango,6,512,181,41493
2020-11-17,Chenango,6,518,232,41725
2020-11-18,Chenango,13,531,344,42069
2020-11-19,Chenango,11,542,187,42256
2020-11-20,Chenango,9,551,344,42600
2020-11-21,Chenango,12,563,268,42868
2020-11-22,Chenango,15,578,360,43228
2020-11-23,Chenango,5,583,205,43433
2020-11-24,Chenango,19,602,353,43786
2020-11-25,Chenango,3,605,273,44059
2020-11-26,Chenango,18,623,406,44465
2020-11-27,Chenango,6,629,212,44677
2020-11-28,Chenango,10,639,314,44991
2020-11-29,Chenango,4,643,276,45267
2020-11-30,Chenango,6,649,203,45470
2020-12-01,Chenango,3,652,306,45776
2020-12-02,Chenango,13,665,409,46185
2020-12-03,Chenango,17,682,335,46520
2020-12-04,Chenango,28,710,577,47097
2020-12-05,Chenango,14,724,487,47584
2020-12-06,Chenango,15,739,287,47871
2020-12-07,Chenango,15,754,188,48059
2020-12-08,Chenango,13,767,307,48366
2020-12-09,Chenango,14,781,471,48837
2020-12-10,Chenango,34,815,339,49176
2020-12-11,Chenango,20,835,588,49764
2020-12-12,Chenango,33,868,410,50174
2020-12-13,Chenango,12,880,356,50530
2020-12-14,Chenango,12,892,150,50680
2020-12-15,Chenango,25,917,253,50933
2020-12-16,Chenango,11,928,352,51285
2020-12-17,Chenango,17,945,448,51733
2020-12-18,Chenango,17,962,206,51939
2020-12-19,Chenango,10,972,298,52237
2020-12-20,Chenango,16,988,212,52449
2020-12-21,Chenango,8,996,176,52625
2020-12-22,Chenango,24,1020,316,52941
2020-12-23,Chenango,16,1036,473,53414
2020-12-24,Chenango,38,1074,316,53730
2020-12-25,Chenango,28,1102,450,54180
2020-12-26,Chenango,6,1108,228,54408
2020-12-27,Chenango,21,1129,202,54610
2020-12-28,Chenango,31,1160,271,54881
2020-12-29,Chenango,19,1179,170,55051
2020-12-30,Chenango,35,1214,536,55587
2020-12-31,Chenango,36,1250,411,55998
2021-01-01,Chenango,25,1275,278,56276
2021-01-02,Chenango,21,1296,370,56646
2021-01-03,Chenango,30,1326,501,57147
2021-01-04,Chenango,11,1337,109,57256
2021-01-05,Chenango,20,1357,295,57551
2021-01-06,Chenango,36,1393,493,58044
2021-01-07,Chenango,37,1430,436,58480
2021-01-08,Chenango,41,1471,592,59072
2021-01-09,Chenango,31,1502,422,59494
2021-01-10,Chenango,27,1529,326,59820
2021-01-11,Chenango,29,1558,329,60149
2021-01-12,Chenango,23,1581,424,60573
2021-01-13,Chenango,31,1612,456,61029
2021-01-14,Chenango,42,1654,760,61789
2021-01-15,Chenango,26,1680,628,62417
2021-01-16,Chenango,24,1704,473,62890
2021-01-17,Chenango,46,1750,459,63349
2021-01-18,Chenango,8,1758,202,63551
2021-01-19,Chenango,37,1795,539,64090
2021-01-20,Chenango,26,1821,461,64551
2021-01-21,Chenango,29,1850,569,65120
2021-01-22,Chenango,38,1888,816,65936
2021-01-23,Chenango,38,1926,673,66609
2021-01-24,Chenango,17,1943,496,67105
2021-01-25,Chenango,16,1959,230,67335
2021-01-26,Chenango,18,1977,303,67638
2021-01-27,Chenango,24,2001,523,68161
2021-01-28,Chenango,48,2049,735,68896
2021-01-29,Chenango,29,2078,762,69658
2021-01-30,Chenango,32,2110,529,70187
2021-01-31,Chenango,9,2119,389,70576
2021-02-01,Chenango,14,2133,171,70747
2021-02-02,Chenango,13,2146,389,71136
2021-02-03,Chenango,29,2175,513,71649
2021-02-04,Chenango,20,2195,508,72157
2021-02-05,Chenango,19,2214,521,72678
2021-02-06,Chenango,23,2237,516,73194
2021-02-07,Chenango,12,2249,303,73497
2021-02-08,Chenango,7,2256,120,73617
2021-02-09,Chenango,10,2266,253,73870
2021-02-10,Chenango,19,2285,378,74248
2021-02-11,Chenango,13,2298,669,74917
2021-02-12,Chenango,9,2307,644,75561
2021-02-13,Chenango,12,2319,478,76039
2021-02-14,Chenango,8,2327,226,76265
2021-02-15,Chenango,1,2328,125,76390
2021-02-16,Chenango,1,2329,298,76688
2021-02-17,Chenango,9,2338,527,77215
2021-02-18,Chenango,6,2344,508,77723
2021-02-19,Chenango,15,2359,553,78276
2021-02-20,Chenango,17,2376,499,78775
2021-02-21,Chenango,7,2383,282,79057
2021-02-22,Chenango,2,2385,106,79163
2021-02-23,Chenango,5,2390,255,79418
2021-02-24,Chenango,7,2397,530,79948
2021-02-25,Chenango,13,2410,638,80586
2021-02-26,Chenango,17,2427,556,81142
2021-02-27,Chenango,7,2434,608,81750
2021-02-28,Chenango,5,2439,258,82008
2021-03-01,Chenango,4,2443,109,82117
2021-03-02,Chenango,9,2452,393,82510
2021-03-03,Chenango,9,2461,527,83037
2021-03-04,Chenango,13,2474,601,83638
2021-03-05,Chenango,13,2487,570,84208
2021-03-06,Chenango,15,2502,495,84703
2021-03-07,Chenango,3,2505,237,84940
2021-03-08,Chenango,5,2510,146,85086
2021-03-09,Chenango,17,2527,300,85386
2021-03-10,Chenango,4,2531,309,85695
2021-03-11,Chenango,10,2541,752,86447
2021-03-12,Chenango,13,2554,514,86961
2021-03-13,Chenango,9,2563,511,87472
2021-03-14,Chenango,7,2570,197,87669
2021-03-15,Chenango,15,2585,153,87822
2021-03-16,Chenango,13,2598,374,88196
2021-03-17,Chenango,11,2609,309,88505
2021-03-18,Chenango,16,2625,752,89257
2021-03-19,Chenango,14,2639,521,89778
2021-03-20,Chenango,12,2651,578,90356
2021-03-21,Chenango,8,2659,175,90531
2021-03-22,Chenango,12,2671,159,90690
2021-03-23,Chenango,15,2686,335,91025
2021-03-24,Chenango,14,2700,271,91296
2021-03-25,Chenango,23,2723,776,92072
2021-03-26,Chenango,27,2750,697,92769
2021-03-27,Chenango,21,2771,534,93303
2021-03-28,Chenango,13,2784,218,93521
2021-03-29,Chenango,13,2797,192,93713
2021-03-30,Chenango,21,2818,333,94046
2021-03-31,Chenango,17,2835,471,94517
2021-04-01,Chenango,17,2852,599,95116
2021-04-02,Chenango,14,2866,611,95727
2021-04-03,Chenango,13,2879,468,96195
2021-04-04,Chenango,14,2893,161,96356
2021-04-05,Chenango,7,2900,119,96475
2021-04-06,Chenango,12,2912,279,96754
2021-04-07,Chenango,22,2934,359,97113
2021-04-08,Chenango,22,2956,714,97827
2021-04-09,Chenango,17,2973,614,98441
2021-04-10,Chenango,14,2987,397,98838
2021-04-11,Chenango,20,3007,204,99042
2021-04-12,Chenango,11,3018,189,99231
2021-04-13,Chenango,13,3031,387,99618
2021-04-14,Chenango,17,3048,436,100054
2021-04-15,Chenango,10,3058,579,100633
2021-04-16,Chenango,19,3077,505,101138
2021-04-17,Chenango,14,3091,704,101842
2021-04-18,Chenango,13,3104,166,102008
2021-04-19,Chenango,21,3125,172,102180
2021-04-20,Chenango,13,3138,297,102477
2021-04-21,Chenango,18,3156,483,102960
2021-04-22,Chenango,27,3183,756,103716
2021-04-23,Chenango,19,3202,624,104340
2021-04-24,Chenango,11,3213,452,104792
2021-04-25,Chenango,6,3219,234,105026
2021-04-26,Chenango,10,3229,139,105165
2021-04-27,Chenango,9,3238,377,105542
2021-04-28,Chenango,18,3256,645,106187
2021-04-29,Chenango,12,3268,535,106722
2021-04-30,Chenango,20,3288,566,107288
2021-05-01,Chenango,10,3298,561,107849
2021-05-02,Chenango,11,3309,189,108038
2021-05-03,Chenango,13,3322,101,108139
2021-05-04,Chenango,9,3331,294,108433
2021-05-05,Chenango,11,3342,651,109084
2021-05-06,Chenango,11,3353,603,109687
2021-05-07,Chenango,3,3356,513,110200
2021-05-08,Chenango,10,3366,471,110671
2021-05-09,Chenango,3,3369,119,110790
2021-05-10,Chenango,7,3376,135,110925
2021-05-11,Chenango,12,3388,256,111181
2021-05-12,Chenango,4,3392,598,111779
2021-05-13,Chenango,5,3397,586,112365
2021-05-14,Chenango,5,3402,571,112936
2021-05-15,Chenango,7,3409,360,113296
2021-05-16,Chenango,3,3412,167,113463
2021-05-17,Chenango,8,3420,101,113564
2021-05-18,Chenango,12,3432,341,113905
2021-05-19,Chenango,5,3437,502,114407
2021-05-20,Chenango,9,3446,513,114920
2021-05-21,Chenango,5,3451,456,115376
2021-05-22,Chenango,4,3455,376,115752
2021-05-23,Chenango,0,3455,125,115877
2021-05-24,Chenango,1,3456,101,115978
2021-05-25,Chenango,2,3458,283,116261
2021-05-26,Chenango,4,3462,394,116655
2021-05-27,Chenango,0,3462,410,117065
2021-05-28,Chenango,4,3466,421,117486
2021-05-29,Chenango,2,3468,293,117779
2021-05-30,Chenango,1,3469,99,117878
2021-05-31,Chenango,2,3471,47,117925
2021-06-01,Chenango,2,3473,99,118024
2021-06-02,Chenango,2,3475,295,118319
2021-06-03,Chenango,1,3476,585,118904
2021-06-04,Chenango,2,3478,455,119359
2021-06-05,Chenango,5,3483,444,119803
2021-06-06,Chenango,5,3488,130,119933
2021-06-07,Chenango,1,3489,77,120010
2021-06-08,Chenango,3,3492,220,120230
2021-06-09,Chenango,2,3494,314,120544
2021-06-10,Chenango,1,3495,505,121049
2021-06-11,Chenango,0,3495,340,121389
2021-06-12,Chenango,3,3498,388,121777
2021-06-13,Chenango,0,3498,73,121850
2021-06-14,Chenango,1,3499,129,121979
2021-06-15,Chenango,2,3501,170,122149
2021-06-16,Chenango,2,3503,344,122493
2021-06-17,Chenango,1,3504,413,122906
2021-06-18,Chenango,0,3504,269,123175
2021-06-19,Chenango,0,3504,116,123291
2021-06-20,Chenango,0,3504,58,123349
2021-06-21,Chenango,1,3505,73,123422
2021-06-22,Chenango,2,3507,134,123556
2021-06-23,Chenango,2,3509,190,123746
2021-06-24,Chenango,1,3510,204,123950
2021-06-25,Chenango,1,3511,132,124082
2021-06-26,Chenango,0,3511,134,124216
2021-06-27,Chenango,1,3512,38,124254
2021-06-28,Chenango,1,3513,65,124319
2021-06-29,Chenango,1,3514,162,124481
2021-06-30,Chenango,2,3516,143,124624
2021-07-01,Chenango,0,3516,137,124761
2021-07-02,Chenango,0,3516,69,124830
2021-07-03,Chenango,0,3516,71,124901
2021-07-04,Chenango,0,3516,74,124975
2021-07-05,Chenango,0,3516,23,124998
2021-07-06,Chenango,0,3516,50,125048
2021-07-07,Chenango,2,3518,147,125195
2021-07-08,Chenango,0,3518,182,125377
2021-07-09,Chenango,0,3518,95,125472
2021-07-10,Chenango,1,3519,136,125608
2021-07-11,Chenango,0,3519,61,125669
2021-07-12,Chenango,0,3519,36,125705
2021-07-13,Chenango,0,3519,101,125806
2021-07-14,Chenango,0,3519,140,125946
2021-07-15,Chenango,0,3519,102,126048
2021-07-16,Chenango,0,3519,89,126137
2021-07-17,Chenango,0,3519,132,126269
2021-07-18,Chenango,1,3520,25,126294
2020-03-01,Clinton,0,0,0,0
2020-03-02,Clinton,0,0,0,0
2020-03-03,Clinton,0,0,0,0
2020-03-04,Clinton,0,0,0,0
2020-03-05,Clinton,0,0,0,0
2020-03-06,Clinton,0,0,0,0
2020-03-07,Clinton,0,0,0,0
2020-03-08,Clinton,0,0,0,0
2020-03-09,Clinton,0,0,0,0
2020-03-10,Clinton,0,0,0,0
2020-03-11,Clinton,0,0,4,4
2020-03-12,Clinton,0,0,3,7
2020-03-13,Clinton,0,0,1,8
2020-03-14,Clinton,0,0,1,9
2020-03-15,Clinton,0,0,0,9
2020-03-16,Clinton,1,1,1,10
2020-03-17,Clinton,0,1,3,13
2020-03-18,Clinton,1,2,21,34
2020-03-19,Clinton,0,2,9,43
2020-03-20,Clinton,2,4,12,55
2020-03-21,Clinton,0,4,2,57
2020-03-22,Clinton,2,6,12,69
2020-03-23,Clinton,2,8,17,86
2020-03-24,Clinton,2,10,14,100
2020-03-25,Clinton,1,11,16,116
2020-03-26,Clinton,0,11,6,122
2020-03-27,Clinton,1,12,22,144
2020-03-28,Clinton,1,13,18,162
2020-03-29,Clinton,4,17,19,181
2020-03-30,Clinton,4,21,9,190
2020-03-31,Clinton,4,25,21,211
2020-04-01,Clinton,0,25,5,216
2020-04-02,Clinton,5,30,16,232
2020-04-03,Clinton,1,31,11,243
2020-04-04,Clinton,2,33,23,266
2020-04-05,Clinton,3,36,14,280
2020-04-06,Clinton,1,37,16,296
2020-04-07,Clinton,2,39,25,321
2020-04-08,Clinton,1,40,25,346
2020-04-09,Clinton,3,43,17,363
2020-04-10,Clinton,0,43,23,386
2020-04-11,Clinton,0,43,25,411
2020-04-12,Clinton,1,44,9,420
2020-04-13,Clinton,1,45,23,443
2020-04-14,Clinton,0,45,8,451
2020-04-15,Clinton,1,46,17,468
2020-04-16,Clinton,1,47,21,489
2020-04-17,Clinton,1,48,16,505
2020-04-18,Clinton,1,49,12,517
2020-04-19,Clinton,2,51,10,527
2020-04-20,Clinton,0,51,17,544
2020-04-21,Clinton,0,51,4,548
2020-04-22,Clinton,1,52,11,559
2020-04-23,Clinton,1,53,14,573
2020-04-24,Clinton,1,54,39,612
2020-04-25,Clinton,3,57,28,640
2020-04-26,Clinton,2,59,30,670
2020-04-27,Clinton,0,59,15,685
2020-04-28,Clinton,0,59,23,708
2020-04-29,Clinton,0,59,40,748
2020-04-30,Clinton,2,61,48,796
2020-05-01,Clinton,1,62,35,831
2020-05-02,Clinton,4,66,33,864
2020-05-03,Clinton,2,68,21,885
2020-05-04,Clinton,1,69,27,912
2020-05-05,Clinton,0,69,25,937
2020-05-06,Clinton,0,69,22,959
2020-05-07,Clinton,5,74,72,1031
2020-05-08,Clinton,2,76,27,1058
2020-05-09,Clinton,0,76,33,1091
2020-05-10,Clinton,0,76,53,1144
2020-05-11,Clinton,1,77,38,1182
2020-05-12,Clinton,1,78,53,1235
2020-05-13,Clinton,3,81,123,1358
2020-05-14,Clinton,4,85,126,1484
2020-05-15,Clinton,6,91,150,1634
2020-05-16,Clinton,1,92,88,1722
2020-05-17,Clinton,2,94,155,1877
2020-05-18,Clinton,0,94,59,1936
2020-05-19,Clinton,0,94,58,1994
2020-05-20,Clinton,0,94,204,2198
2020-05-21,Clinton,0,94,131,2329
2020-05-22,Clinton,1,95,135,2464
2020-05-23,Clinton,0,95,131,2595
2020-05-24,Clinton,0,95,70,2665
2020-05-25,Clinton,0,95,108,2773
2020-05-26,Clinton,0,95,51,2824
2020-05-27,Clinton,0,95,201,3025
2020-05-28,Clinton,0,95,226,3251
2020-05-29,Clinton,0,95,441,3692
2020-05-30,Clinton,0,95,329,4021
2020-05-31,Clinton,1,96,146,4167
2020-06-01,Clinton,1,97,147,4314
2020-06-02,Clinton,0,97,309,4623
2020-06-03,Clinton,0,97,632,5255
2020-06-04,Clinton,0,97,319,5574
2020-06-05,Clinton,0,97,421,5995
2020-06-06,Clinton,0,97,305,6300
2020-06-07,Clinton,0,97,220,6520
2020-06-08,Clinton,0,97,105,6625
2020-06-09,Clinton,0,97,306,6931
2020-06-10,Clinton,1,98,268,7199
2020-06-11,Clinton,0,98,350,7549
2020-06-12,Clinton,0,98,285,7834
2020-06-13,Clinton,0,98,187,8021
2020-06-14,Clinton,0,98,137,8158
2020-06-15,Clinton,1,99,225,8383
2020-06-16,Clinton,0,99,242,8625
2020-06-17,Clinton,0,99,252,8877
2020-06-18,Clinton,0,99,251,9128
2020-06-19,Clinton,1,100,325,9453
2020-06-20,Clinton,0,100,112,9565
2020-06-21,Clinton,0,100,192,9757
2020-06-22,Clinton,0,100,167,9924
2020-06-23,Clinton,0,100,184,10108
2020-06-24,Clinton,1,101,312,10420
2020-06-25,Clinton,0,101,153,10573
2020-06-26,Clinton,0,101,264,10837
2020-06-27,Clinton,0,101,226,11063
2020-06-28,Clinton,0,101,160,11223
2020-06-29,Clinton,0,101,133,11356
2020-06-30,Clinton,0,101,287,11643
2020-07-01,Clinton,0,101,254,11897
2020-07-02,Clinton,0,101,156,12053
2020-07-03,Clinton,0,101,114,12167
2020-07-04,Clinton,2,103,183,12350
2020-07-05,Clinton,0,103,140,12490
2020-07-06,Clinton,2,105,295,12785
2020-07-07,Clinton,1,106,186,12971
2020-07-08,Clinton,1,107,339,13310
2020-07-09,Clinton,0,107,278,13588
2020-07-10,Clinton,1,108,211,13799
2020-07-11,Clinton,1,109,190,13989
2020-07-12,Clinton,0,109,178,14167
2020-07-13,Clinton,1,110,280,14447
2020-07-14,Clinton,1,111,215,14662
2020-07-15,Clinton,0,111,261,14923
2020-07-16,Clinton,0,111,236,15159
2020-07-17,Clinton,0,111,357,15516
2020-07-18,Clinton,2,113,145,15661
2020-07-19,Clinton,0,113,134,15795
2020-07-20,Clinton,1,114,339,16134
2020-07-21,Clinton,0,114,264,16398
2020-07-22,Clinton,0,114,317,16715
2020-07-23,Clinton,3,117,285,17000
2020-07-24,Clinton,2,119,334,17334
2020-07-25,Clinton,1,120,368,17702
2020-07-26,Clinton,0,120,183,17885
2020-07-27,Clinton,3,123,395,18280
2020-07-28,Clinton,0,123,129,18409
2020-07-29,Clinton,2,125,307,18716
2020-07-30,Clinton,1,126,158,18874
2020-07-31,Clinton,1,127,297,19171
2020-08-01,Clinton,0,127,381,19552
2020-08-02,Clinton,0,127,184,19736
2020-08-03,Clinton,0,127,309,20045
2020-08-04,Clinton,0,127,164,20209
2020-08-05,Clinton,0,127,116,20325
2020-08-06,Clinton,0,127,134,20459
2020-08-07,Clinton,0,127,338,20797
2020-08-08,Clinton,0,127,226,21023
2020-08-09,Clinton,1,128,252,21275
2020-08-10,Clinton,1,129,374,21649
2020-08-11,Clinton,0,129,139,21788
2020-08-12,Clinton,0,129,230,22018
2020-08-13,Clinton,1,130,151,22169
2020-08-14,Clinton,1,131,257,22426
2020-08-15,Clinton,1,132,287,22713
2020-08-16,Clinton,1,133,109,22822
2020-08-17,Clinton,1,134,363,23185
2020-08-18,Clinton,0,134,213,23398
2020-08-19,Clinton,1,135,170,23568
2020-08-20,Clinton,1,136,265,23833
2020-08-21,Clinton,5,141,335,24168
2020-08-22,Clinton,0,141,254,24422
2020-08-23,Clinton,1,142,82,24504
2020-08-24,Clinton,4,146,400,24904
2020-08-25,Clinton,1,147,157,25061
2020-08-26,Clinton,1,148,267,25328
2020-08-27,Clinton,1,149,193,25521
2020-08-28,Clinton,1,150,369,25890
2020-08-29,Clinton,0,150,197,26087
2020-08-30,Clinton,0,150,255,26342
2020-08-31,Clinton,1,151,203,26545
2020-09-01,Clinton,0,151,249,26794
2020-09-02,Clinton,1,152,171,26965
2020-09-03,Clinton,0,152,191,27156
2020-09-04,Clinton,0,152,385,27541
2020-09-05,Clinton,0,152,157,27698
2020-09-06,Clinton,0,152,308,28006
2020-09-07,Clinton,0,152,225,28231
2020-09-08,Clinton,0,152,51,28282
2020-09-09,Clinton,0,152,267,28549
2020-09-10,Clinton,0,152,173,28722
2020-09-11,Clinton,0,152,441,29163
2020-09-12,Clinton,1,153,229,29392
2020-09-13,Clinton,0,153,225,29617
2020-09-14,Clinton,1,154,330,29947
2020-09-15,Clinton,0,154,108,30055
2020-09-16,Clinton,0,154,241,30296
2020-09-17,Clinton,0,154,150,30446
2020-09-18,Clinton,0,154,328,30774
2020-09-19,Clinton,0,154,287,31061
2020-09-20,Clinton,0,154,94,31155
2020-09-21,Clinton,1,155,381,31536
2020-09-22,Clinton,1,156,226,31762
2020-09-23,Clinton,1,157,298,32060
2020-09-24,Clinton,1,158,433,32493
2020-09-25,Clinton,1,159,417,32910
2020-09-26,Clinton,1,160,412,33322
2020-09-27,Clinton,1,161,259,33581
2020-09-28,Clinton,1,162,296,33877
2020-09-29,Clinton,0,162,361,34238
2020-09-30,Clinton,0,162,1234,35472
2020-10-01,Clinton,2,164,407,35879
2020-10-02,Clinton,1,165,504,36383
2020-10-03,Clinton,1,166,467,36850
2020-10-04,Clinton,4,170,325,37175
2020-10-05,Clinton,3,173,425,37600
2020-10-06,Clinton,0,173,382,37982
2020-10-07,Clinton,4,177,444,38426
2020-10-08,Clinton,1,178,1050,39476
2020-10-09,Clinton,0,178,490,39966
2020-10-10,Clinton,1,179,582,40548
2020-10-11,Clinton,0,179,255,40803
2020-10-12,Clinton,3,182,569,41372
2020-10-13,Clinton,1,183,533,41905
2020-10-14,Clinton,4,187,528,42433
2020-10-15,Clinton,3,190,356,42789
2020-10-16,Clinton,2,192,538,43327
2020-10-17,Clinton,5,197,522,43849
2020-10-18,Clinton,2,199,210,44059
2020-10-19,Clinton,16,215,559,44618
2020-10-20,Clinton,5,220,353,44971
2020-10-21,Clinton,4,224,259,45230
2020-10-22,Clinton,8,232,305,45535
2020-10-23,Clinton,4,236,303,45838
2020-10-24,Clinton,4,240,565,46403
2020-10-25,Clinton,2,242,225,46628
2020-10-26,Clinton,2,244,446,47074
2020-10-27,Clinton,2,246,315,47389
2020-10-28,Clinton,2,248,387,47776
2020-10-29,Clinton,7,255,199,47975
2020-10-30,Clinton,8,263,218,48193
2020-10-31,Clinton,7,270,348,48541
2020-11-01,Clinton,3,273,267,48808
2020-11-02,Clinton,6,279,283,49091
2020-11-03,Clinton,3,282,439,49530
2020-11-04,Clinton,6,288,935,50465
2020-11-05,Clinton,4,292,1073,51538
2020-11-06,Clinton,5,297,322,51860
2020-11-07,Clinton,4,301,409,52269
2020-11-08,Clinton,2,303,313,52582
2020-11-09,Clinton,10,313,336,52918
2020-11-10,Clinton,18,331,211,53129
2020-11-11,Clinton,13,344,1683,54812
2020-11-12,Clinton,12,356,830,55642
2020-11-13,Clinton,16,372,243,55885
2020-11-14,Clinton,5,377,127,56012
2020-11-15,Clinton,3,380,921,56933
2020-11-16,Clinton,4,384,242,57175
2020-11-17,Clinton,5,389,247,57422
2020-11-18,Clinton,8,397,333,57755
2020-11-19,Clinton,9,406,1301,59056
2020-11-20,Clinton,6,412,539,59595
2020-11-21,Clinton,6,418,463,60058
2020-11-22,Clinton,10,428,566,60624
2020-11-23,Clinton,2,430,380,61004
2020-11-24,Clinton,4,434,333,61337
2020-11-25,Clinton,9,443,457,61794
2020-11-26,Clinton,5,448,364,62158
2020-11-27,Clinton,8,456,270,62428
2020-11-28,Clinton,3,459,459,62887
2020-11-29,Clinton,2,461,282,63169
2020-11-30,Clinton,19,480,491,63660
2020-12-01,Clinton,8,488,138,63798
2020-12-02,Clinton,7,495,329,64127
2020-12-03,Clinton,29,524,602,64729
2020-12-04,Clinton,8,532,451,65180
2020-12-05,Clinton,8,540,256,65436
2020-12-06,Clinton,9,549,370,65806
2020-12-07,Clinton,19,568,322,66128
2020-12-08,Clinton,6,574,268,66396
2020-12-09,Clinton,12,586,428,66824
2020-12-10,Clinton,11,597,607,67431
2020-12-11,Clinton,30,627,442,67873
2020-12-12,Clinton,30,657,1702,69575
2020-12-13,Clinton,41,698,418,69993
2020-12-14,Clinton,14,712,407,70400
2020-12-15,Clinton,19,731,311,70711
2020-12-16,Clinton,7,738,943,71654
2020-12-17,Clinton,11,749,821,72475
2020-12-18,Clinton,28,777,792,73267
2020-12-19,Clinton,18,795,495,73762
2020-12-20,Clinton,9,804,415,74177
2020-12-21,Clinton,14,818,404,74581
2020-12-22,Clinton,23,841,411,74992
2020-12-23,Clinton,22,863,475,75467
2020-12-24,Clinton,27,890,480,75947
2020-12-25,Clinton,31,921,647,76594
2020-12-26,Clinton,30,951,385,76979
2020-12-27,Clinton,29,980,365,77344
2020-12-28,Clinton,48,1028,458,77802
2020-12-29,Clinton,22,1050,447,78249
2020-12-30,Clinton,25,1075,785,79034
2020-12-31,Clinton,83,1158,868,79902
2021-01-01,Clinton,52,1210,716,80618
2021-01-02,Clinton,58,1268,610,81228
2021-01-03,Clinton,44,1312,353,81581
2021-01-04,Clinton,40,1352,456,82037
2021-01-05,Clinton,53,1405,676,82713
2021-01-06,Clinton,95,1500,1746,84459
2021-01-07,Clinton,56,1556,1136,85595
2021-01-08,Clinton,63,1619,945,86540
2021-01-09,Clinton,62,1681,738,87278
2021-01-10,Clinton,38,1719,642,87920
2021-01-11,Clinton,74,1793,761,88681
2021-01-12,Clinton,55,1848,517,89198
2021-01-13,Clinton,52,1900,671,89869
2021-01-14,Clinton,77,1977,1069,90938
2021-01-15,Clinton,63,2040,918,91856
2021-01-16,Clinton,51,2091,718,92574
2021-01-17,Clinton,38,2129,538,93112
2021-01-18,Clinton,51,2180,669,93781
2021-01-19,Clinton,29,2209,500,94281
2021-01-20,Clinton,55,2264,1016,95297
2021-01-21,Clinton,53,2317,733,96030
2021-01-22,Clinton,43,2360,782,96812
2021-01-23,Clinton,64,2424,1023,97835
2021-01-24,Clinton,34,2458,585,98420
2021-01-25,Clinton,47,2505,638,99058
2021-01-26,Clinton,37,2542,614,99672
2021-01-27,Clinton,41,2583,740,100412
2021-01-28,Clinton,53,2636,640,101052
2021-01-29,Clinton,34,2670,958,102010
2021-01-30,Clinton,50,2720,910,102920
2021-01-31,Clinton,29,2749,453,103373
2021-02-01,Clinton,30,2779,590,103963
2021-02-02,Clinton,20,2799,373,104336
2021-02-03,Clinton,25,2824,467,104803
2021-02-04,Clinton,32,2856,1082,105885
2021-02-05,Clinton,35,2891,1407,107292
2021-02-06,Clinton,37,2928,788,108080
2021-02-07,Clinton,42,2970,533,108613
2021-02-08,Clinton,29,2999,564,109177
2021-02-09,Clinton,27,3026,892,110069
2021-02-10,Clinton,77,3103,1250,111319
2021-02-11,Clinton,26,3129,706,112025
2021-02-12,Clinton,32,3161,1425,113450
2021-02-13,Clinton,44,3205,663,114113
2021-02-14,Clinton,34,3239,375,114488
2021-02-15,Clinton,19,3258,480,114968
2021-02-16,Clinton,20,3278,1441,116409
2021-02-17,Clinton,19,3297,365,116774
2021-02-18,Clinton,55,3352,1748,118522
2021-02-19,Clinton,17,3369,608,119130
2021-02-20,Clinton,21,3390,537,119667
2021-02-21,Clinton,25,3415,425,120092
2021-02-22,Clinton,37,3452,449,120541
2021-02-23,Clinton,16,3468,2516,123057
2021-02-24,Clinton,39,3507,2074,125131
2021-02-25,Clinton,23,3530,2550,127681
2021-02-26,Clinton,28,3558,700,128381
2021-02-27,Clinton,28,3586,700,129081
2021-02-28,Clinton,24,3610,644,129725
2021-03-01,Clinton,35,3645,478,130203
2021-03-02,Clinton,37,3682,1470,131673
2021-03-03,Clinton,22,3704,1617,133290
2021-03-04,Clinton,37,3741,1921,135211
2021-03-05,Clinton,20,3761,629,135840
2021-03-06,Clinton,27,3788,607,136447
2021-03-07,Clinton,15,3803,583,137030
2021-03-08,Clinton,27,3830,526,137556
2021-03-09,Clinton,13,3843,1359,138915
2021-03-10,Clinton,11,3854,1656,140571
2021-03-11,Clinton,16,3870,1980,142551
2021-03-12,Clinton,12,3882,432,142983
2021-03-13,Clinton,9,3891,661,143644
2021-03-14,Clinton,9,3900,520,144164
2021-03-15,Clinton,14,3914,409,144573
2021-03-16,Clinton,22,3936,1232,145805
2021-03-17,Clinton,14,3950,1520,147325
2021-03-18,Clinton,12,3962,1889,149214
2021-03-19,Clinton,9,3971,568,149782
2021-03-20,Clinton,16,3987,625,150407
2021-03-21,Clinton,15,4002,571,150978
2021-03-22,Clinton,29,4031,363,151341
2021-03-23,Clinton,24,4055,1255,152596
2021-03-24,Clinton,6,4061,1428,154024
2021-03-25,Clinton,16,4077,2088,156112
2021-03-26,Clinton,34,4111,731,156843
2021-03-27,Clinton,17,4128,2610,159453
2021-03-28,Clinton,27,4155,1137,160590
2021-03-29,Clinton,22,4177,746,161336
2021-03-30,Clinton,10,4187,1096,162432
2021-03-31,Clinton,35,4222,542,162974
2021-04-01,Clinton,8,4230,2037,165011
2021-04-02,Clinton,20,4250,830,165841
2021-04-03,Clinton,24,4274,848,166689
2021-04-04,Clinton,22,4296,445,167134
2021-04-05,Clinton,23,4319,958,168092
2021-04-06,Clinton,23,4342,1013,169105
2021-04-07,Clinton,22,4364,1460,170565
2021-04-08,Clinton,27,4391,2105,172670
2021-04-09,Clinton,26,4417,586,173256
2021-04-10,Clinton,20,4437,1006,174262
2021-04-11,Clinton,4,4441,259,174521
2021-04-12,Clinton,24,4465,1242,175763
2021-04-13,Clinton,7,4472,1183,176946
2021-04-14,Clinton,29,4501,1366,178312
2021-04-15,Clinton,10,4511,1782,180094
2021-04-16,Clinton,17,4528,883,180977
2021-04-17,Clinton,22,4550,1033,182010
2021-04-18,Clinton,13,4563,1032,183042
2021-04-19,Clinton,14,4577,446,183488
2021-04-20,Clinton,5,4582,1100,184588
2021-04-21,Clinton,9,4591,1376,185964
2021-04-22,Clinton,20,4611,1010,186974
2021-04-23,Clinton,22,4633,433,187407
2021-04-24,Clinton,9,4642,813,188220
2021-04-25,Clinton,12,4654,931,189151
2021-04-26,Clinton,8,4662,510,189661
2021-04-27,Clinton,4,4666,386,190047
2021-04-28,Clinton,9,4675,453,190500
2021-04-29,Clinton,8,4683,887,191387
2021-04-30,Clinton,10,4693,596,191983
2021-05-01,Clinton,8,4701,1359,193342
2021-05-02,Clinton,12,4713,398,193740
2021-05-03,Clinton,7,4720,484,194224
2021-05-04,Clinton,11,4731,330,194554
2021-05-05,Clinton,13,4744,550,195104
2021-05-06,Clinton,7,4751,583,195687
2021-05-07,Clinton,6,4757,625,196312
2021-05-08,Clinton,5,4762,485,196797
2021-05-09,Clinton,0,4762,719,197516
2021-05-10,Clinton,7,4769,758,198274
2021-05-11,Clinton,4,4773,279,198553
2021-05-12,Clinton,11,4784,388,198941
2021-05-13,Clinton,5,4789,858,199799
2021-05-14,Clinton,14,4803,654,200453
2021-05-15,Clinton,4,4807,436,200889
2021-05-16,Clinton,3,4810,572,201461
2021-05-17,Clinton,1,4811,277,201738
2021-05-18,Clinton,4,4815,359,202097
2021-05-19,Clinton,0,4815,743,202840
2021-05-20,Clinton,2,4817,656,203496
2021-05-21,Clinton,1,4818,303,203799
2021-05-22,Clinton,3,4821,288,204087
2021-05-23,Clinton,3,4824,340,204427
2021-05-24,Clinton,0,4824,403,204830
2021-05-25,Clinton,0,4824,248,205078
2021-05-26,Clinton,2,4826,265,205343
2021-05-27,Clinton,1,4827,998,206341
2021-05-28,Clinton,0,4827,184,206525
2021-05-29,Clinton,0,4827,374,206899
2021-05-30,Clinton,3,4830,409,207308
2021-05-31,Clinton,0,4830,167,207475
2021-06-01,Clinton,2,4832,74,207549
2021-06-02,Clinton,0,4832,155,207704
2021-06-03,Clinton,1,4833,578,208282
2021-06-04,Clinton,0,4833,698,208980
2021-06-05,Clinton,0,4833,225,209205
2021-06-06,Clinton,1,4834,592,209797
2021-06-07,Clinton,1,4835,138,209935
2021-06-08,Clinton,0,4835,171,210106
2021-06-09,Clinton,0,4835,201,210307
2021-06-10,Clinton,0,4835,578,210885
2021-06-11,Clinton,0,4835,154,211039
2021-06-12,Clinton,0,4835,491,211530
2021-06-13,Clinton,0,4835,295,211825
2021-06-14,Clinton,0,4835,106,211931
2021-06-15,Clinton,1,4836,263,212194
2021-06-16,Clinton,0,4836,236,212430
2021-06-17,Clinton,1,4837,307,212737
2021-06-18,Clinton,1,4838,137,212874
2021-06-19,Clinton,1,4839,130,213004
2021-06-20,Clinton,0,4839,185,213189
2021-06-21,Clinton,0,4839,82,213271
2021-06-22,Clinton,0,4839,122,213393
2021-06-23,Clinton,2,4841,174,213567
2021-06-24,Clinton,2,4843,203,213770
2021-06-25,Clinton,2,4845,133,213903
2021-06-26,Clinton,1,4846,172,214075
2021-06-27,Clinton,0,4846,126,214201
2021-06-28,Clinton,0,4846,115,214316
2021-06-29,Clinton,1,4847,152,214468
2021-06-30,Clinton,8,4855,116,214584
2021-07-01,Clinton,0,4855,212,214796
2021-07-02,Clinton,0,4855,108,214904
2021-07-03,Clinton,0,4855,188,215092
2021-07-04,Clinton,0,4855,110,215202
2021-07-05,Clinton,1,4856,57,215259
2021-07-06,Clinton,1,4857,115,215374
2021-07-07,Clinton,1,4858,152,215526
2021-07-08,Clinton,0,4858,170,215696
2021-07-09,Clinton,0,4858,138,215834
2021-07-10,Clinton,0,4858,171,216005
2021-07-11,Clinton,0,4858,144,216149
2021-07-12,Clinton,0,4858,124,216273
2021-07-13,Clinton,0,4858,109,216382
2021-07-14,Clinton,0,4858,111,216493
2021-07-15,Clinton,1,4859,190,216683
2021-07-16,Clinton,0,4859,149,216832
2021-07-17,Clinton,2,4861,135,216967
2021-07-18,Clinton,5,4866,91,217058
2020-03-01,Columbia,0,0,0,0
2020-03-02,Columbia,0,0,0,0
2020-03-03,Columbia,0,0,0,0
2020-03-04,Columbia,0,0,0,0
2020-03-05,Columbia,0,0,0,0
2020-03-06,Columbia,0,0,0,0
2020-03-07,Columbia,0,0,0,0
2020-03-08,Columbia,0,0,1,1
2020-03-09,Columbia,0,0,0,1
2020-03-10,Columbia,0,0,0,1
2020-03-11,Columbia,0,0,2,3
2020-03-12,Columbia,0,0,2,5
2020-03-13,Columbia,0,0,1,6
2020-03-14,Columbia,0,0,4,10
2020-03-15,Columbia,0,0,2,12
2020-03-16,Columbia,0,0,13,25
2020-03-17,Columbia,0,0,14,39
2020-03-18,Columbia,0,0,32,71
2020-03-19,Columbia,1,1,24,95
2020-03-20,Columbia,1,2,35,130
2020-03-21,Columbia,3,5,52,182
2020-03-22,Columbia,5,10,48,230
2020-03-23,Columbia,1,11,10,240
2020-03-24,Columbia,1,12,15,255
2020-03-25,Columbia,1,13,22,277
2020-03-26,Columbia,7,20,20,297
2020-03-27,Columbia,2,22,15,312
2020-03-28,Columbia,1,23,11,323
2020-03-29,Columbia,3,26,26,349
2020-03-30,Columbia,4,30,14,363
2020-03-31,Columbia,1,31,12,375
2020-04-01,Columbia,5,36,21,396
2020-04-02,Columbia,6,42,22,418
2020-04-03,Columbia,7,49,20,438
2020-04-04,Columbia,2,51,15,453
2020-04-05,Columbia,8,59,23,476
2020-04-06,Columbia,2,61,15,491
2020-04-07,Columbia,2,63,8,499
2020-04-08,Columbia,7,70,27,526
2020-04-09,Columbia,4,74,55,581
2020-04-10,Columbia,3,77,30,611
2020-04-11,Columbia,2,79,35,646
2020-04-12,Columbia,1,80,27,673
2020-04-13,Columbia,4,84,30,703
2020-04-14,Columbia,12,96,55,758
2020-04-15,Columbia,3,99,28,786
2020-04-16,Columbia,2,101,20,806
2020-04-17,Columbia,4,105,32,838
2020-04-18,Columbia,2,107,34,872
2020-04-19,Columbia,4,111,17,889
2020-04-20,Columbia,2,113,24,913
2020-04-21,Columbia,4,117,34,947
2020-04-22,Columbia,6,123,35,982
2020-04-23,Columbia,6,129,35,1017
2020-04-24,Columbia,11,140,105,1122
2020-04-25,Columbia,3,143,27,1149
2020-04-26,Columbia,3,146,22,1171
2020-04-27,Columbia,8,154,33,1204
2020-04-28,Columbia,11,165,37,1241
2020-04-29,Columbia,5,170,61,1302
2020-04-30,Columbia,32,202,76,1378
2020-05-01,Columbia,3,205,37,1415
2020-05-02,Columbia,4,209,57,1472
2020-05-03,Columbia,4,213,38,1510
2020-05-04,Columbia,16,229,79,1589
2020-05-05,Columbia,62,291,188,1777
2020-05-06,Columbia,11,302,58,1835
2020-05-07,Columbia,2,304,70,1905
2020-05-08,Columbia,0,304,42,1947
2020-05-09,Columbia,8,312,264,2211
2020-05-10,Columbia,2,314,41,2252
2020-05-11,Columbia,0,314,55,2307
2020-05-12,Columbia,4,318,85,2392
2020-05-13,Columbia,9,327,100,2492
2020-05-14,Columbia,6,333,95,2587
2020-05-15,Columbia,5,338,71,2658
2020-05-16,Columbia,2,340,68,2726
2020-05-17,Columbia,6,346,86,2812
2020-05-18,Columbia,4,350,39,2851
2020-05-19,Columbia,0,350,107,2958
2020-05-20,Columbia,5,355,128,3086
2020-05-21,Columbia,1,356,78,3164
2020-05-22,Columbia,3,359,96,3260
2020-05-23,Columbia,6,365,94,3354
2020-05-24,Columbia,7,372,134,3488
2020-05-25,Columbia,1,373,145,3633
2020-05-26,Columbia,7,380,62,3695
2020-05-27,Columbia,0,380,145,3840
2020-05-28,Columbia,2,382,159,3999
2020-05-29,Columbia,1,383,125,4124
2020-05-30,Columbia,4,387,211,4335
2020-05-31,Columbia,2,389,94,4429
2020-06-01,Columbia,2,391,167,4596
2020-06-02,Columbia,8,399,393,4989
2020-06-03,Columbia,1,400,276,5265
2020-06-04,Columbia,11,411,269,5534
2020-06-05,Columbia,1,412,225,5759
2020-06-06,Columbia,2,414,211,5970
2020-06-07,Columbia,0,414,144,6114
2020-06-08,Columbia,0,414,145,6259
2020-06-09,Columbia,6,420,310,6569
2020-06-10,Columbia,4,424,233,6802
2020-06-11,Columbia,4,428,412,7214
2020-06-12,Columbia,3,431,176,7390
2020-06-13,Columbia,5,436,198,7588
2020-06-14,Columbia,3,439,95,7683
2020-06-15,Columbia,3,442,198,7881
2020-06-16,Columbia,0,442,134,8015
2020-06-17,Columbia,1,443,189,8204
2020-06-18,Columbia,3,446,454,8658
2020-06-19,Columbia,5,451,335,8993
2020-06-20,Columbia,0,451,182,9175
2020-06-21,Columbia,1,452,146,9321
2020-06-22,Columbia,2,454,106,9427
2020-06-23,Columbia,0,454,174,9601
2020-06-24,Columbia,1,455,300,9901
2020-06-25,Columbia,5,460,447,10348
2020-06-26,Columbia,1,461,179,10527
2020-06-27,Columbia,2,463,165,10692
2020-06-28,Columbia,0,463,96,10788
2020-06-29,Columbia,1,464,221,11009
2020-06-30,Columbia,2,466,136,11145
2020-07-01,Columbia,6,472,289,11434
2020-07-02,Columbia,2,474,234,11668
2020-07-03,Columbia,0,474,150,11818
2020-07-04,Columbia,1,475,220,12038
2020-07-05,Columbia,2,477,247,12285
2020-07-06,Columbia,2,479,312,12597
2020-07-07,Columbia,3,482,291,12888
2020-07-08,Columbia,0,482,191,13079
2020-07-09,Columbia,0,482,212,13291
2020-07-10,Columbia,3,485,172,13463
2020-07-11,Columbia,1,486,189,13652
2020-07-12,Columbia,1,487,197,13849
2020-07-13,Columbia,2,489,289,14138
2020-07-14,Columbia,0,489,226,14364
2020-07-15,Columbia,0,489,200,14564
2020-07-16,Columbia,1,490,201,14765
2020-07-17,Columbia,1,491,307,15072
2020-07-18,Columbia,1,492,99,15171
2020-07-19,Columbia,0,492,99,15270
2020-07-20,Columbia,3,495,222,15492
2020-07-21,Columbia,2,497,197,15689
2020-07-22,Columbia,0,497,309,15998
2020-07-23,Columbia,1,498,324,16322
2020-07-24,Columbia,2,500,284,16606
2020-07-25,Columbia,0,500,116,16722
2020-07-26,Columbia,3,503,139,16861
2020-07-27,Columbia,1,504,232,17093
2020-07-28,Columbia,6,510,119,17212
2020-07-29,Columbia,3,513,221,17433
2020-07-30,Columbia,3,516,253,17686
2020-07-31,Columbia,3,519,258,17944
2020-08-01,Columbia,3,522,73,18017
2020-08-02,Columbia,1,523,73,18090
2020-08-03,Columbia,6,529,268,18358
2020-08-04,Columbia,2,531,264,18622
2020-08-05,Columbia,3,534,235,18857
2020-08-06,Columbia,1,535,194,19051
2020-08-07,Columbia,4,539,158,19209
2020-08-08,Columbia,1,540,166,19375
2020-08-09,Columbia,1,541,120,19495
2020-08-10,Columbia,5,546,415,19910
2020-08-11,Columbia,2,548,247,20157
2020-08-12,Columbia,2,550,222,20379
2020-08-13,Columbia,1,551,304,20683
2020-08-14,Columbia,0,551,214,20897
2020-08-15,Columbia,1,552,221,21118
2020-08-16,Columbia,0,552,103,21221
2020-08-17,Columbia,6,558,505,21726
2020-08-18,Columbia,1,559,398,22124
2020-08-19,Columbia,1,560,228,22352
2020-08-20,Columbia,1,561,296,22648
2020-08-21,Columbia,0,561,315,22963
2020-08-22,Columbia,1,562,203,23166
2020-08-23,Columbia,0,562,141,23307
2020-08-24,Columbia,2,564,317,23624
2020-08-25,Columbia,0,564,109,23733
2020-08-26,Columbia,4,568,279,24012
2020-08-27,Columbia,0,568,295,24307
2020-08-28,Columbia,1,569,304,24611
2020-08-29,Columbia,0,569,280,24891
2020-08-30,Columbia,0,569,261,25152
2020-08-31,Columbia,0,569,233,25385
2020-09-01,Columbia,1,570,347,25732
2020-09-02,Columbia,0,570,245,25977
2020-09-03,Columbia,4,574,206,26183
2020-09-04,Columbia,1,575,198,26381
2020-09-05,Columbia,0,575,190,26571
2020-09-06,Columbia,1,576,116,26687
2020-09-07,Columbia,0,576,237,26924
2020-09-08,Columbia,0,576,223,27147
2020-09-09,Columbia,0,576,213,27360
2020-09-10,Columbia,1,577,222,27582
2020-09-11,Columbia,0,577,182,27764
2020-09-12,Columbia,0,577,263,28027
2020-09-13,Columbia,0,577,133,28160
2020-09-14,Columbia,0,577,285,28445
2020-09-15,Columbia,0,577,162,28607
2020-09-16,Columbia,2,579,196,28803
2020-09-17,Columbia,1,580,153,28956
2020-09-18,Columbia,0,580,195,29151
2020-09-19,Columbia,1,581,318,29469
2020-09-20,Columbia,1,582,230,29699
2020-09-21,Columbia,0,582,233,29932
2020-09-22,Columbia,3,585,130,30062
2020-09-23,Columbia,1,586,227,30289
2020-09-24,Columbia,2,588,272,30561
2020-09-25,Columbia,3,591,220,30781
2020-09-26,Columbia,0,591,342,31123
2020-09-27,Columbia,0,591,180,31303
2020-09-28,Columbia,1,592,268,31571
2020-09-29,Columbia,3,595,236,31807
2020-09-30,Columbia,0,595,283,32090
2020-10-01,Columbia,9,604,267,32357
2020-10-02,Columbia,1,605,224,32581
2020-10-03,Columbia,3,608,292,32873
2020-10-04,Columbia,0,608,138,33011
2020-10-05,Columbia,1,609,330,33341
2020-10-06,Columbia,2,611,202,33543
2020-10-07,Columbia,0,611,346,33889
2020-10-08,Columbia,4,615,242,34131
2020-10-09,Columbia,2,617,365,34496
2020-10-10,Columbia,4,621,248,34744
2020-10-11,Columbia,3,624,267,35011
2020-10-12,Columbia,2,626,355,35366
2020-10-13,Columbia,3,629,224,35590
2020-10-14,Columbia,5,634,435,36025
2020-10-15,Columbia,1,635,224,36249
2020-10-16,Columbia,6,641,311,36560
2020-10-17,Columbia,6,647,362,36922
2020-10-18,Columbia,4,651,264,37186
2020-10-19,Columbia,6,657,251,37437
2020-10-20,Columbia,2,659,272,37709
2020-10-21,Columbia,4,663,372,38081
2020-10-22,Columbia,4,667,374,38455
2020-10-23,Columbia,2,669,351,38806
2020-10-24,Columbia,11,680,253,39059
2020-10-25,Columbia,12,692,304,39363
2020-10-26,Columbia,7,699,578,39941
2020-10-27,Columbia,11,710,486,40427
2020-10-28,Columbia,11,721,553,40980
2020-10-29,Columbia,2,723,411,41391
2020-10-30,Columbia,5,728,398,41789
2020-10-31,Columbia,8,736,380,42169
2020-11-01,Columbia,3,739,456,42625
2020-11-02,Columbia,6,745,436,43061
2020-11-03,Columbia,18,763,421,43482
2020-11-04,Columbia,11,774,395,43877
2020-11-05,Columbia,8,782,346,44223
2020-11-06,Columbia,7,789,286,44509
2020-11-07,Columbia,12,801,553,45062
2020-11-08,Columbia,11,812,403,45465
2020-11-09,Columbia,13,825,520,45985
2020-11-10,Columbia,19,844,454,46439
2020-11-11,Columbia,11,855,434,46873
2020-11-12,Columbia,15,870,443,47316
2020-11-13,Columbia,7,877,277,47593
2020-11-14,Columbia,4,881,206,47799
2020-11-15,Columbia,5,886,206,48005
2020-11-16,Columbia,9,895,355,48360
2020-11-17,Columbia,11,906,522,48882
2020-11-18,Columbia,12,918,609,49491
2020-11-19,Columbia,16,934,582,50073
2020-11-20,Columbia,18,952,504,50577
2020-11-21,Columbia,10,962,342,50919
2020-11-22,Columbia,3,965,379,51298
2020-11-23,Columbia,5,970,344,51642
2020-11-24,Columbia,9,979,476,52118
2020-11-25,Columbia,9,988,372,52490
2020-11-26,Columbia,17,1005,492,52982
2020-11-27,Columbia,7,1012,407,53389
2020-11-28,Columbia,8,1020,414,53803
2020-11-29,Columbia,7,1027,273,54076
2020-11-30,Columbia,8,1035,593,54669
2020-12-01,Columbia,9,1044,416,55085
2020-12-02,Columbia,17,1061,669,55754
2020-12-03,Columbia,12,1073,672,56426
2020-12-04,Columbia,13,1086,502,56928
2020-12-05,Columbia,14,1100,316,57244
2020-12-06,Columbia,11,1111,302,57546
2020-12-07,Columbia,6,1117,382,57928
2020-12-08,Columbia,22,1139,496,58424
2020-12-09,Columbia,18,1157,560,58984
2020-12-10,Columbia,18,1175,425,59409
2020-12-11,Columbia,13,1188,462,59871
2020-12-12,Columbia,16,1204,546,60417
2020-12-13,Columbia,21,1225,296,60713
2020-12-14,Columbia,19,1244,453,61166
2020-12-15,Columbia,14,1258,281,61447
2020-12-16,Columbia,30,1288,671,62118
2020-12-17,Columbia,27,1315,617,62735
2020-12-18,Columbia,22,1337,434,63169
2020-12-19,Columbia,15,1352,382,63551
2020-12-20,Columbia,23,1375,355,63906
2020-12-21,Columbia,27,1402,491,64397
2020-12-22,Columbia,14,1416,436,64833
2020-12-23,Columbia,19,1435,657,65490
2020-12-24,Columbia,35,1470,681,66171
2020-12-25,Columbia,24,1494,331,66502
2020-12-26,Columbia,18,1512,357,66859
2020-12-27,Columbia,25,1537,488,67347
2020-12-28,Columbia,29,1566,459,67806
2020-12-29,Columbia,13,1579,254,68060
2020-12-30,Columbia,51,1630,573,68633
2020-12-31,Columbia,48,1678,599,69232
2021-01-01,Columbia,38,1716,509,69741
2021-01-02,Columbia,37,1753,443,70184
2021-01-03,Columbia,15,1768,514,70698
2021-01-04,Columbia,24,1792,458,71156
2021-01-05,Columbia,62,1854,449,71605
2021-01-06,Columbia,52,1906,654,72259
2021-01-07,Columbia,47,1953,579,72838
2021-01-08,Columbia,55,2008,690,73528
2021-01-09,Columbia,52,2060,587,74115
2021-01-10,Columbia,53,2113,597,74712
2021-01-11,Columbia,28,2141,485,75197
2021-01-12,Columbia,45,2186,404,75601
2021-01-13,Columbia,17,2203,442,76043
2021-01-14,Columbia,96,2299,859,76902
2021-01-15,Columbia,45,2344,741,77643
2021-01-16,Columbia,53,2397,564,78207
2021-01-17,Columbia,35,2432,622,78829
2021-01-18,Columbia,63,2495,631,79460
2021-01-19,Columbia,29,2524,424,79884
2021-01-20,Columbia,54,2578,561,80445
2021-01-21,Columbia,67,2645,741,81186
2021-01-22,Columbia,48,2693,924,82110
2021-01-23,Columbia,30,2723,464,82574
2021-01-24,Columbia,39,2762,466,83040
2021-01-25,Columbia,25,2787,403,83443
2021-01-26,Columbia,33,2820,434,83877
2021-01-27,Columbia,33,2853,527,84404
2021-01-28,Columbia,54,2907,608,85012
2021-01-29,Columbia,47,2954,691,85703
2021-01-30,Columbia,17,2971,384,86087
2021-01-31,Columbia,30,3001,456,86543
2021-02-01,Columbia,19,3020,335,86878
2021-02-02,Columbia,20,3040,247,87125
2021-02-03,Columbia,11,3051,381,87506
2021-02-04,Columbia,24,3075,636,88142
2021-02-05,Columbia,29,3104,751,88893
2021-02-06,Columbia,18,3122,460,89353
2021-02-07,Columbia,13,3135,341,89694
2021-02-08,Columbia,21,3156,257,89951
2021-02-09,Columbia,6,3162,333,90284
2021-02-10,Columbia,16,3178,667,90951
2021-02-11,Columbia,18,3196,473,91424
2021-02-12,Columbia,18,3214,709,92133
2021-02-13,Columbia,9,3223,426,92559
2021-02-14,Columbia,11,3234,396,92955
2021-02-15,Columbia,17,3251,271,93226
2021-02-16,Columbia,20,3271,323,93549
2021-02-17,Columbia,13,3284,561,94110
2021-02-18,Columbia,13,3297,620,94730
2021-02-19,Columbia,15,3312,602,95332
2021-02-20,Columbia,6,3318,298,95630
2021-02-21,Columbia,10,3328,405,96035
2021-02-22,Columbia,7,3335,254,96289
2021-02-23,Columbia,12,3347,372,96661
2021-02-24,Columbia,13,3360,707,97368
2021-02-25,Columbia,8,3368,682,98050
2021-02-26,Columbia,7,3375,605,98655
2021-02-27,Columbia,13,3388,368,99023
2021-02-28,Columbia,12,3400,298,99321
2021-03-01,Columbia,5,3405,347,99668
2021-03-02,Columbia,16,3421,467,100135
2021-03-03,Columbia,4,3425,681,100816
2021-03-04,Columbia,9,3434,771,101587
2021-03-05,Columbia,9,3443,641,102228
2021-03-06,Columbia,13,3456,400,102628
2021-03-07,Columbia,4,3460,384,103012
2021-03-08,Columbia,13,3473,444,103456
2021-03-09,Columbia,6,3479,364,103820
2021-03-10,Columbia,5,3484,691,104511
2021-03-11,Columbia,7,3491,593,105104
2021-03-12,Columbia,11,3502,681,105785
2021-03-13,Columbia,5,3507,343,106128
2021-03-14,Columbia,2,3509,279,106407
2021-03-15,Columbia,13,3522,413,106820
2021-03-16,Columbia,10,3532,470,107290
2021-03-17,Columbia,12,3544,538,107828
2021-03-18,Columbia,20,3564,722,108550
2021-03-19,Columbia,8,3572,575,109125
2021-03-20,Columbia,7,3579,376,109501
2021-03-21,Columbia,7,3586,196,109697
2021-03-22,Columbia,20,3606,347,110044
2021-03-23,Columbia,8,3614,427,110471
2021-03-24,Columbia,9,3623,563,111034
2021-03-25,Columbia,9,3632,634,111668
2021-03-26,Columbia,7,3639,533,112201
2021-03-27,Columbia,17,3656,461,112662
2021-03-28,Columbia,8,3664,200,112862
2021-03-29,Columbia,10,3674,392,113254
2021-03-30,Columbia,16,3690,420,113674
2021-03-31,Columbia,5,3695,768,114442
2021-04-01,Columbia,9,3704,661,115103
2021-04-02,Columbia,10,3714,518,115621
2021-04-03,Columbia,9,3723,516,116137
2021-04-04,Columbia,11,3734,410,116547
2021-04-05,Columbia,3,3737,251,116798
2021-04-06,Columbia,10,3747,360,117158
2021-04-07,Columbia,7,3754,492,117650
2021-04-08,Columbia,8,3762,677,118327
2021-04-09,Columbia,17,3779,458,118785
2021-04-10,Columbia,5,3784,353,119138
2021-04-11,Columbia,9,3793,324,119462
2021-04-12,Columbia,6,3799,236,119698
2021-04-13,Columbia,4,3803,376,120074
2021-04-14,Columbia,6,3809,750,120824
2021-04-15,Columbia,9,3818,501,121325
2021-04-16,Columbia,8,3826,435,121760
2021-04-17,Columbia,6,3832,491,122251
2021-04-18,Columbia,5,3837,354,122605
2021-04-19,Columbia,4,3841,293,122898
2021-04-20,Columbia,7,3848,375,123273
2021-04-21,Columbia,2,3850,653,123926
2021-04-22,Columbia,7,3857,628,124554
2021-04-23,Columbia,5,3862,307,124861
2021-04-24,Columbia,3,3865,367,125228
2021-04-25,Columbia,2,3867,277,125505
2021-04-26,Columbia,8,3875,243,125748
2021-04-27,Columbia,6,3881,314,126062
2021-04-28,Columbia,1,3882,676,126738
2021-04-29,Columbia,7,3889,449,127187
2021-04-30,Columbia,5,3894,565,127752
2021-05-01,Columbia,4,3898,382,128134
2021-05-02,Columbia,6,3904,337,128471
2021-05-03,Columbia,9,3913,187,128658
2021-05-04,Columbia,11,3924,285,128943
2021-05-05,Columbia,9,3933,496,129439
2021-05-06,Columbia,11,3944,473,129912
2021-05-07,Columbia,7,3951,445,130357
2021-05-08,Columbia,17,3968,533,130890
2021-05-09,Columbia,6,3974,222,131112
2021-05-10,Columbia,0,3974,155,131267
2021-05-11,Columbia,9,3983,260,131527
2021-05-12,Columbia,8,3991,644,132171
2021-05-13,Columbia,10,4001,278,132449
2021-05-14,Columbia,7,4008,497,132946
2021-05-15,Columbia,5,4013,417,133363
2021-05-16,Columbia,5,4018,292,133655
2021-05-17,Columbia,2,4020,167,133822
2021-05-18,Columbia,6,4026,209,134031
2021-05-19,Columbia,5,4031,457,134488
2021-05-20,Columbia,1,4032,326,134814
2021-05-21,Columbia,5,4037,363,135177
2021-05-22,Columbia,0,4037,129,135306
2021-05-23,Columbia,0,4037,222,135528
2021-05-24,Columbia,1,4038,74,135602
2021-05-25,Columbia,0,4038,335,135937
2021-05-26,Columbia,3,4041,472,136409
2021-05-27,Columbia,0,4041,242,136651
2021-05-28,Columbia,3,4044,260,136911
2021-05-29,Columbia,0,4044,354,137265
2021-05-30,Columbia,1,4045,216,137481
2021-05-31,Columbia,0,4045,77,137558
2021-06-01,Columbia,1,4046,115,137673
2021-06-02,Columbia,0,4046,221,137894
2021-06-03,Columbia,0,4046,537,138431
2021-06-04,Columbia,11,4057,403,138834
2021-06-05,Columbia,2,4059,198,139032
2021-06-06,Columbia,0,4059,328,139360
2021-06-07,Columbia,0,4059,185,139545
2021-06-08,Columbia,2,4061,209,139754
2021-06-09,Columbia,0,4061,343,140097
2021-06-10,Columbia,0,4061,190,140287
2021-06-11,Columbia,1,4062,225,140512
2021-06-12,Columbia,2,4064,131,140643
2021-06-13,Columbia,0,4064,107,140750
2021-06-14,Columbia,0,4064,161,140911
2021-06-15,Columbia,0,4064,209,141120
2021-06-16,Columbia,1,4065,236,141356
2021-06-17,Columbia,0,4065,238,141594
2021-06-18,Columbia,3,4068,246,141840
2021-06-19,Columbia,0,4068,166,142006
2021-06-20,Columbia,0,4068,96,142102
2021-06-21,Columbia,0,4068,95,142197
2021-06-22,Columbia,0,4068,133,142330
2021-06-23,Columbia,1,4069,184,142514
2021-06-24,Columbia,2,4071,109,142623
2021-06-25,Columbia,1,4072,162,142785
2021-06-26,Columbia,1,4073,190,142975
2021-06-27,Columbia,0,4073,97,143072
2021-06-28,Columbia,0,4073,68,143140
2021-06-29,Columbia,6,4079,166,143306
2021-06-30,Columbia,0,4079,88,143394
2021-07-01,Columbia,0,4079,134,143528
2021-07-02,Columbia,3,4082,137,143665
2021-07-03,Columbia,0,4082,110,143775
2021-07-04,Columbia,1,4083,53,143828
2021-07-05,Columbia,0,4083,53,143881
2021-07-06,Columbia,0,4083,102,143983
2021-07-07,Columbia,0,4083,95,144078
2021-07-08,Columbia,2,4085,116,144194
2021-07-09,Columbia,0,4085,127,144321
2021-07-10,Columbia,0,4085,63,144384
2021-07-11,Columbia,0,4085,93,144477
2021-07-12,Columbia,3,4088,96,144573
2021-07-13,Columbia,1,4089,94,144667
2021-07-14,Columbia,0,4089,86,144753
2021-07-15,Columbia,1,4090,93,144846
2021-07-16,Columbia,1,4091,98,144944
2021-07-17,Columbia,5,4096,150,145094
2021-07-18,Columbia,0,4096,40,145134
2020-03-01,Cortland,0,0,0,0
2020-03-02,Cortland,0,0,0,0
2020-03-03,Cortland,0,0,0,0
2020-03-04,Cortland,0,0,0,0
2020-03-05,Cortland,0,0,0,0
2020-03-06,Cortland,0,0,0,0
2020-03-07,Cortland,0,0,1,1
2020-03-08,Cortland,0,0,0,1
2020-03-09,Cortland,0,0,0,1
2020-03-10,Cortland,0,0,0,1
2020-03-11,Cortland,0,0,0,1
2020-03-12,Cortland,0,0,0,1
2020-03-13,Cortland,0,0,0,1
2020-03-14,Cortland,0,0,1,2
2020-03-15,Cortland,0,0,0,2
2020-03-16,Cortland,0,0,2,4
2020-03-17,Cortland,0,0,1,5
2020-03-18,Cortland,0,0,1,6
2020-03-19,Cortland,0,0,7,13
2020-03-20,Cortland,0,0,15,28
2020-03-21,Cortland,1,1,17,45
2020-03-22,Cortland,1,2,55,100
2020-03-23,Cortland,0,2,30,130
2020-03-24,Cortland,0,2,3,133
2020-03-25,Cortland,0,2,41,174
2020-03-26,Cortland,2,4,34,208
2020-03-27,Cortland,1,5,45,253
2020-03-28,Cortland,1,6,28,281
2020-03-29,Cortland,2,8,48,329
2020-03-30,Cortland,0,8,9,338
2020-03-31,Cortland,0,8,12,350
2020-04-01,Cortland,0,8,42,392
2020-04-02,Cortland,2,10,54,446
2020-04-03,Cortland,0,10,32,478
2020-04-04,Cortland,0,10,38,516
2020-04-05,Cortland,3,13,42,558
2020-04-06,Cortland,3,16,25,583
2020-04-07,Cortland,0,16,18,601
2020-04-08,Cortland,0,16,41,642
2020-04-09,Cortland,1,17,25,667
2020-04-10,Cortland,0,17,20,687
2020-04-11,Cortland,1,18,18,705
2020-04-12,Cortland,2,20,18,723
2020-04-13,Cortland,2,22,38,761
2020-04-14,Cortland,1,23,6,767
2020-04-15,Cortland,1,24,17,784
2020-04-16,Cortland,1,25,13,797
2020-04-17,Cortland,0,25,19,816
2020-04-18,Cortland,0,25,11,827
2020-04-19,Cortland,0,25,12,839
2020-04-20,Cortland,0,25,2,841
2020-04-21,Cortland,0,25,5,846
2020-04-22,Cortland,0,25,30,876
2020-04-23,Cortland,0,25,30,906
2020-04-24,Cortland,3,28,109,1015
2020-04-25,Cortland,0,28,26,1041
2020-04-26,Cortland,0,28,16,1057
2020-04-27,Cortland,0,28,7,1064
2020-04-28,Cortland,0,28,22,1086
2020-04-29,Cortland,0,28,26,1112
2020-04-30,Cortland,0,28,31,1143
2020-05-01,Cortland,0,28,30,1173
2020-05-02,Cortland,0,28,16,1189
2020-05-03,Cortland,0,28,42,1231
2020-05-04,Cortland,0,28,12,1243
2020-05-05,Cortland,0,28,33,1276
2020-05-06,Cortland,1,29,27,1303
2020-05-07,Cortland,0,29,38,1341
2020-05-08,Cortland,0,29,96,1437
2020-05-09,Cortland,0,29,29,1466
2020-05-10,Cortland,0,29,27,1493
2020-05-11,Cortland,1,30,33,1526
2020-05-12,Cortland,1,31,40,1566
2020-05-13,Cortland,2,33,50,1616
2020-05-14,Cortland,0,33,95,1711
2020-05-15,Cortland,1,34,221,1932
2020-05-16,Cortland,0,34,140,2072
2020-05-17,Cortland,1,35,99,2171
2020-05-18,Cortland,1,36,62,2233
2020-05-19,Cortland,0,36,77,2310
2020-05-20,Cortland,0,36,144,2454
2020-05-21,Cortland,1,37,86,2540
2020-05-22,Cortland,1,38,223,2763
2020-05-23,Cortland,1,39,147,2910
2020-05-24,Cortland,0,39,221,3131
2020-05-25,Cortland,0,39,64,3195
2020-05-26,Cortland,0,39,82,3277
2020-05-27,Cortland,0,39,34,3311
2020-05-28,Cortland,0,39,207,3518
2020-05-29,Cortland,2,41,188,3706
2020-05-30,Cortland,0,41,261,3967
2020-05-31,Cortland,0,41,84,4051
2020-06-01,Cortland,0,41,128,4179
2020-06-02,Cortland,0,41,92,4271
2020-06-03,Cortland,0,41,130,4401
2020-06-04,Cortland,0,41,343,4744
2020-06-05,Cortland,0,41,294,5038
2020-06-06,Cortland,0,41,201,5239
2020-06-07,Cortland,1,42,179,5418
2020-06-08,Cortland,0,42,162,5580
2020-06-09,Cortland,0,42,153,5733
2020-06-10,Cortland,0,42,110,5843
2020-06-11,Cortland,0,42,258,6101
2020-06-12,Cortland,0,42,216,6317
2020-06-13,Cortland,0,42,174,6491
2020-06-14,Cortland,0,42,87,6578
2020-06-15,Cortland,0,42,155,6733
2020-06-16,Cortland,0,42,124,6857
2020-06-17,Cortland,2,44,107,6964
2020-06-18,Cortland,0,44,216,7180
2020-06-19,Cortland,0,44,251,7431
2020-06-20,Cortland,0,44,130,7561
2020-06-21,Cortland,0,44,84,7645
2020-06-22,Cortland,0,44,181,7826
2020-06-23,Cortland,0,44,90,7916
2020-06-24,Cortland,0,44,153,8069
2020-06-25,Cortland,0,44,106,8175
2020-06-26,Cortland,0,44,234,8409
2020-06-27,Cortland,2,46,234,8643
2020-06-28,Cortland,1,47,95,8738
2020-06-29,Cortland,0,47,144,8882
2020-06-30,Cortland,0,47,111,8993
2020-07-01,Cortland,0,47,138,9131
2020-07-02,Cortland,1,48,41,9172
2020-07-03,Cortland,2,50,135,9307
2020-07-04,Cortland,1,51,217,9524
2020-07-05,Cortland,1,52,55,9579
2020-07-06,Cortland,1,53,164,9743
2020-07-07,Cortland,1,54,137,9880
2020-07-08,Cortland,1,55,147,10027
2020-07-09,Cortland,1,56,92,10119
2020-07-10,Cortland,2,58,138,10257
2020-07-11,Cortland,0,58,278,10535
2020-07-12,Cortland,1,59,103,10638
2020-07-13,Cortland,0,59,143,10781
2020-07-14,Cortland,2,61,160,10941
2020-07-15,Cortland,2,63,85,11026
2020-07-16,Cortland,4,67,216,11242
2020-07-17,Cortland,1,68,285,11527
2020-07-18,Cortland,1,69,133,11660
2020-07-19,Cortland,0,69,83,11743
2020-07-20,Cortland,4,73,182,11925
2020-07-21,Cortland,4,77,398,12323
2020-07-22,Cortland,3,80,259,12582
2020-07-23,Cortland,2,82,98,12680
2020-07-24,Cortland,2,84,362,13042
2020-07-25,Cortland,1,85,212,13254
2020-07-26,Cortland,2,87,470,13724
2020-07-27,Cortland,2,89,267,13991
2020-07-28,Cortland,1,90,148,14139
2020-07-29,Cortland,0,90,166,14305
2020-07-30,Cortland,1,91,247,14552
2020-07-31,Cortland,0,91,168,14720
2020-08-01,Cortland,1,92,233,14953
2020-08-02,Cortland,0,92,103,15056
2020-08-03,Cortland,1,93,311,15367
2020-08-04,Cortland,1,94,88,15455
2020-08-05,Cortland,0,94,192,15647
2020-08-06,Cortland,1,95,148,15795
2020-08-07,Cortland,0,95,255,16050
2020-08-08,Cortland,0,95,149,16199
2020-08-09,Cortland,0,95,247,16446
2020-08-10,Cortland,0,95,327,16773
2020-08-11,Cortland,1,96,109,16882
2020-08-12,Cortland,1,97,187,17069
2020-08-13,Cortland,0,97,113,17182
2020-08-14,Cortland,0,97,211,17393
2020-08-15,Cortland,0,97,150,17543
2020-08-16,Cortland,0,97,112,17655
2020-08-17,Cortland,0,97,372,18027
2020-08-18,Cortland,0,97,143,18170
2020-08-19,Cortland,1,98,176,18346
2020-08-20,Cortland,0,98,168,18514
2020-08-21,Cortland,0,98,223,18737
2020-08-22,Cortland,0,98,106,18843
2020-08-23,Cortland,0,98,239,19082
2020-08-24,Cortland,0,98,103,19185
2020-08-25,Cortland,0,98,173,19358
2020-08-26,Cortland,0,98,82,19440
2020-08-27,Cortland,0,98,200,19640
2020-08-28,Cortland,0,98,196,19836
2020-08-29,Cortland,1,99,156,19992
2020-08-30,Cortland,1,100,93,20085
2020-08-31,Cortland,1,101,145,20230
2020-09-01,Cortland,1,102,92,20322
2020-09-02,Cortland,0,102,112,20434
2020-09-03,Cortland,0,102,231,20665
2020-09-04,Cortland,0,102,171,20836
2020-09-05,Cortland,1,103,223,21059
2020-09-06,Cortland,0,103,77,21136
2020-09-07,Cortland,0,103,224,21360
2020-09-08,Cortland,0,103,101,21461
2020-09-09,Cortland,1,104,98,21559
2020-09-10,Cortland,5,109,187,21746
2020-09-11,Cortland,10,119,378,22124
2020-09-12,Cortland,9,128,221,22345
2020-09-13,Cortland,4,132,193,22538
2020-09-14,Cortland,5,137,241,22779
2020-09-15,Cortland,0,137,279,23058
2020-09-16,Cortland,4,141,287,23345
2020-09-17,Cortland,9,150,279,23624
2020-09-18,Cortland,5,155,356,23980
2020-09-19,Cortland,4,159,305,24285
2020-09-20,Cortland,2,161,193,24478
2020-09-21,Cortland,1,162,167,24645
2020-09-22,Cortland,2,164,255,24900
2020-09-23,Cortland,3,167,172,25072
2020-09-24,Cortland,2,169,328,25400
2020-09-25,Cortland,2,171,376,25776
2020-09-26,Cortland,0,171,253,26029
2020-09-27,Cortland,0,171,176,26205
2020-09-28,Cortland,10,181,215,26420
2020-09-29,Cortland,3,184,858,27278
2020-09-30,Cortland,11,195,759,28037
2020-10-01,Cortland,3,198,350,28387
2020-10-02,Cortland,7,205,525,28912
2020-10-03,Cortland,18,223,411,29323
2020-10-04,Cortland,0,223,150,29473
2020-10-05,Cortland,14,237,166,29639
2020-10-06,Cortland,3,240,583,30222
2020-10-07,Cortland,20,260,347,30569
2020-10-08,Cortland,17,277,790,31359
2020-10-09,Cortland,16,293,546,31905
2020-10-10,Cortland,8,301,474,32379
2020-10-11,Cortland,16,317,498,32877
2020-10-12,Cortland,16,333,267,33144
2020-10-13,Cortland,13,346,1040,34184
2020-10-14,Cortland,25,371,1189,35373
2020-10-15,Cortland,16,387,1203,36576
2020-10-16,Cortland,12,399,1022,37598
2020-10-17,Cortland,7,406,635,38233
2020-10-18,Cortland,10,416,246,38479
2020-10-19,Cortland,20,436,282,38761
2020-10-20,Cortland,15,451,799,39560
2020-10-21,Cortland,24,475,1031,40591
2020-10-22,Cortland,13,488,454,41045
2020-10-23,Cortland,8,496,1258,42303
2020-10-24,Cortland,14,510,678,42981
2020-10-25,Cortland,14,524,1106,44087
2020-10-26,Cortland,18,542,742,44829
2020-10-27,Cortland,5,547,400,45229
2020-10-28,Cortland,6,553,1116,46345
2020-10-29,Cortland,14,567,426,46771
2020-10-30,Cortland,17,584,565,47336
2020-10-31,Cortland,5,589,408,47744
2020-11-01,Cortland,3,592,219,47963
2020-11-02,Cortland,6,598,315,48278
2020-11-03,Cortland,6,604,437,48715
2020-11-04,Cortland,9,613,476,49191
2020-11-05,Cortland,9,622,366,49557
2020-11-06,Cortland,11,633,410,49967
2020-11-07,Cortland,14,647,983,50950
2020-11-08,Cortland,9,656,450,51400
2020-11-09,Cortland,9,665,280,51680
2020-11-10,Cortland,12,677,774,52454
2020-11-11,Cortland,15,692,430,52884
2020-11-12,Cortland,20,712,504,53388
2020-11-13,Cortland,11,723,392,53780
2020-11-14,Cortland,27,750,419,54199
2020-11-15,Cortland,21,771,345,54544
2020-11-16,Cortland,8,779,330,54874
2020-11-17,Cortland,22,801,527,55401
2020-11-18,Cortland,26,827,447,55848
2020-11-19,Cortland,12,839,460,56308
2020-11-20,Cortland,31,870,792,57100
2020-11-21,Cortland,14,884,590,57690
2020-11-22,Cortland,23,907,386,58076
2020-11-23,Cortland,6,913,269,58345
2020-11-24,Cortland,38,951,550,58895
2020-11-25,Cortland,6,957,377,59272
2020-11-26,Cortland,22,979,285,59557
2020-11-27,Cortland,46,1025,279,59836
2020-11-28,Cortland,19,1044,338,60174
2020-11-29,Cortland,17,1061,426,60600
2020-11-30,Cortland,21,1082,366,60966
2020-12-01,Cortland,9,1091,466,61432
2020-12-02,Cortland,25,1116,482,61914
2020-12-03,Cortland,24,1140,541,62455
2020-12-04,Cortland,36,1176,607,63062
2020-12-05,Cortland,27,1203,402,63464
2020-12-06,Cortland,16,1219,229,63693
2020-12-07,Cortland,39,1258,325,64018
2020-12-08,Cortland,33,1291,455,64473
2020-12-09,Cortland,44,1335,607,65080
2020-12-10,Cortland,40,1375,689,65769
2020-12-11,Cortland,59,1434,802,66571
2020-12-12,Cortland,44,1478,574,67145
2020-12-13,Cortland,35,1513,310,67455
2020-12-14,Cortland,26,1539,323,67778
2020-12-15,Cortland,22,1561,379,68157
2020-12-16,Cortland,52,1613,469,68626
2020-12-17,Cortland,42,1655,747,69373
2020-12-18,Cortland,33,1688,568,69941
2020-12-19,Cortland,25,1713,424,70365
2020-12-20,Cortland,32,1745,357,70722
2020-12-21,Cortland,23,1768,225,70947
2020-12-22,Cortland,30,1798,613,71560
2020-12-23,Cortland,33,1831,335,71895
2020-12-24,Cortland,53,1884,579,72474
2020-12-25,Cortland,41,1925,466,72940
2020-12-26,Cortland,16,1941,187,73127
2020-12-27,Cortland,24,1965,215,73342
2020-12-28,Cortland,21,1986,167,73509
2020-12-29,Cortland,31,2017,317,73826
2020-12-30,Cortland,53,2070,464,74290
2020-12-31,Cortland,37,2107,371,74661
2021-01-01,Cortland,54,2161,587,75248
2021-01-02,Cortland,22,2183,340,75588
2021-01-03,Cortland,17,2200,240,75828
2021-01-04,Cortland,17,2217,191,76019
2021-01-05,Cortland,24,2241,397,76416
2021-01-06,Cortland,48,2289,603,77019
2021-01-07,Cortland,51,2340,460,77479
2021-01-08,Cortland,64,2404,872,78351
2021-01-09,Cortland,31,2435,571,78922
2021-01-10,Cortland,20,2455,354,79276
2021-01-11,Cortland,22,2477,318,79594
2021-01-12,Cortland,27,2504,360,79954
2021-01-13,Cortland,29,2533,499,80453
2021-01-14,Cortland,30,2563,671,81124
2021-01-15,Cortland,24,2587,552,81676
2021-01-16,Cortland,17,2604,598,82274
2021-01-17,Cortland,24,2628,348,82622
2021-01-18,Cortland,14,2642,221,82843
2021-01-19,Cortland,26,2668,343,83186
2021-01-20,Cortland,28,2696,530,83716
2021-01-21,Cortland,14,2710,605,84321
2021-01-22,Cortland,28,2738,1157,85478
2021-01-23,Cortland,15,2753,521,85999
2021-01-24,Cortland,9,2762,271,86270
2021-01-25,Cortland,8,2770,233,86503
2021-01-26,Cortland,3,2773,523,87026
2021-01-27,Cortland,20,2793,622,87648
2021-01-28,Cortland,12,2805,523,88171
2021-01-29,Cortland,27,2832,644,88815
2021-01-30,Cortland,14,2846,757,89572
2021-01-31,Cortland,7,2853,234,89806
2021-02-01,Cortland,12,2865,223,90029
2021-02-02,Cortland,5,2870,306,90335
2021-02-03,Cortland,19,2889,449,90784
2021-02-04,Cortland,9,2898,889,91673
2021-02-05,Cortland,13,2911,436,92109
2021-02-06,Cortland,12,2923,1770,93879
2021-02-07,Cortland,12,2935,223,94102
2021-02-08,Cortland,10,2945,212,94314
2021-02-09,Cortland,6,2951,291,94605
2021-02-10,Cortland,30,2981,1582,96187
2021-02-11,Cortland,9,2990,318,96505
2021-02-12,Cortland,14,3004,518,97023
2021-02-13,Cortland,12,3016,1463,98486
2021-02-14,Cortland,7,3023,1603,100089
2021-02-15,Cortland,4,3027,139,100228
2021-02-16,Cortland,11,3038,335,100563
2021-02-17,Cortland,15,3053,445,101008
2021-02-18,Cortland,7,3060,2731,103739
2021-02-19,Cortland,14,3074,567,104306
2021-02-20,Cortland,4,3078,2855,107161
2021-02-21,Cortland,12,3090,385,107546
2021-02-22,Cortland,8,3098,182,107728
2021-02-23,Cortland,4,3102,1438,109166
2021-02-24,Cortland,10,3112,1857,111023
2021-02-25,Cortland,28,3140,2511,113534
2021-02-26,Cortland,8,3148,1183,114717
2021-02-27,Cortland,13,3161,2972,117689
2021-02-28,Cortland,6,3167,158,117847
2021-03-01,Cortland,5,3172,175,118022
2021-03-02,Cortland,6,3178,972,118994
2021-03-03,Cortland,14,3192,1802,120796
2021-03-04,Cortland,15,3207,433,121229
2021-03-05,Cortland,24,3231,572,121801
2021-03-06,Cortland,10,3241,1956,123757
2021-03-07,Cortland,9,3250,238,123995
2021-03-08,Cortland,8,3258,132,124127
2021-03-09,Cortland,7,3265,960,125087
2021-03-10,Cortland,11,3276,2160,127247
2021-03-11,Cortland,6,3282,563,127810
2021-03-12,Cortland,14,3296,487,128297
2021-03-13,Cortland,5,3301,1718,130015
2021-03-14,Cortland,3,3304,197,130212
2021-03-15,Cortland,5,3309,128,130340
2021-03-16,Cortland,6,3315,824,131164
2021-03-17,Cortland,6,3321,1023,132187
2021-03-18,Cortland,4,3325,1847,134034
2021-03-19,Cortland,4,3329,565,134599
2021-03-20,Cortland,7,3336,1765,136364
2021-03-21,Cortland,6,3342,171,136535
2021-03-22,Cortland,4,3346,119,136654
2021-03-23,Cortland,10,3356,735,137389
2021-03-24,Cortland,7,3363,2157,139546
2021-03-25,Cortland,9,3372,668,140214
2021-03-26,Cortland,6,3378,1420,141634
2021-03-27,Cortland,5,3383,1427,143061
2021-03-28,Cortland,7,3390,412,143473
2021-03-29,Cortland,9,3399,260,143733
2021-03-30,Cortland,7,3406,822,144555
2021-03-31,Cortland,12,3418,471,145026
2021-04-01,Cortland,8,3426,654,145680
2021-04-02,Cortland,8,3434,898,146578
2021-04-03,Cortland,7,3441,1139,147717
2021-04-04,Cortland,5,3446,272,147989
2021-04-05,Cortland,7,3453,79,148068
2021-04-06,Cortland,4,3457,774,148842
2021-04-07,Cortland,13,3470,943,149785
2021-04-08,Cortland,12,3482,770,150555
2021-04-09,Cortland,5,3487,1168,151723
2021-04-10,Cortland,6,3493,370,152093
2021-04-11,Cortland,9,3502,221,152314
2021-04-12,Cortland,5,3507,327,152641
2021-04-13,Cortland,8,3515,483,153124
2021-04-14,Cortland,7,3522,1212,154336
2021-04-15,Cortland,6,3528,712,155048
2021-04-16,Cortland,9,3537,502,155550
2021-04-17,Cortland,9,3546,735,156285
2021-04-18,Cortland,7,3553,325,156610
2021-04-19,Cortland,6,3559,229,156839
2021-04-20,Cortland,10,3569,866,157705
2021-04-21,Cortland,10,3579,1230,158935
2021-04-22,Cortland,9,3588,487,159422
2021-04-23,Cortland,9,3597,1315,160737
2021-04-24,Cortland,2,3599,383,161120
2021-04-25,Cortland,2,3601,327,161447
2021-04-26,Cortland,2,3603,104,161551
2021-04-27,Cortland,10,3613,439,161990
2021-04-28,Cortland,6,3619,543,162533
2021-04-29,Cortland,3,3622,747,163280
2021-04-30,Cortland,2,3624,466,163746
2021-05-01,Cortland,12,3636,704,164450
2021-05-02,Cortland,7,3643,224,164674
2021-05-03,Cortland,9,3652,85,164759
2021-05-04,Cortland,11,3663,392,165151
2021-05-05,Cortland,10,3673,432,165583
2021-05-06,Cortland,6,3679,379,165962
2021-05-07,Cortland,15,3694,918,166880
2021-05-08,Cortland,8,3702,604,167484
2021-05-09,Cortland,2,3704,228,167712
2021-05-10,Cortland,6,3710,140,167852
2021-05-11,Cortland,6,3716,414,168266
2021-05-12,Cortland,12,3728,423,168689
2021-05-13,Cortland,22,3750,675,169364
2021-05-14,Cortland,6,3756,487,169851
2021-05-15,Cortland,10,3766,593,170444
2021-05-16,Cortland,7,3773,210,170654
2021-05-17,Cortland,12,3785,113,170767
2021-05-18,Cortland,10,3795,325,171092
2021-05-19,Cortland,12,3807,585,171677
2021-05-20,Cortland,9,3816,687,172364
2021-05-21,Cortland,8,3824,407,172771
2021-05-22,Cortland,7,3831,315,173086
2021-05-23,Cortland,2,3833,109,173195
2021-05-24,Cortland,6,3839,170,173365
2021-05-25,Cortland,8,3847,289,173654
2021-05-26,Cortland,10,3857,330,173984
2021-05-27,Cortland,13,3870,696,174680
2021-05-28,Cortland,5,3875,450,175130
2021-05-29,Cortland,5,3880,348,175478
2021-05-30,Cortland,7,3887,116,175594
2021-05-31,Cortland,2,3889,57,175651
2021-06-01,Cortland,4,3893,132,175783
2021-06-02,Cortland,2,3895,320,176103
2021-06-03,Cortland,3,3898,306,176409
2021-06-04,Cortland,4,3902,787,177196
2021-06-05,Cortland,6,3908,348,177544
2021-06-06,Cortland,3,3911,114,177658
2021-06-07,Cortland,2,3913,111,177769
2021-06-08,Cortland,2,3915,350,178119
2021-06-09,Cortland,1,3916,197,178316
2021-06-10,Cortland,3,3919,350,178666
2021-06-11,Cortland,5,3924,410,179076
2021-06-12,Cortland,1,3925,237,179313
2021-06-13,Cortland,0,3925,78,179391
2021-06-14,Cortland,1,3926,59,179450
2021-06-15,Cortland,0,3926,237,179687
2021-06-16,Cortland,0,3926,212,179899
2021-06-17,Cortland,1,3927,348,180247
2021-06-18,Cortland,2,3929,251,180498
2021-06-19,Cortland,0,3929,208,180706
2021-06-20,Cortland,0,3929,57,180763
2021-06-21,Cortland,1,3930,49,180812
2021-06-22,Cortland,1,3931,172,180984
2021-06-23,Cortland,0,3931,135,181119
2021-06-24,Cortland,0,3931,207,181326
2021-06-25,Cortland,0,3931,272,181598
2021-06-26,Cortland,2,3933,108,181706
2021-06-27,Cortland,1,3934,37,181743
2021-06-28,Cortland,0,3934,39,181782
2021-06-29,Cortland,0,3934,195,181977
2021-06-30,Cortland,0,3934,119,182096
2021-07-01,Cortland,1,3935,205,182301
2021-07-02,Cortland,0,3935,128,182429
2021-07-03,Cortland,0,3935,64,182493
2021-07-04,Cortland,0,3935,55,182548
2021-07-05,Cortland,0,3935,50,182598
2021-07-06,Cortland,1,3936,53,182651
2021-07-07,Cortland,0,3936,167,182818
2021-07-08,Cortland,0,3936,119,182937
2021-07-09,Cortland,0,3936,170,183107
2021-07-10,Cortland,0,3936,66,183173
2021-07-11,Cortland,0,3936,38,183211
2021-07-12,Cortland,1,3937,69,183280
2021-07-13,Cortland,1,3938,183,183463
2021-07-14,Cortland,2,3940,107,183570
2021-07-15,Cortland,0,3940,151,183721
2021-07-16,Cortland,0,3940,130,183851
2021-07-17,Cortland,1,3941,89,183940
2021-07-18,Cortland,1,3942,40,183980
2020-03-01,Delaware,0,0,0,0
2020-03-02,Delaware,0,0,0,0
2020-03-03,Delaware,0,0,0,0
2020-03-04,Delaware,0,0,0,0
2020-03-05,Delaware,0,0,0,0
2020-03-06,Delaware,0,0,0,0
2020-03-07,Delaware,0,0,0,0
2020-03-08,Delaware,0,0,0,0
2020-03-09,Delaware,0,0,1,1
2020-03-10,Delaware,0,0,1,2
2020-03-11,Delaware,0,0,2,4
2020-03-12,Delaware,1,1,1,5
2020-03-13,Delaware,0,1,1,6
2020-03-14,Delaware,0,1,1,7
2020-03-15,Delaware,0,1,5,12
2020-03-16,Delaware,0,1,0,12
2020-03-17,Delaware,0,1,0,12
2020-03-18,Delaware,0,1,1,13
2020-03-19,Delaware,0,1,4,17
2020-03-20,Delaware,0,1,8,25
2020-03-21,Delaware,2,3,10,35
2020-03-22,Delaware,0,3,10,45
2020-03-23,Delaware,0,3,5,50
2020-03-24,Delaware,2,5,5,55
2020-03-25,Delaware,2,7,12,67
2020-03-26,Delaware,1,8,7,74
2020-03-27,Delaware,0,8,13,87
2020-03-28,Delaware,0,8,4,91
2020-03-29,Delaware,3,11,12,103
2020-03-30,Delaware,5,16,11,114
2020-03-31,Delaware,4,20,13,127
2020-04-01,Delaware,2,22,7,134
2020-04-02,Delaware,2,24,9,143
2020-04-03,Delaware,2,26,18,161
2020-04-04,Delaware,1,27,12,173
2020-04-05,Delaware,2,29,28,201
2020-04-06,Delaware,7,36,30,231
2020-04-07,Delaware,1,37,16,247
2020-04-08,Delaware,0,37,22,269
2020-04-09,Delaware,2,39,20,289
2020-04-10,Delaware,0,39,17,306
2020-04-11,Delaware,0,39,10,316
2020-04-12,Delaware,3,42,14,330
2020-04-13,Delaware,3,45,48,378
2020-04-14,Delaware,1,46,7,385
2020-04-15,Delaware,1,47,9,394
2020-04-16,Delaware,1,48,10,404
2020-04-17,Delaware,1,49,8,412
2020-04-18,Delaware,0,49,10,422
2020-04-19,Delaware,0,49,5,427
2020-04-20,Delaware,0,49,3,430
2020-04-21,Delaware,1,50,18,448
2020-04-22,Delaware,0,50,21,469
2020-04-23,Delaware,1,51,15,484
2020-04-24,Delaware,7,58,135,619
2020-04-25,Delaware,0,58,35,654
2020-04-26,Delaware,0,58,21,675
2020-04-27,Delaware,1,59,16,691
2020-04-28,Delaware,1,60,14,705
2020-04-29,Delaware,1,61,24,729
2020-04-30,Delaware,0,61,24,753
2020-05-01,Delaware,0,61,29,782
2020-05-02,Delaware,0,61,28,810
2020-05-03,Delaware,1,62,54,864
2020-05-04,Delaware,0,62,31,895
2020-05-05,Delaware,0,62,30,925
2020-05-06,Delaware,1,63,30,955
2020-05-07,Delaware,0,63,24,979
2020-05-08,Delaware,0,63,30,1009
2020-05-09,Delaware,1,64,33,1042
2020-05-10,Delaware,1,65,19,1061
2020-05-11,Delaware,0,65,50,1111
2020-05-12,Delaware,1,66,53,1164
2020-05-13,Delaware,1,67,136,1300
2020-05-14,Delaware,0,67,120,1420
2020-05-15,Delaware,1,68,70,1490
2020-05-16,Delaware,1,69,51,1541
2020-05-17,Delaware,0,69,56,1597
2020-05-18,Delaware,0,69,65,1662
2020-05-19,Delaware,0,69,45,1707
2020-05-20,Delaware,2,71,65,1772
2020-05-21,Delaware,1,72,124,1896
2020-05-22,Delaware,2,74,51,1947
2020-05-23,Delaware,3,77,80,2027
2020-05-24,Delaware,0,77,44,2071
2020-05-25,Delaware,0,77,22,2093
2020-05-26,Delaware,1,78,205,2298
2020-05-27,Delaware,0,78,213,2511
2020-05-28,Delaware,1,79,156,2667
2020-05-29,Delaware,0,79,123,2790
2020-05-30,Delaware,0,79,209,2999
2020-05-31,Delaware,2,81,96,3095
2020-06-01,Delaware,1,82,138,3233
2020-06-02,Delaware,0,82,195,3428
2020-06-03,Delaware,0,82,171,3599
2020-06-04,Delaware,2,84,129,3728
2020-06-05,Delaware,1,85,217,3945
2020-06-06,Delaware,0,85,124,4069
2020-06-07,Delaware,0,85,164,4233
2020-06-08,Delaware,1,86,194,4427
2020-06-09,Delaware,1,87,198,4625
2020-06-10,Delaware,1,88,173,4798
2020-06-11,Delaware,0,88,92,4890
2020-06-12,Delaware,0,88,110,5000
2020-06-13,Delaware,0,88,181,5181
2020-06-14,Delaware,0,88,111,5292
2020-06-15,Delaware,0,88,206,5498
2020-06-16,Delaware,1,89,202,5700
2020-06-17,Delaware,0,89,116,5816
2020-06-18,Delaware,0,89,143,5959
2020-06-19,Delaware,1,90,144,6103
2020-06-20,Delaware,0,90,167,6270
2020-06-21,Delaware,0,90,134,6404
2020-06-22,Delaware,1,91,167,6571
2020-06-23,Delaware,0,91,91,6662
2020-06-24,Delaware,0,91,215,6877
2020-06-25,Delaware,0,91,69,6946
2020-06-26,Delaware,0,91,131,7077
2020-06-27,Delaware,0,91,220,7297
2020-06-28,Delaware,0,91,154,7451
2020-06-29,Delaware,0,91,147,7598
2020-06-30,Delaware,0,91,157,7755
2020-07-01,Delaware,0,91,106,7861
2020-07-02,Delaware,0,91,62,7923
2020-07-03,Delaware,0,91,73,7996
2020-07-04,Delaware,0,91,265,8261
2020-07-05,Delaware,0,91,85,8346
2020-07-06,Delaware,0,91,147,8493
2020-07-07,Delaware,0,91,50,8543
2020-07-08,Delaware,0,91,83,8626
2020-07-09,Delaware,0,91,78,8704
2020-07-10,Delaware,0,91,147,8851
2020-07-11,Delaware,1,92,247,9098
2020-07-12,Delaware,0,92,80,9178
2020-07-13,Delaware,0,92,111,9289
2020-07-14,Delaware,0,92,100,9389
2020-07-15,Delaware,0,92,117,9506
2020-07-16,Delaware,0,92,161,9667
2020-07-17,Delaware,1,93,193,9860
2020-07-18,Delaware,0,93,64,9924
2020-07-19,Delaware,0,93,105,10029
2020-07-20,Delaware,0,93,119,10148
2020-07-21,Delaware,0,93,187,10335
2020-07-22,Delaware,2,95,114,10449
2020-07-23,Delaware,2,97,120,10569
2020-07-24,Delaware,1,98,133,10702
2020-07-25,Delaware,0,98,77,10779
2020-07-26,Delaware,0,98,65,10844
2020-07-27,Delaware,1,99,110,10954
2020-07-28,Delaware,2,101,98,11052
2020-07-29,Delaware,0,101,186,11238
2020-07-30,Delaware,1,102,126,11364
2020-07-31,Delaware,1,103,156,11520
2020-08-01,Delaware,0,103,148,11668
2020-08-02,Delaware,1,104,134,11802
2020-08-03,Delaware,0,104,153,11955
2020-08-04,Delaware,0,104,130,12085
2020-08-05,Delaware,0,104,35,12120
2020-08-06,Delaware,0,104,163,12283
2020-08-07,Delaware,1,105,184,12467
2020-08-08,Delaware,0,105,150,12617
2020-08-09,Delaware,0,105,135,12752
2020-08-10,Delaware,1,106,273,13025
2020-08-11,Delaware,0,106,154,13179
2020-08-12,Delaware,1,107,139,13318
2020-08-13,Delaware,0,107,102,13420
2020-08-14,Delaware,0,107,169,13589
2020-08-15,Delaware,0,107,117,13706
2020-08-16,Delaware,0,107,80,13786
2020-08-17,Delaware,0,107,165,13951
2020-08-18,Delaware,1,108,173,14124
2020-08-19,Delaware,1,109,119,14243
2020-08-20,Delaware,0,109,146,14389
2020-08-21,Delaware,0,109,143,14532
2020-08-22,Delaware,0,109,177,14709
2020-08-23,Delaware,0,109,143,14852
2020-08-24,Delaware,0,109,112,14964
2020-08-25,Delaware,0,109,173,15137
2020-08-26,Delaware,1,110,131,15268
2020-08-27,Delaware,2,112,175,15443
2020-08-28,Delaware,0,112,120,15563
2020-08-29,Delaware,3,115,183,15746
2020-08-30,Delaware,0,115,90,15836
2020-08-31,Delaware,0,115,289,16125
2020-09-01,Delaware,5,120,159,16284
2020-09-02,Delaware,1,121,160,16444
2020-09-03,Delaware,0,121,382,16826
2020-09-04,Delaware,2,123,213,17039
2020-09-05,Delaware,0,123,134,17173
2020-09-06,Delaware,1,124,229,17402
2020-09-07,Delaware,1,125,165,17567
2020-09-08,Delaware,0,125,32,17599
2020-09-09,Delaware,0,125,69,17668
2020-09-10,Delaware,3,128,140,17808
2020-09-11,Delaware,0,128,213,18021
2020-09-12,Delaware,0,128,217,18238
2020-09-13,Delaware,0,128,169,18407
2020-09-14,Delaware,0,128,82,18489
2020-09-15,Delaware,1,129,86,18575
2020-09-16,Delaware,0,129,127,18702
2020-09-17,Delaware,0,129,132,18834
2020-09-18,Delaware,1,130,139,18973
2020-09-19,Delaware,0,130,217,19190
2020-09-20,Delaware,0,130,220,19410
2020-09-21,Delaware,1,131,205,19615
2020-09-22,Delaware,1,132,139,19754
2020-09-23,Delaware,1,133,122,19876
2020-09-24,Delaware,0,133,107,19983
2020-09-25,Delaware,0,133,232,20215
2020-09-26,Delaware,1,134,167,20382
2020-09-27,Delaware,1,135,171,20553
2020-09-28,Delaware,1,136,237,20790
2020-09-29,Delaware,0,136,510,21300
2020-09-30,Delaware,1,137,111,21411
2020-10-01,Delaware,1,138,129,21540
2020-10-02,Delaware,2,140,227,21767
2020-10-03,Delaware,1,141,170,21937
2020-10-04,Delaware,0,141,191,22128
2020-10-05,Delaware,2,143,139,22267
2020-10-06,Delaware,0,143,480,22747
2020-10-07,Delaware,1,144,159,22906
2020-10-08,Delaware,0,144,175,23081
2020-10-09,Delaware,2,146,185,23266
2020-10-10,Delaware,2,148,146,23412
2020-10-11,Delaware,1,149,223,23635
2020-10-12,Delaware,5,154,332,23967
2020-10-13,Delaware,0,154,501,24468
2020-10-14,Delaware,2,156,143,24611
2020-10-15,Delaware,1,157,138,24749
2020-10-16,Delaware,2,159,206,24955
2020-10-17,Delaware,0,159,165,25120
2020-10-18,Delaware,0,159,231,25351
2020-10-19,Delaware,0,159,224,25575
2020-10-20,Delaware,2,161,693,26268
2020-10-21,Delaware,3,164,109,26377
2020-10-22,Delaware,2,166,105,26482
2020-10-23,Delaware,2,168,189,26671
2020-10-24,Delaware,1,169,226,26897
2020-10-25,Delaware,0,169,223,27120
2020-10-26,Delaware,4,173,176,27296
2020-10-27,Delaware,4,177,1016,28312
2020-10-28,Delaware,1,178,160,28472
2020-10-29,Delaware,3,181,173,28645
2020-10-30,Delaware,6,187,142,28787
2020-10-31,Delaware,5,192,187,28974
2020-11-01,Delaware,1,193,176,29150
2020-11-02,Delaware,4,197,139,29289
2020-11-03,Delaware,8,205,298,29587
2020-11-04,Delaware,8,213,724,30311
2020-11-05,Delaware,9,222,173,30484
2020-11-06,Delaware,5,227,197,30681
2020-11-07,Delaware,11,238,160,30841
2020-11-08,Delaware,8,246,189,31030
2020-11-09,Delaware,9,255,394,31424
2020-11-10,Delaware,7,262,1305,32729
2020-11-11,Delaware,4,266,195,32924
2020-11-12,Delaware,5,271,130,33054
2020-11-13,Delaware,5,276,139,33193
2020-11-14,Delaware,1,277,136,33329
2020-11-15,Delaware,3,280,118,33447
2020-11-16,Delaware,1,281,166,33613
2020-11-17,Delaware,8,289,338,33951
2020-11-18,Delaware,2,291,418,34369
2020-11-19,Delaware,6,297,102,34471
2020-11-20,Delaware,3,300,238,34709
2020-11-21,Delaware,9,309,154,34863
2020-11-22,Delaware,5,314,384,35247
2020-11-23,Delaware,5,319,218,35465
2020-11-24,Delaware,7,326,297,35762
2020-11-25,Delaware,10,336,240,36002
2020-11-26,Delaware,6,342,173,36175
2020-11-27,Delaware,4,346,204,36379
2020-11-28,Delaware,13,359,353,36732
2020-11-29,Delaware,4,363,297,37029
2020-11-30,Delaware,12,375,343,37372
2020-12-01,Delaware,10,385,199,37571
2020-12-02,Delaware,8,393,233,37804
2020-12-03,Delaware,8,401,198,38002
2020-12-04,Delaware,19,420,428,38430
2020-12-05,Delaware,12,432,333,38763
2020-12-06,Delaware,14,446,329,39092
2020-12-07,Delaware,8,454,97,39189
2020-12-08,Delaware,16,470,301,39490
2020-12-09,Delaware,7,477,249,39739
2020-12-10,Delaware,11,488,215,39954
2020-12-11,Delaware,12,500,377,40331
2020-12-12,Delaware,12,512,285,40616
2020-12-13,Delaware,8,520,347,40963
2020-12-14,Delaware,5,525,105,41068
2020-12-15,Delaware,9,534,186,41254
2020-12-16,Delaware,4,538,152,41406
2020-12-17,Delaware,9,547,190,41596
2020-12-18,Delaware,19,566,228,41824
2020-12-19,Delaware,15,581,285,42109
2020-12-20,Delaware,9,590,189,42298
2020-12-21,Delaware,6,596,114,42412
2020-12-22,Delaware,9,605,331,42743
2020-12-23,Delaware,4,609,294,43037
2020-12-24,Delaware,14,623,285,43322
2020-12-25,Delaware,13,636,248,43570
2020-12-26,Delaware,13,649,166,43736
2020-12-27,Delaware,6,655,119,43855
2020-12-28,Delaware,20,675,255,44110
2020-12-29,Delaware,16,691,315,44425
2020-12-30,Delaware,16,707,246,44671
2020-12-31,Delaware,19,726,318,44989
2021-01-01,Delaware,10,736,278,45267
2021-01-02,Delaware,14,750,254,45521
2021-01-03,Delaware,10,760,188,45709
2021-01-04,Delaware,11,771,133,45842
2021-01-05,Delaware,12,783,251,46093
2021-01-06,Delaware,27,810,344,46437
2021-01-07,Delaware,28,838,305,46742
2021-01-08,Delaware,22,860,274,47016
2021-01-09,Delaware,29,889,408,47424
2021-01-10,Delaware,12,901,184,47608
2021-01-11,Delaware,25,926,279,47887
2021-01-12,Delaware,11,937,274,48161
2021-01-13,Delaware,14,951,213,48374
2021-01-14,Delaware,14,965,432,48806
2021-01-15,Delaware,18,983,373,49179
2021-01-16,Delaware,7,990,419,49598
2021-01-17,Delaware,10,1000,224,49822
2021-01-18,Delaware,9,1009,137,49959
2021-01-19,Delaware,20,1029,396,50355
2021-01-20,Delaware,15,1044,355,50710
2021-01-21,Delaware,23,1067,424,51134
2021-01-22,Delaware,33,1100,421,51555
2021-01-23,Delaware,19,1119,409,51964
2021-01-24,Delaware,15,1134,266,52230
2021-01-25,Delaware,25,1159,148,52378
2021-01-26,Delaware,8,1167,298,52676
2021-01-27,Delaware,12,1179,251,52927
2021-01-28,Delaware,18,1197,325,53252
2021-01-29,Delaware,8,1205,464,53716
2021-01-30,Delaware,12,1217,260,53976
2021-01-31,Delaware,9,1226,241,54217
2021-02-01,Delaware,7,1233,203,54420
2021-02-02,Delaware,1,1234,120,54540
2021-02-03,Delaware,7,1241,323,54863
2021-02-04,Delaware,12,1253,309,55172
2021-02-05,Delaware,8,1261,353,55525
2021-02-06,Delaware,16,1277,319,55844
2021-02-07,Delaware,8,1285,198,56042
2021-02-08,Delaware,5,1290,87,56129
2021-02-09,Delaware,11,1301,1523,57652
2021-02-10,Delaware,20,1321,359,58011
2021-02-11,Delaware,19,1340,372,58383
2021-02-12,Delaware,12,1352,237,58620
2021-02-13,Delaware,13,1365,463,59083
2021-02-14,Delaware,6,1371,190,59273
2021-02-15,Delaware,14,1385,125,59398
2021-02-16,Delaware,7,1392,851,60249
2021-02-17,Delaware,19,1411,398,60647
2021-02-18,Delaware,20,1431,337,60984
2021-02-19,Delaware,7,1438,359,61343
2021-02-20,Delaware,10,1448,248,61591
2021-02-21,Delaware,10,1458,312,61903
2021-02-22,Delaware,5,1463,88,61991
2021-02-23,Delaware,6,1469,965,62956
2021-02-24,Delaware,9,1478,938,63894
2021-02-25,Delaware,8,1486,787,64681
2021-02-26,Delaware,12,1498,321,65002
2021-02-27,Delaware,10,1508,405,65407
2021-02-28,Delaware,11,1519,170,65577
2021-03-01,Delaware,5,1524,124,65701
2021-03-02,Delaware,11,1535,1042,66743
2021-03-03,Delaware,8,1543,822,67565
2021-03-04,Delaware,17,1560,296,67861
2021-03-05,Delaware,13,1573,310,68171
2021-03-06,Delaware,17,1590,397,68568
2021-03-07,Delaware,15,1605,217,68785
2021-03-08,Delaware,10,1615,120,68905
2021-03-09,Delaware,11,1626,952,69857
2021-03-10,Delaware,9,1635,809,70666
2021-03-11,Delaware,27,1662,305,70971
2021-03-12,Delaware,24,1686,293,71264
2021-03-13,Delaware,11,1697,393,71657
2021-03-14,Delaware,10,1707,146,71803
2021-03-15,Delaware,3,1710,141,71944
2021-03-16,Delaware,11,1721,1064,73008
2021-03-17,Delaware,16,1737,912,73920
2021-03-18,Delaware,15,1752,314,74234
2021-03-19,Delaware,19,1771,264,74498
2021-03-20,Delaware,15,1786,394,74892
2021-03-21,Delaware,12,1798,218,75110
2021-03-22,Delaware,7,1805,126,75236
2021-03-23,Delaware,12,1817,1032,76268
2021-03-24,Delaware,17,1834,841,77109
2021-03-25,Delaware,12,1846,736,77845
2021-03-26,Delaware,17,1863,417,78262
2021-03-27,Delaware,16,1879,332,78594
2021-03-28,Delaware,8,1887,152,78746
2021-03-29,Delaware,7,1894,178,78924
2021-03-30,Delaware,19,1913,1019,79943
2021-03-31,Delaware,39,1952,431,80374
2021-04-01,Delaware,28,1980,717,81091
2021-04-02,Delaware,21,2001,453,81544
2021-04-03,Delaware,12,2013,290,81834
2021-04-04,Delaware,8,2021,242,82076
2021-04-05,Delaware,7,2028,137,82213
2021-04-06,Delaware,12,2040,962,83175
2021-04-07,Delaware,8,2048,898,84073
2021-04-08,Delaware,21,2069,875,84948
2021-04-09,Delaware,14,2083,419,85367
2021-04-10,Delaware,12,2095,319,85686
2021-04-11,Delaware,8,2103,170,85856
2021-04-12,Delaware,9,2112,201,86057
2021-04-13,Delaware,7,2119,1009,87066
2021-04-14,Delaware,18,2137,1025,88091
2021-04-15,Delaware,5,2142,635,88726
2021-04-16,Delaware,14,2156,400,89126
2021-04-17,Delaware,14,2170,465,89591
2021-04-18,Delaware,10,2180,146,89737
2021-04-19,Delaware,3,2183,113,89850
2021-04-20,Delaware,12,2195,1092,90942
2021-04-21,Delaware,6,2201,976,91918
2021-04-22,Delaware,12,2213,705,92623
2021-04-23,Delaware,15,2228,508,93131
2021-04-24,Delaware,6,2234,226,93357
2021-04-25,Delaware,3,2237,193,93550
2021-04-26,Delaware,1,2238,85,93635
2021-04-27,Delaware,5,2243,230,93865
2021-04-28,Delaware,6,2249,451,94316
2021-04-29,Delaware,9,2258,679,94995
2021-04-30,Delaware,8,2266,354,95349
2021-05-01,Delaware,5,2271,285,95634
2021-05-02,Delaware,1,2272,175,95809
2021-05-03,Delaware,4,2276,90,95899
2021-05-04,Delaware,3,2279,178,96077
2021-05-05,Delaware,8,2287,315,96392
2021-05-06,Delaware,3,2290,682,97074
2021-05-07,Delaware,3,2293,324,97398
2021-05-08,Delaware,4,2297,279,97677
2021-05-09,Delaware,1,2298,136,97813
2021-05-10,Delaware,3,2301,134,97947
2021-05-11,Delaware,6,2307,200,98147
2021-05-12,Delaware,4,2311,361,98508
2021-05-13,Delaware,6,2317,600,99108
2021-05-14,Delaware,3,2320,278,99386
2021-05-15,Delaware,0,2320,181,99567
2021-05-16,Delaware,1,2321,79,99646
2021-05-17,Delaware,3,2324,126,99772
2021-05-18,Delaware,8,2332,238,100010
2021-05-19,Delaware,2,2334,527,100537
2021-05-20,Delaware,3,2337,199,100736
2021-05-21,Delaware,7,2344,345,101081
2021-05-22,Delaware,1,2345,139,101220
2021-05-23,Delaware,3,2348,102,101322
2021-05-24,Delaware,0,2348,98,101420
2021-05-25,Delaware,0,2348,168,101588
2021-05-26,Delaware,1,2349,416,102004
2021-05-27,Delaware,1,2350,251,102255
2021-05-28,Delaware,2,2352,181,102436
2021-05-29,Delaware,2,2354,242,102678
2021-05-30,Delaware,2,2356,110,102788
2021-05-31,Delaware,1,2357,84,102872
2021-06-01,Delaware,0,2357,81,102953
2021-06-02,Delaware,0,2357,136,103089
2021-06-03,Delaware,4,2361,379,103468
2021-06-04,Delaware,5,2366,358,103826
2021-06-05,Delaware,6,2372,116,103942
2021-06-06,Delaware,2,2374,72,104014
2021-06-07,Delaware,0,2374,121,104135
2021-06-08,Delaware,2,2376,148,104283
2021-06-09,Delaware,0,2376,266,104549
2021-06-10,Delaware,1,2377,278,104827
2021-06-11,Delaware,2,2379,206,105033
2021-06-12,Delaware,0,2379,125,105158
2021-06-13,Delaware,0,2379,61,105219
2021-06-14,Delaware,2,2381,64,105283
2021-06-15,Delaware,2,2383,116,105399
2021-06-16,Delaware,2,2385,255,105654
2021-06-17,Delaware,0,2385,104,105758
2021-06-18,Delaware,0,2385,146,105904
2021-06-19,Delaware,0,2385,80,105984
2021-06-20,Delaware,1,2386,65,106049
2021-06-21,Delaware,0,2386,76,106125
2021-06-22,Delaware,2,2388,90,106215
2021-06-23,Delaware,1,2389,231,106446
2021-06-24,Delaware,0,2389,96,106542
2021-06-25,Delaware,2,2391,125,106667
2021-06-26,Delaware,1,2392,125,106792
2021-06-27,Delaware,1,2393,54,106846
2021-06-28,Delaware,1,2394,60,106906
2021-06-29,Delaware,1,2395,116,107022
2021-06-30,Delaware,0,2395,149,107171
2021-07-01,Delaware,0,2395,90,107261
2021-07-02,Delaware,0,2395,84,107345
2021-07-03,Delaware,0,2395,75,107420
2021-07-04,Delaware,0,2395,94,107514
2021-07-05,Delaware,0,2395,20,107534
2021-07-06,Delaware,0,2395,46,107580
2021-07-07,Delaware,0,2395,109,107689
2021-07-08,Delaware,2,2397,177,107866
2021-07-09,Delaware,0,2397,103,107969
2021-07-10,Delaware,0,2397,82,108051
2021-07-11,Delaware,1,2398,109,108160
2021-07-12,Delaware,0,2398,47,108207
2021-07-13,Delaware,2,2400,105,108312
2021-07-14,Delaware,0,2400,163,108475
2021-07-15,Delaware,1,2401,69,108544
2021-07-16,Delaware,0,2401,75,108619
2021-07-17,Delaware,0,2401,72,108691
2021-07-18,Delaware,3,2404,35,108726
2020-03-01,Dutchess,0,0,0,0
2020-03-02,Dutchess,0,0,0,0
2020-03-03,Dutchess,0,0,0,0
2020-03-04,Dutchess,0,0,0,0
2020-03-05,Dutchess,0,0,0,0
2020-03-06,Dutchess,0,0,0,0
2020-03-07,Dutchess,0,0,0,0
2020-03-08,Dutchess,0,0,0,0
2020-03-09,Dutchess,0,0,0,0
2020-03-10,Dutchess,0,0,2,2
2020-03-11,Dutchess,1,1,5,7
2020-03-12,Dutchess,0,1,3,10
2020-03-13,Dutchess,2,3,10,20
2020-03-14,Dutchess,4,7,17,37
2020-03-15,Dutchess,3,10,20,57
2020-03-16,Dutchess,6,16,32,89
2020-03-17,Dutchess,4,20,23,112
2020-03-18,Dutchess,11,31,107,219
2020-03-19,Dutchess,5,36,59,278
2020-03-20,Dutchess,13,49,205,483
2020-03-21,Dutchess,33,82,205,688
2020-03-22,Dutchess,18,100,135,823
2020-03-23,Dutchess,24,124,111,934
2020-03-24,Dutchess,29,153,146,1080
2020-03-25,Dutchess,37,190,209,1289
2020-03-26,Dutchess,35,225,155,1444
2020-03-27,Dutchess,37,262,200,1644
2020-03-28,Dutchess,58,320,195,1839
2020-03-29,Dutchess,72,392,227,2066
2020-03-30,Dutchess,92,484,300,2366
2020-03-31,Dutchess,63,547,196,2562
2020-04-01,Dutchess,120,667,330,2892
2020-04-02,Dutchess,142,809,415,3307
2020-04-03,Dutchess,129,938,447,3754
2020-04-04,Dutchess,139,1077,352,4106
2020-04-05,Dutchess,112,1189,338,4444
2020-04-06,Dutchess,60,1249,335,4779
2020-04-07,Dutchess,146,1395,462,5241
2020-04-08,Dutchess,98,1493,512,5753
2020-04-09,Dutchess,105,1598,509,6262
2020-04-10,Dutchess,146,1744,584,6846
2020-04-11,Dutchess,94,1838,431,7277
2020-04-12,Dutchess,43,1881,499,7776
2020-04-13,Dutchess,53,1934,566,8342
2020-04-14,Dutchess,114,2048,487,8829
2020-04-15,Dutchess,37,2085,314,9143
2020-04-16,Dutchess,57,2142,300,9443
2020-04-17,Dutchess,59,2201,381,9824
2020-04-18,Dutchess,39,2240,196,10020
2020-04-19,Dutchess,44,2284,357,10377
2020-04-20,Dutchess,47,2331,209,10586
2020-04-21,Dutchess,60,2391,313,10899
2020-04-22,Dutchess,69,2460,366,11265
2020-04-23,Dutchess,57,2517,374,11639
2020-04-24,Dutchess,143,2660,913,12552
2020-04-25,Dutchess,69,2729,485,13037
2020-04-26,Dutchess,64,2793,389,13426
2020-04-27,Dutchess,24,2817,223,13649
2020-04-28,Dutchess,64,2881,566,14215
2020-04-29,Dutchess,73,2954,427,14642
2020-04-30,Dutchess,48,3002,443,15085
2020-05-01,Dutchess,47,3049,473,15558
2020-05-02,Dutchess,37,3086,434,15992
2020-05-03,Dutchess,45,3131,370,16362
2020-05-04,Dutchess,20,3151,307,16669
2020-05-05,Dutchess,41,3192,370,17039
2020-05-06,Dutchess,41,3233,438,17477
2020-05-07,Dutchess,44,3277,482,17959
2020-05-08,Dutchess,42,3319,534,18493
2020-05-09,Dutchess,40,3359,471,18964
2020-05-10,Dutchess,19,3378,348,19312
2020-05-11,Dutchess,21,3399,216,19528
2020-05-12,Dutchess,30,3429,387,19915
2020-05-13,Dutchess,45,3474,459,20374
2020-05-14,Dutchess,24,3498,394,20768
2020-05-15,Dutchess,29,3527,627,21395
2020-05-16,Dutchess,16,3543,491,21886
2020-05-17,Dutchess,9,3552,337,22223
2020-05-18,Dutchess,158,3710,972,23195
2020-05-19,Dutchess,14,3724,536,23731
2020-05-20,Dutchess,21,3745,573,24304
2020-05-21,Dutchess,22,3767,556,24860
2020-05-22,Dutchess,26,3793,549,25409
2020-05-23,Dutchess,14,3807,874,26283
2020-05-24,Dutchess,18,3825,650,26933
2020-05-25,Dutchess,9,3834,301,27234
2020-05-26,Dutchess,13,3847,423,27657
2020-05-27,Dutchess,20,3867,911,28568
2020-05-28,Dutchess,20,3887,1257,29825
2020-05-29,Dutchess,12,3899,1265,31090
2020-05-30,Dutchess,10,3909,765,31855
2020-05-31,Dutchess,15,3924,1034,32889
2020-06-01,Dutchess,12,3936,936,33825
2020-06-02,Dutchess,15,3951,1003,34828
2020-06-03,Dutchess,11,3962,771,35599
2020-06-04,Dutchess,22,3984,1166,36765
2020-06-05,Dutchess,11,3995,1072,37837
2020-06-06,Dutchess,5,4000,793,38630
2020-06-07,Dutchess,6,4006,906,39536
2020-06-08,Dutchess,10,4016,717,40253
2020-06-09,Dutchess,6,4022,944,41197
2020-06-10,Dutchess,5,4027,1072,42269
2020-06-11,Dutchess,8,4035,1046,43315
2020-06-12,Dutchess,14,4049,1186,44501
2020-06-13,Dutchess,7,4056,766,45267
2020-06-14,Dutchess,12,4068,1161,46428
2020-06-15,Dutchess,7,4075,817,47245
2020-06-16,Dutchess,2,4077,841,48086
2020-06-17,Dutchess,11,4088,1071,49157
2020-06-18,Dutchess,22,4110,1206,50363
2020-06-19,Dutchess,17,4127,978,51341
2020-06-20,Dutchess,11,4138,1101,52442
2020-06-21,Dutchess,7,4145,781,53223
2020-06-22,Dutchess,5,4150,494,53717
2020-06-23,Dutchess,8,4158,595,54312
2020-06-24,Dutchess,18,4176,1245,55557
2020-06-25,Dutchess,3,4179,958,56515
2020-06-26,Dutchess,12,4191,1099,57614
2020-06-27,Dutchess,7,4198,828,58442
2020-06-28,Dutchess,3,4201,773,59215
2020-06-29,Dutchess,6,4207,422,59637
2020-06-30,Dutchess,6,4213,1015,60652
2020-07-01,Dutchess,12,4225,973,61625
2020-07-02,Dutchess,6,4231,967,62592
2020-07-03,Dutchess,7,4238,828,63420
2020-07-04,Dutchess,5,4243,1123,64543
2020-07-05,Dutchess,3,4246,1096,65639
2020-07-06,Dutchess,2,4248,772,66411
2020-07-07,Dutchess,2,4250,699,67110
2020-07-08,Dutchess,5,4255,1052,68162
2020-07-09,Dutchess,7,4262,1041,69203
2020-07-10,Dutchess,7,4269,1229,70432
2020-07-11,Dutchess,7,4276,1047,71479
2020-07-12,Dutchess,4,4280,839,72318
2020-07-13,Dutchess,38,4318,1153,73471
2020-07-14,Dutchess,19,4337,907,74378
2020-07-15,Dutchess,20,4357,1278,75656
2020-07-16,Dutchess,6,4363,1198,76854
2020-07-17,Dutchess,10,4373,1125,77979
2020-07-18,Dutchess,3,4376,802,78781
2020-07-19,Dutchess,0,4376,603,79384
2020-07-20,Dutchess,4,4380,852,80236
2020-07-21,Dutchess,7,4387,986,81222
2020-07-22,Dutchess,13,4400,1149,82371
2020-07-23,Dutchess,8,4408,1146,83517
2020-07-24,Dutchess,4,4412,1041,84558
2020-07-25,Dutchess,13,4425,921,85479
2020-07-26,Dutchess,15,4440,739,86218
2020-07-27,Dutchess,7,4447,1020,87238
2020-07-28,Dutchess,6,4453,1250,88488
2020-07-29,Dutchess,15,4468,1715,90203
2020-07-30,Dutchess,22,4490,1610,91813
2020-07-31,Dutchess,14,4504,1376,93189
2020-08-01,Dutchess,16,4520,1429,94618
2020-08-02,Dutchess,23,4543,1047,95665
2020-08-03,Dutchess,14,4557,796,96461
2020-08-04,Dutchess,11,4568,990,97451
2020-08-05,Dutchess,14,4582,1232,98683
2020-08-06,Dutchess,7,4589,992,99675
2020-08-07,Dutchess,11,4600,1191,100866
2020-08-08,Dutchess,7,4607,1244,102110
2020-08-09,Dutchess,6,4613,998,103108
2020-08-10,Dutchess,6,4619,885,103993
2020-08-11,Dutchess,12,4631,1114,105107
2020-08-12,Dutchess,9,4640,1362,106469
2020-08-13,Dutchess,15,4655,1549,108018
2020-08-14,Dutchess,13,4668,1797,109815
2020-08-15,Dutchess,18,4686,1581,111396
2020-08-16,Dutchess,14,4700,1177,112573
2020-08-17,Dutchess,4,4704,787,113360
2020-08-18,Dutchess,6,4710,1253,114613
2020-08-19,Dutchess,11,4721,1406,116019
2020-08-20,Dutchess,13,4734,1832,117851
2020-08-21,Dutchess,19,4753,1522,119373
2020-08-22,Dutchess,14,4767,1475,120848
2020-08-23,Dutchess,10,4777,1245,122093
2020-08-24,Dutchess,13,4790,1523,123616
2020-08-25,Dutchess,8,4798,1335,124951
2020-08-26,Dutchess,17,4815,2006,126957
2020-08-27,Dutchess,12,4827,1803,128760
2020-08-28,Dutchess,19,4846,2102,130862
2020-08-29,Dutchess,6,4852,1867,132729
2020-08-30,Dutchess,13,4865,1455,134184
2020-08-31,Dutchess,3,4868,1515,135699
2020-09-01,Dutchess,10,4878,1329,137028
2020-09-02,Dutchess,14,4892,1400,138428
2020-09-03,Dutchess,10,4902,1308,139736
2020-09-04,Dutchess,12,4914,1692,141428
2020-09-05,Dutchess,14,4928,1404,142832
2020-09-06,Dutchess,11,4939,992,143824
2020-09-07,Dutchess,5,4944,609,144433
2020-09-08,Dutchess,12,4956,867,145300
2020-09-09,Dutchess,6,4962,1341,146641
2020-09-10,Dutchess,13,4975,1436,148077
2020-09-11,Dutchess,9,4984,1632,149709
2020-09-12,Dutchess,2,4986,1298,151007
2020-09-13,Dutchess,8,4994,1157,152164
2020-09-14,Dutchess,12,5006,1047,153211
2020-09-15,Dutchess,8,5014,1186,154397
2020-09-16,Dutchess,28,5042,1294,155691
2020-09-17,Dutchess,8,5050,1205,156896
2020-09-18,Dutchess,3,5053,1444,158340
2020-09-19,Dutchess,6,5059,1591,159931
2020-09-20,Dutchess,17,5076,1090,161021
2020-09-21,Dutchess,8,5084,982,162003
2020-09-22,Dutchess,5,5089,910,162913
2020-09-23,Dutchess,16,5105,1303,164216
2020-09-24,Dutchess,3,5108,1388,165604
2020-09-25,Dutchess,7,5115,1346,166950
2020-09-26,Dutchess,5,5120,1218,168168
2020-09-27,Dutchess,4,5124,886,169054
2020-09-28,Dutchess,6,5130,896,169950
2020-09-29,Dutchess,7,5137,837,170787
2020-09-30,Dutchess,11,5148,1617,172404
2020-10-01,Dutchess,17,5165,2223,174627
2020-10-02,Dutchess,4,5169,2087,176714
2020-10-03,Dutchess,10,5179,1408,178122
2020-10-04,Dutchess,8,5187,1157,179279
2020-10-05,Dutchess,18,5205,1487,180766
2020-10-06,Dutchess,9,5214,1341,182107
2020-10-07,Dutchess,8,5222,2438,184545
2020-10-08,Dutchess,11,5233,1790,186335
2020-10-09,Dutchess,12,5245,1883,188218
2020-10-10,Dutchess,7,5252,1454,189672
2020-10-11,Dutchess,7,5259,1465,191137
2020-10-12,Dutchess,12,5271,1172,192309
2020-10-13,Dutchess,10,5281,1996,194305
2020-10-14,Dutchess,8,5289,1951,196256
2020-10-15,Dutchess,16,5305,1542,197798
2020-10-16,Dutchess,13,5318,2055,199853
2020-10-17,Dutchess,10,5328,1421,201274
2020-10-18,Dutchess,12,5340,1399,202673
2020-10-19,Dutchess,15,5355,1287,203960
2020-10-20,Dutchess,11,5366,1182,205142
2020-10-21,Dutchess,16,5382,1749,206891
2020-10-22,Dutchess,21,5403,2223,209114
2020-10-23,Dutchess,18,5421,1919,211033
2020-10-24,Dutchess,17,5438,1551,212584
2020-10-25,Dutchess,12,5450,1216,213800
2020-10-26,Dutchess,15,5465,1516,215316
2020-10-27,Dutchess,7,5472,1356,216672
2020-10-28,Dutchess,36,5508,2367,219039
2020-10-29,Dutchess,17,5525,1787,220826
2020-10-30,Dutchess,22,5547,1793,222619
2020-10-31,Dutchess,18,5565,1974,224593
2020-11-01,Dutchess,20,5585,1265,225858
2020-11-02,Dutchess,27,5612,1626,227484
2020-11-03,Dutchess,30,5642,1665,229149
2020-11-04,Dutchess,27,5669,1989,231138
2020-11-05,Dutchess,41,5710,1828,232966
2020-11-06,Dutchess,29,5739,2426,235392
2020-11-07,Dutchess,51,5790,2182,237574
2020-11-08,Dutchess,49,5839,1529,239103
2020-11-09,Dutchess,40,5879,1551,240654
2020-11-10,Dutchess,65,5944,2150,242804
2020-11-11,Dutchess,59,6003,2240,245044
2020-11-12,Dutchess,71,6074,3122,248166
2020-11-13,Dutchess,70,6144,2344,250510
2020-11-14,Dutchess,41,6185,1598,252108
2020-11-15,Dutchess,39,6224,3281,255389
2020-11-16,Dutchess,84,6308,2479,257868
2020-11-17,Dutchess,78,6386,2094,259962
2020-11-18,Dutchess,53,6439,1655,261617
2020-11-19,Dutchess,54,6493,2283,263900
2020-11-20,Dutchess,76,6569,2466,266366
2020-11-21,Dutchess,65,6634,2110,268476
2020-11-22,Dutchess,94,6728,2778,271254
2020-11-23,Dutchess,83,6811,2414,273668
2020-11-24,Dutchess,56,6867,1726,275394
2020-11-25,Dutchess,63,6930,2393,277787
2020-11-26,Dutchess,91,7021,2517,280304
2020-11-27,Dutchess,101,7122,2173,282477
2020-11-28,Dutchess,75,7197,2021,284498
2020-11-29,Dutchess,87,7284,2563,287061
2020-11-30,Dutchess,70,7354,1940,289001
2020-12-01,Dutchess,158,7512,2795,291796
2020-12-02,Dutchess,123,7635,3029,294825
2020-12-03,Dutchess,163,7798,2715,297540
2020-12-04,Dutchess,157,7955,2642,300182
2020-12-05,Dutchess,144,8099,2776,302958
2020-12-06,Dutchess,93,8192,1809,304767
2020-12-07,Dutchess,147,8339,2514,307281
2020-12-08,Dutchess,117,8456,1969,309250
2020-12-09,Dutchess,173,8629,2364,311614
2020-12-10,Dutchess,165,8794,2770,314384
2020-12-11,Dutchess,182,8976,3362,317746
2020-12-12,Dutchess,170,9146,2605,320351
2020-12-13,Dutchess,144,9290,2437,322788
2020-12-14,Dutchess,192,9482,2466,325254
2020-12-15,Dutchess,160,9642,2381,327635
2020-12-16,Dutchess,158,9800,2717,330352
2020-12-17,Dutchess,159,9959,3649,334001
2020-12-18,Dutchess,131,10090,2090,336091
2020-12-19,Dutchess,148,10238,2194,338285
2020-12-20,Dutchess,167,10405,2513,340798
2020-12-21,Dutchess,215,10620,2281,343079
2020-12-22,Dutchess,152,10772,2665,345744
2020-12-23,Dutchess,157,10929,2565,348309
2020-12-24,Dutchess,191,11120,2999,351308
2020-12-25,Dutchess,146,11266,2472,353780
2020-12-26,Dutchess,161,11427,2052,355832
2020-12-27,Dutchess,169,11596,1672,357504
2020-12-28,Dutchess,124,11720,2278,359782
2020-12-29,Dutchess,149,11869,2005,361787
2020-12-30,Dutchess,213,12082,2655,364442
2020-12-31,Dutchess,297,12379,3338,367780
2021-01-01,Dutchess,222,12601,2900,370680
2021-01-02,Dutchess,196,12797,2116,372796
2021-01-03,Dutchess,223,13020,2253,375049
2021-01-04,Dutchess,170,13190,1854,376903
2021-01-05,Dutchess,189,13379,2499,379402
2021-01-06,Dutchess,263,13642,3462,382864
2021-01-07,Dutchess,281,13923,3478,386342
2021-01-08,Dutchess,289,14212,3231,389573
2021-01-09,Dutchess,259,14471,3388,392961
2021-01-10,Dutchess,286,14757,2727,395688
2021-01-11,Dutchess,240,14997,2651,398339
2021-01-12,Dutchess,273,15270,2249,400588
2021-01-13,Dutchess,219,15489,2937,403525
2021-01-14,Dutchess,384,15873,4683,408208
2021-01-15,Dutchess,242,16115,3741,411949
2021-01-16,Dutchess,212,16327,3500,415449
2021-01-17,Dutchess,214,16541,2933,418382
2021-01-18,Dutchess,216,16757,2553,420935
2021-01-19,Dutchess,206,16963,2290,423225
2021-01-20,Dutchess,219,17182,3421,426646
2021-01-21,Dutchess,242,17424,3529,430175
2021-01-22,Dutchess,199,17623,3313,433488
2021-01-23,Dutchess,190,17813,3300,436788
2021-01-24,Dutchess,191,18004,3462,440250
2021-01-25,Dutchess,231,18235,2538,442788
2021-01-26,Dutchess,142,18377,2451,445239
2021-01-27,Dutchess,176,18553,3217,448456
2021-01-28,Dutchess,196,18749,3098,451554
2021-01-29,Dutchess,219,18968,3774,455328
2021-01-30,Dutchess,155,19123,2823,458151
2021-01-31,Dutchess,173,19296,3040,461191
2021-02-01,Dutchess,112,19408,1882,463073
2021-02-02,Dutchess,34,19442,962,464035
2021-02-03,Dutchess,70,19512,1744,465779
2021-02-04,Dutchess,167,19679,3406,469185
2021-02-05,Dutchess,186,19865,3719,472904
2021-02-06,Dutchess,131,19996,3584,476488
2021-02-07,Dutchess,126,20122,2744,479232
2021-02-08,Dutchess,133,20255,2046,481278
2021-02-09,Dutchess,93,20348,2575,483853
2021-02-10,Dutchess,129,20477,3488,487341
2021-02-11,Dutchess,118,20595,3575,490916
2021-02-12,Dutchess,119,20714,3083,493999
2021-02-13,Dutchess,123,20837,2802,496801
2021-02-14,Dutchess,106,20943,2422,499223
2021-02-15,Dutchess,81,21024,1563,500786
2021-02-16,Dutchess,107,21131,2103,502889
2021-02-17,Dutchess,91,21222,2615,505504
2021-02-18,Dutchess,122,21344,3023,508527
2021-02-19,Dutchess,108,21452,5257,513784
2021-02-20,Dutchess,113,21565,2454,516238
2021-02-21,Dutchess,91,21656,2092,518330
2021-02-22,Dutchess,113,21769,1873,520203
2021-02-23,Dutchess,93,21862,1665,521868
2021-02-24,Dutchess,106,21968,3191,525059
2021-02-25,Dutchess,120,22088,3901,528960
2021-02-26,Dutchess,102,22190,2771,531731
2021-02-27,Dutchess,107,22297,3001,534732
2021-02-28,Dutchess,90,22387,1982,536714
2021-03-01,Dutchess,70,22457,1666,538380
2021-03-02,Dutchess,92,22549,2243,540623
2021-03-03,Dutchess,129,22678,3073,543696
2021-03-04,Dutchess,116,22794,3616,547312
2021-03-05,Dutchess,106,22900,2934,550246
2021-03-06,Dutchess,106,23006,2923,553169
2021-03-07,Dutchess,78,23084,1936,555105
2021-03-08,Dutchess,100,23184,1678,556783
2021-03-09,Dutchess,104,23288,2446,559229
2021-03-10,Dutchess,151,23439,3162,562391
2021-03-11,Dutchess,146,23585,3784,566175
2021-03-12,Dutchess,121,23706,3014,569189
2021-03-13,Dutchess,64,23770,2230,571419
2021-03-14,Dutchess,158,23928,2600,574019
2021-03-15,Dutchess,111,24039,1894,575913
2021-03-16,Dutchess,117,24156,2159,578072
2021-03-17,Dutchess,126,24282,3675,581747
2021-03-18,Dutchess,127,24409,3526,585273
2021-03-19,Dutchess,162,24571,2820,588093
2021-03-20,Dutchess,173,24744,3128,591221
2021-03-21,Dutchess,118,24862,2172,593393
2021-03-22,Dutchess,115,24977,1689,595082
2021-03-23,Dutchess,155,25132,3271,598353
2021-03-24,Dutchess,150,25282,3603,601956
2021-03-25,Dutchess,118,25400,2944,604900
2021-03-26,Dutchess,130,25530,3745,608645
2021-03-27,Dutchess,141,25671,4040,612685
2021-03-28,Dutchess,136,25807,2783,615468
2021-03-29,Dutchess,86,25893,1824,617292
2021-03-30,Dutchess,151,26044,2861,620153
2021-03-31,Dutchess,186,26230,3454,623607
2021-04-01,Dutchess,99,26329,2897,626504
2021-04-02,Dutchess,121,26450,3112,629616
2021-04-03,Dutchess,123,26573,3376,632992
2021-04-04,Dutchess,107,26680,2297,635289
2021-04-05,Dutchess,96,26776,1760,637049
2021-04-06,Dutchess,123,26899,2855,639904
2021-04-07,Dutchess,133,27032,2864,642768
2021-04-08,Dutchess,110,27142,3915,646683
2021-04-09,Dutchess,116,27258,2871,649554
2021-04-10,Dutchess,113,27371,2825,652379
2021-04-11,Dutchess,78,27449,1659,654038
2021-04-12,Dutchess,61,27510,1368,655406
2021-04-13,Dutchess,106,27616,2352,657758
2021-04-14,Dutchess,104,27720,2846,660604
2021-04-15,Dutchess,93,27813,2283,662887
2021-04-16,Dutchess,89,27902,2845,665732
2021-04-17,Dutchess,80,27982,3511,669243
2021-04-18,Dutchess,45,28027,1988,671231
2021-04-19,Dutchess,65,28092,1613,672844
2021-04-20,Dutchess,55,28147,2272,675116
2021-04-21,Dutchess,66,28213,3053,678169
2021-04-22,Dutchess,54,28267,2564,680733
2021-04-23,Dutchess,66,28333,2409,683142
2021-04-24,Dutchess,59,28392,3118,686260
2021-04-25,Dutchess,49,28441,1786,688046
2021-04-26,Dutchess,39,28480,1687,689733
2021-04-27,Dutchess,53,28533,2506,692239
2021-04-28,Dutchess,54,28587,3101,695340
2021-04-29,Dutchess,53,28640,2660,698000
2021-04-30,Dutchess,58,28698,2930,700930
2021-05-01,Dutchess,46,28744,2785,703715
2021-05-02,Dutchess,37,28781,1426,705141
2021-05-03,Dutchess,35,28816,1204,706345
2021-05-04,Dutchess,34,28850,2708,709053
2021-05-05,Dutchess,42,28892,2295,711348
2021-05-06,Dutchess,45,28937,2499,713847
2021-05-07,Dutchess,38,28975,3016,716863
2021-05-08,Dutchess,34,29009,2378,719241
2021-05-09,Dutchess,29,29038,1787,721028
2021-05-10,Dutchess,26,29064,1117,722145
2021-05-11,Dutchess,21,29085,2175,724320
2021-05-12,Dutchess,22,29107,2546,726866
2021-05-13,Dutchess,30,29137,2352,729218
2021-05-14,Dutchess,38,29175,2175,731393
2021-05-15,Dutchess,19,29194,1912,733305
2021-05-16,Dutchess,20,29214,1433,734738
2021-05-17,Dutchess,17,29231,1107,735845
2021-05-18,Dutchess,18,29249,1697,737542
2021-05-19,Dutchess,26,29275,2170,739712
2021-05-20,Dutchess,14,29289,1769,741481
2021-05-21,Dutchess,12,29301,1927,743408
2021-05-22,Dutchess,19,29320,1773,745181
2021-05-23,Dutchess,9,29329,984,746165
2021-05-24,Dutchess,9,29338,1050,747215
2021-05-25,Dutchess,8,29346,1361,748576
2021-05-26,Dutchess,13,29359,2078,750654
2021-05-27,Dutchess,12,29371,1852,752506
2021-05-28,Dutchess,9,29380,1837,754343
2021-05-29,Dutchess,5,29385,1455,755798
2021-05-30,Dutchess,7,29392,983,756781
2021-05-31,Dutchess,2,29394,814,757595
2021-06-01,Dutchess,8,29402,693,758288
2021-06-02,Dutchess,11,29413,1543,759831
2021-06-03,Dutchess,9,29422,1932,761763
2021-06-04,Dutchess,12,29434,1746,763509
2021-06-05,Dutchess,9,29443,1562,765071
2021-06-06,Dutchess,5,29448,931,766002
2021-06-07,Dutchess,4,29452,921,766923
2021-06-08,Dutchess,5,29457,1746,768669
2021-06-09,Dutchess,3,29460,1793,770462
2021-06-10,Dutchess,0,29460,1489,771951
2021-06-11,Dutchess,7,29467,1772,773723
2021-06-12,Dutchess,1,29468,1240,774963
2021-06-13,Dutchess,2,29470,799,775762
2021-06-14,Dutchess,2,29472,671,776433
2021-06-15,Dutchess,3,29475,1245,777678
2021-06-16,Dutchess,0,29475,1367,779045
2021-06-17,Dutchess,3,29478,1444,780489
2021-06-18,Dutchess,5,29483,1338,781827
2021-06-19,Dutchess,2,29485,1026,782853
2021-06-20,Dutchess,3,29488,854,783707
2021-06-21,Dutchess,3,29491,598,784305
2021-06-22,Dutchess,2,29493,1038,785343
2021-06-23,Dutchess,1,29494,1459,786802
2021-06-24,Dutchess,6,29500,1043,787845
2021-06-25,Dutchess,1,29501,1195,789040
2021-06-26,Dutchess,3,29504,1029,790069
2021-06-27,Dutchess,3,29507,678,790747
2021-06-28,Dutchess,1,29508,845,791592
2021-06-29,Dutchess,4,29512,1292,792884
2021-06-30,Dutchess,2,29514,1399,794283
2021-07-01,Dutchess,3,29517,790,795073
2021-07-02,Dutchess,3,29520,1077,796150
2021-07-03,Dutchess,2,29522,738,796888
2021-07-04,Dutchess,2,29524,626,797514
2021-07-05,Dutchess,4,29528,433,797947
2021-07-06,Dutchess,4,29532,492,798439
2021-07-07,Dutchess,6,29538,1044,799483
2021-07-08,Dutchess,5,29543,951,800434
2021-07-09,Dutchess,7,29550,933,801367
2021-07-10,Dutchess,5,29555,756,802123
2021-07-11,Dutchess,10,29565,750,802873
2021-07-12,Dutchess,3,29568,471,803344
2021-07-13,Dutchess,9,29577,930,804274
2021-07-14,Dutchess,8,29585,854,805128
2021-07-15,Dutchess,8,29593,876,806004
2021-07-16,Dutchess,20,29613,1005,807009
2021-07-17,Dutchess,13,29626,943,807952
2021-07-18,Dutchess,6,29632,548,808500
2020-03-01,Erie,0,0,0,0
2020-03-02,Erie,0,0,0,0
2020-03-03,Erie,0,0,0,0
2020-03-04,Erie,0,0,6,6
2020-03-05,Erie,0,0,6,12
2020-03-06,Erie,0,0,0,12
2020-03-07,Erie,0,0,2,14
2020-03-08,Erie,0,0,1,15
2020-03-09,Erie,0,0,1,16
2020-03-10,Erie,0,0,2,18
2020-03-11,Erie,0,0,0,18
2020-03-12,Erie,0,0,13,31
2020-03-13,Erie,0,0,5,36
2020-03-14,Erie,3,3,22,58
2020-03-15,Erie,3,6,10,68
2020-03-16,Erie,1,7,2,70
2020-03-17,Erie,0,7,2,72
2020-03-18,Erie,21,28,130,202
2020-03-19,Erie,3,31,43,245
2020-03-20,Erie,7,38,55,300
2020-03-21,Erie,16,54,111,411
2020-03-22,Erie,33,87,247,658
2020-03-23,Erie,20,107,100,758
2020-03-24,Erie,15,122,114,872
2020-03-25,Erie,12,134,116,988
2020-03-26,Erie,85,219,348,1336
2020-03-27,Erie,99,318,370,1706
2020-03-28,Erie,40,358,126,1832
2020-03-29,Erie,18,376,67,1899
2020-03-30,Erie,62,438,189,2088
2020-03-31,Erie,26,464,119,2207
2020-04-01,Erie,153,617,571,2778
2020-04-02,Erie,103,720,429,3207
2020-04-03,Erie,88,808,317,3524
2020-04-04,Erie,110,918,402,3926
2020-04-05,Erie,105,1023,549,4475
2020-04-06,Erie,112,1135,396,4871
2020-04-07,Erie,70,1205,295,5166
2020-04-08,Erie,157,1362,458,5624
2020-04-09,Erie,47,1409,309,5933
2020-04-10,Erie,63,1472,297,6230
2020-04-11,Erie,99,1571,317,6547
2020-04-12,Erie,53,1624,182,6729
2020-04-13,Erie,44,1668,223,6952
2020-04-14,Erie,83,1751,326,7278
2020-04-15,Erie,99,1850,394,7672
2020-04-16,Erie,79,1929,348,8020
2020-04-17,Erie,68,1997,262,8282
2020-04-18,Erie,73,2070,367,8649
2020-04-19,Erie,39,2109,199,8848
2020-04-20,Erie,38,2147,258,9106
2020-04-21,Erie,86,2233,347,9453
2020-04-22,Erie,217,2450,1307,10760
2020-04-23,Erie,153,2603,982,11742
2020-04-24,Erie,170,2773,872,12614
2020-04-25,Erie,181,2954,795,13409
2020-04-26,Erie,67,3021,508,13917
2020-04-27,Erie,68,3089,586,14503
2020-04-28,Erie,107,3196,716,15219
2020-04-29,Erie,123,3319,885,16104
2020-04-30,Erie,162,3481,905,17009
2020-05-01,Erie,117,3598,1058,18067
2020-05-02,Erie,112,3710,799,18866
2020-05-03,Erie,92,3802,760,19626
2020-05-04,Erie,89,3891,779,20405
2020-05-05,Erie,117,4008,1498,21903
2020-05-06,Erie,128,4136,1164,23067
2020-05-07,Erie,119,4255,1008,24075
2020-05-08,Erie,82,4337,1049,25124
2020-05-09,Erie,116,4453,1231,26355
2020-05-10,Erie,30,4483,386,26741
2020-05-11,Erie,47,4530,696,27437
2020-05-12,Erie,76,4606,1591,29028
2020-05-13,Erie,65,4671,1664,30692
2020-05-14,Erie,111,4782,1690,32382
2020-05-15,Erie,85,4867,1164,33546
2020-05-16,Erie,87,4954,1827,35373
2020-05-17,Erie,39,4993,628,36001
2020-05-18,Erie,44,5037,934,36935
2020-05-19,Erie,94,5131,2198,39133
2020-05-20,Erie,139,5270,2974,42107
2020-05-21,Erie,127,5397,2175,44282
2020-05-22,Erie,155,5552,2767,47049
2020-05-23,Erie,74,5626,1742,48791
2020-05-24,Erie,74,5700,1718,50509
2020-05-25,Erie,53,5753,1334,51843
2020-05-26,Erie,57,5810,1572,53415
2020-05-27,Erie,76,5886,2367,55782
2020-05-28,Erie,49,5935,1944,57726
2020-05-29,Erie,79,6014,2434,60160
2020-05-30,Erie,56,6070,2402,62562
2020-05-31,Erie,53,6123,1951,64513
2020-06-01,Erie,50,6173,2225,66738
2020-06-02,Erie,61,6234,3364,70102
2020-06-03,Erie,74,6308,2639,72741
2020-06-04,Erie,51,6359,2896,75637
2020-06-05,Erie,70,6429,4101,79738
2020-06-06,Erie,57,6486,2102,81840
2020-06-07,Erie,45,6531,1670,83510
2020-06-08,Erie,64,6595,3600,87110
2020-06-09,Erie,21,6616,2358,89468
2020-06-10,Erie,43,6659,2427,91895
2020-06-11,Erie,58,6717,3047,94942
2020-06-12,Erie,36,6753,2819,97761
2020-06-13,Erie,32,6785,2624,100385
2020-06-14,Erie,32,6817,1796,102181
2020-06-15,Erie,35,6852,2174,104355
2020-06-16,Erie,30,6882,2419,106774
2020-06-17,Erie,38,6920,2888,109662
2020-06-18,Erie,35,6955,3405,113067
2020-06-19,Erie,25,6980,3055,116122
2020-06-20,Erie,24,7004,2204,118326
2020-06-21,Erie,31,7035,2224,120550
2020-06-22,Erie,38,7073,2083,122633
2020-06-23,Erie,35,7108,2861,125494
2020-06-24,Erie,30,7138,3065,128559
2020-06-25,Erie,43,7181,2620,131179
2020-06-26,Erie,25,7206,2428,133607
2020-06-27,Erie,22,7228,2116,135723
2020-06-28,Erie,21,7249,1787,137510
2020-06-29,Erie,43,7292,2534,140044
2020-06-30,Erie,45,7337,2670,142714
2020-07-01,Erie,33,7370,2959,145673
2020-07-02,Erie,57,7427,2920,148593
2020-07-03,Erie,35,7462,2542,151135
2020-07-04,Erie,13,7475,1775,152910
2020-07-05,Erie,25,7500,1603,154513
2020-07-06,Erie,44,7544,2750,157263
2020-07-07,Erie,52,7596,3240,160503
2020-07-08,Erie,28,7624,3212,163715
2020-07-09,Erie,36,7660,3299,167014
2020-07-10,Erie,51,7711,2752,169766
2020-07-11,Erie,31,7742,2421,172187
2020-07-12,Erie,24,7766,1765,173952
2020-07-13,Erie,67,7833,2651,176603
2020-07-14,Erie,58,7891,2975,179578
2020-07-15,Erie,36,7927,3015,182593
2020-07-16,Erie,55,7982,3391,185984
2020-07-17,Erie,34,8016,2039,188023
2020-07-18,Erie,19,8035,1699,189722
2020-07-19,Erie,11,8046,1434,191156
2020-07-20,Erie,60,8106,3225,194381
2020-07-21,Erie,29,8135,2772,197153
2020-07-22,Erie,52,8187,3067,200220
2020-07-23,Erie,47,8234,3348,203568
2020-07-24,Erie,48,8282,4090,207658
2020-07-25,Erie,19,8301,1879,209537
2020-07-26,Erie,26,8327,1845,211382
2020-07-27,Erie,37,8364,2806,214188
2020-07-28,Erie,46,8410,2416,216604
2020-07-29,Erie,24,8434,3886,220490
2020-07-30,Erie,58,8492,3108,223598
2020-07-31,Erie,56,8548,3740,227338
2020-08-01,Erie,24,8572,2624,229962
2020-08-02,Erie,54,8626,2148,232110
2020-08-03,Erie,41,8667,3906,236016
2020-08-04,Erie,35,8702,5925,241941
2020-08-05,Erie,35,8737,3420,245361
2020-08-06,Erie,54,8791,3434,248795
2020-08-07,Erie,59,8850,4495,253290
2020-08-08,Erie,54,8904,2649,255939
2020-08-09,Erie,14,8918,1745,257684
2020-08-10,Erie,69,8987,4022,261706
2020-08-11,Erie,26,9013,3239,264945
2020-08-12,Erie,20,9033,2742,267687
2020-08-13,Erie,31,9064,3467,271154
2020-08-14,Erie,50,9114,3109,274263
2020-08-15,Erie,33,9147,2644,276907
2020-08-16,Erie,10,9157,1992,278899
2020-08-17,Erie,30,9187,2900,281799
2020-08-18,Erie,54,9241,3346,285145
2020-08-19,Erie,42,9283,3339,288484
2020-08-20,Erie,81,9364,4163,292647
2020-08-21,Erie,49,9413,3703,296350
2020-08-22,Erie,52,9465,2255,298605
2020-08-23,Erie,26,9491,1452,300057
2020-08-24,Erie,55,9546,3320,303377
2020-08-25,Erie,43,9589,2649,306026
2020-08-26,Erie,79,9668,3893,309919
2020-08-27,Erie,45,9713,4199,314118
2020-08-28,Erie,28,9741,3012,317130
2020-08-29,Erie,66,9807,3774,320904
2020-08-30,Erie,65,9872,2691,323595
2020-08-31,Erie,75,9947,3839,327434
2020-09-01,Erie,70,10017,4364,331798
2020-09-02,Erie,69,10086,3801,335599
2020-09-03,Erie,70,10156,3606,339205
2020-09-04,Erie,56,10212,4124,343329
2020-09-05,Erie,54,10266,2017,345346
2020-09-06,Erie,54,10320,2176,347522
2020-09-07,Erie,26,10346,2250,349772
2020-09-08,Erie,48,10394,2523,352295
2020-09-09,Erie,50,10444,4218,356513
2020-09-10,Erie,59,10503,3118,359631
2020-09-11,Erie,64,10567,3728,363359
2020-09-12,Erie,70,10637,3130,366489
2020-09-13,Erie,31,10668,2288,368777
2020-09-14,Erie,48,10716,2882,371659
2020-09-15,Erie,36,10752,2568,374227
2020-09-16,Erie,81,10833,4437,378664
2020-09-17,Erie,40,10873,2670,381334
2020-09-18,Erie,44,10917,4544,385878
2020-09-19,Erie,82,10999,4104,389982
2020-09-20,Erie,43,11042,2187,392169
2020-09-21,Erie,40,11082,2592,394761
2020-09-22,Erie,30,11112,3058,397819
2020-09-23,Erie,89,11201,4107,401926
2020-09-24,Erie,50,11251,3783,405709
2020-09-25,Erie,57,11308,3901,409610
2020-09-26,Erie,34,11342,3908,413518
2020-09-27,Erie,17,11359,1515,415033
2020-09-28,Erie,86,11445,5162,420195
2020-09-29,Erie,55,11500,5326,425521
2020-09-30,Erie,74,11574,3856,429377
2020-10-01,Erie,63,11637,5162,434539
2020-10-02,Erie,60,11697,4462,439001
2020-10-03,Erie,70,11767,6965,445966
2020-10-04,Erie,31,11798,2448,448414
2020-10-05,Erie,66,11864,3354,451768
2020-10-06,Erie,34,11898,3953,455721
2020-10-07,Erie,55,11953,4054,459775
2020-10-08,Erie,45,11998,4900,464675
2020-10-09,Erie,57,12055,4372,469047
2020-10-10,Erie,52,12107,3399,472446
2020-10-11,Erie,47,12154,3798,476244
2020-10-12,Erie,28,12182,3453,479697
2020-10-13,Erie,34,12216,3972,483669
2020-10-14,Erie,53,12269,4562,488231
2020-10-15,Erie,55,12324,4569,492800
2020-10-16,Erie,69,12393,5236,498036
2020-10-17,Erie,58,12451,3684,501720
2020-10-18,Erie,17,12468,2065,503785
2020-10-19,Erie,45,12513,4108,507893
2020-10-20,Erie,61,12574,4398,512291
2020-10-21,Erie,76,12650,5874,518165
2020-10-22,Erie,55,12705,4845,523010
2020-10-23,Erie,77,12782,7071,530081
2020-10-24,Erie,37,12819,2645,532726
2020-10-25,Erie,36,12855,3109,535835
2020-10-26,Erie,116,12971,4264,540099
2020-10-27,Erie,50,13021,4485,544584
2020-10-28,Erie,140,13161,4756,549340
2020-10-29,Erie,101,13262,4797,554137
2020-10-30,Erie,151,13413,5294,559431
2020-10-31,Erie,118,13531,4416,563847
2020-11-01,Erie,53,13584,2604,566451
2020-11-02,Erie,164,13748,4798,571249
2020-11-03,Erie,160,13908,3924,575173
2020-11-04,Erie,215,14123,5681,580854
2020-11-05,Erie,215,14338,6263,587117
2020-11-06,Erie,379,14717,8038,595155
2020-11-07,Erie,271,14988,4678,599833
2020-11-08,Erie,228,15216,3792,603625
2020-11-09,Erie,390,15606,6103,609728
2020-11-10,Erie,422,16028,7615,617343
2020-11-11,Erie,512,16540,7940,625283
2020-11-12,Erie,481,17021,10222,635505
2020-11-13,Erie,448,17469,8737,644242
2020-11-14,Erie,277,17746,4435,648677
2020-11-15,Erie,272,18018,4561,653238
2020-11-16,Erie,392,18410,5246,658484
2020-11-17,Erie,573,18983,9605,668089
2020-11-18,Erie,490,19473,10099,678188
2020-11-19,Erie,630,20103,14573,692761
2020-11-20,Erie,451,20554,7415,700176
2020-11-21,Erie,521,21075,7823,707999
2020-11-22,Erie,497,21572,8160,716159
2020-11-23,Erie,301,21873,5013,721172
2020-11-24,Erie,685,22558,9644,730816
2020-11-25,Erie,513,23071,8746,739562
2020-11-26,Erie,862,23933,10322,749884
2020-11-27,Erie,507,24440,6580,756464
2020-11-28,Erie,502,24942,6627,763091
2020-11-29,Erie,485,25427,6152,769243
2020-11-30,Erie,615,26042,6542,775785
2020-12-01,Erie,476,26518,6718,782503
2020-12-02,Erie,592,27110,10430,792933
2020-12-03,Erie,793,27903,9310,802243
2020-12-04,Erie,778,28681,10602,812845
2020-12-05,Erie,656,29337,9490,822335
2020-12-06,Erie,383,29720,6581,828916
2020-12-07,Erie,353,30073,6837,835753
2020-12-08,Erie,646,30719,7881,843634
2020-12-09,Erie,563,31282,9489,853123
2020-12-10,Erie,733,32015,9738,862861
2020-12-11,Erie,474,32489,10333,873194
2020-12-12,Erie,520,33009,7153,880347
2020-12-13,Erie,388,33397,6383,886730
2020-12-14,Erie,396,33793,6742,893472
2020-12-15,Erie,388,34181,7361,900833
2020-12-16,Erie,576,34757,10154,910987
2020-12-17,Erie,750,35507,9974,920961
2020-12-18,Erie,446,35953,8521,929482
2020-12-19,Erie,447,36400,7848,937330
2020-12-20,Erie,388,36788,5887,943217
2020-12-21,Erie,426,37214,6815,950032
2020-12-22,Erie,541,37755,10159,960191
2020-12-23,Erie,441,38196,10252,970443
2020-12-24,Erie,656,38852,11678,982121
2020-12-25,Erie,331,39183,5382,987503
2020-12-26,Erie,303,39486,5352,992855
2020-12-27,Erie,388,39874,4351,997206
2020-12-28,Erie,382,40256,5287,1002493
2020-12-29,Erie,329,40585,6068,1008561
2020-12-30,Erie,667,41252,8826,1017387
2020-12-31,Erie,736,41988,9650,1027037
2021-01-01,Erie,477,42465,7118,1034155
2021-01-02,Erie,468,42933,5569,1039724
2021-01-03,Erie,509,43442,5787,1045511
2021-01-04,Erie,374,43816,4309,1049820
2021-01-05,Erie,800,44616,10112,1059932
2021-01-06,Erie,461,45077,8028,1067960
2021-01-07,Erie,1032,46109,13156,1081116
2021-01-08,Erie,777,46886,13247,1094363
2021-01-09,Erie,663,47549,12221,1106584
2021-01-10,Erie,355,47904,5365,1111949
2021-01-11,Erie,550,48454,7780,1119729
2021-01-12,Erie,528,48982,10390,1130119
2021-01-13,Erie,496,49478,7337,1137456
2021-01-14,Erie,749,50227,11904,1149360
2021-01-15,Erie,489,50716,12089,1161449
2021-01-16,Erie,668,51384,11718,1173167
2021-01-17,Erie,334,51718,4971,1178138
2021-01-18,Erie,510,52228,5910,1184048
2021-01-19,Erie,245,52473,6301,1190349
2021-01-20,Erie,591,53064,11161,1201510
2021-01-21,Erie,541,53605,11625,1213135
2021-01-22,Erie,492,54097,11036,1224171
2021-01-23,Erie,405,54502,7922,1232093
2021-01-24,Erie,371,54873,6810,1238903
2021-01-25,Erie,311,55184,4451,1243354
2021-01-26,Erie,409,55593,8865,1252219
2021-01-27,Erie,487,56080,9228,1261447
2021-01-28,Erie,496,56576,10145,1271592
2021-01-29,Erie,398,56974,8937,1280529
2021-01-30,Erie,432,57406,10111,1290640
2021-01-31,Erie,236,57642,4698,1295338
2021-02-01,Erie,216,57858,3605,1298943
2021-02-02,Erie,241,58099,5232,1304175
2021-02-03,Erie,513,58612,8940,1313115
2021-02-04,Erie,341,58953,9140,1322255
2021-02-05,Erie,386,59339,10898,1333153
2021-02-06,Erie,269,59608,10826,1343979
2021-02-07,Erie,259,59867,5375,1349354
2021-02-08,Erie,131,59998,2566,1351920
2021-02-09,Erie,350,60348,7087,1359007
2021-02-10,Erie,388,60736,12134,1371141
2021-02-11,Erie,331,61067,7686,1378827
2021-02-12,Erie,318,61385,9207,1388034
2021-02-13,Erie,415,61800,9350,1397384
2021-02-14,Erie,199,61999,11417,1408801
2021-02-15,Erie,209,62208,3858,1412659
2021-02-16,Erie,183,62391,4994,1417653
2021-02-17,Erie,341,62732,8217,1425870
2021-02-18,Erie,230,62962,9300,1435170
2021-02-19,Erie,286,63248,8391,1443561
2021-02-20,Erie,220,63468,20954,1464515
2021-02-21,Erie,210,63678,4385,1468900
2021-02-22,Erie,185,63863,3595,1472495
2021-02-23,Erie,203,64066,11786,1484281
2021-02-24,Erie,348,64414,10903,1495184
2021-02-25,Erie,275,64689,15101,1510285
2021-02-26,Erie,274,64963,12927,1523212
2021-02-27,Erie,252,65215,24568,1547780
2021-02-28,Erie,204,65419,4778,1552558
2021-03-01,Erie,152,65571,3734,1556292
2021-03-02,Erie,218,65789,8224,1564516
2021-03-03,Erie,270,66059,14788,1579304
2021-03-04,Erie,285,66344,9038,1588342
2021-03-05,Erie,260,66604,14284,1602626
2021-03-06,Erie,214,66818,17105,1619731
2021-03-07,Erie,169,66987,4938,1624669
2021-03-08,Erie,187,67174,4240,1628909
2021-03-09,Erie,196,67370,12481,1641390
2021-03-10,Erie,213,67583,9567,1650957
2021-03-11,Erie,320,67903,21473,1672430
2021-03-12,Erie,176,68079,10110,1682540
2021-03-13,Erie,246,68325,12155,1694695
2021-03-14,Erie,218,68543,4593,1699288
2021-03-15,Erie,203,68746,3955,1703243
2021-03-16,Erie,218,68964,8248,1711491
2021-03-17,Erie,309,69273,18428,1729919
2021-03-18,Erie,321,69594,8704,1738623
2021-03-19,Erie,342,69936,10006,1748629
2021-03-20,Erie,387,70323,14828,1763457
2021-03-21,Erie,197,70520,4462,1767919
2021-03-22,Erie,306,70826,4219,1772138
2021-03-23,Erie,224,71050,8426,1780564
2021-03-24,Erie,389,71439,12349,1792913
2021-03-25,Erie,410,71849,12899,1805812
2021-03-26,Erie,508,72357,10822,1816634
2021-03-27,Erie,375,72732,13670,1830304
2021-03-28,Erie,439,73171,6695,1836999
2021-03-29,Erie,390,73561,4845,1841844
2021-03-30,Erie,429,73990,8710,1850554
2021-03-31,Erie,506,74496,8816,1859370
2021-04-01,Erie,423,74919,10114,1869484
2021-04-02,Erie,481,75400,12149,1881633
2021-04-03,Erie,476,75876,8653,1890286
2021-04-04,Erie,489,76365,6089,1896375
2021-04-05,Erie,300,76665,4566,1900941
2021-04-06,Erie,424,77089,7801,1908742
2021-04-07,Erie,526,77615,9823,1918565
2021-04-08,Erie,578,78193,16318,1934883
2021-04-09,Erie,534,78727,11632,1946515
2021-04-10,Erie,490,79217,8161,1954676
2021-04-11,Erie,363,79580,4212,1958888
2021-04-12,Erie,379,79959,5555,1964443
2021-04-13,Erie,597,80556,10140,1974583
2021-04-14,Erie,585,81141,12777,1987360
2021-04-15,Erie,390,81531,9290,1996650
2021-04-16,Erie,627,82158,8899,2005549
2021-04-17,Erie,430,82588,10855,2016404
2021-04-18,Erie,313,82901,5448,2021852
2021-04-19,Erie,297,83198,4017,2025869
2021-04-20,Erie,326,83524,8507,2034376
2021-04-21,Erie,394,83918,11357,2045733
2021-04-22,Erie,435,84353,9751,2055484
2021-04-23,Erie,272,84625,9401,2064885
2021-04-24,Erie,241,84866,7348,2072233
2021-04-25,Erie,215,85081,5114,2077347
2021-04-26,Erie,233,85314,3666,2081013
2021-04-27,Erie,223,85537,6558,2087571
2021-04-28,Erie,342,85879,8739,2096310
2021-04-29,Erie,288,86167,8670,2104980
2021-04-30,Erie,272,86439,9385,2114365
2021-05-01,Erie,167,86606,6835,2121200
2021-05-02,Erie,136,86742,4039,2125239
2021-05-03,Erie,155,86897,4055,2129294
2021-05-04,Erie,120,87017,5404,2134698
2021-05-05,Erie,136,87153,7398,2142096
2021-05-06,Erie,144,87297,7133,2149229
2021-05-07,Erie,272,87569,9620,2158849
2021-05-08,Erie,133,87702,5763,2164612
2021-05-09,Erie,88,87790,4058,2168670
2021-05-10,Erie,87,87877,3179,2171849
2021-05-11,Erie,95,87972,5326,2177175
2021-05-12,Erie,143,88115,8997,2186172
2021-05-13,Erie,113,88228,7353,2193525
2021-05-14,Erie,122,88350,7907,2201432
2021-05-15,Erie,84,88434,5629,2207061
2021-05-16,Erie,73,88507,3446,2210507
2021-05-17,Erie,53,88560,3934,2214441
2021-05-18,Erie,78,88638,5560,2220001
2021-05-19,Erie,88,88726,7454,2227455
2021-05-20,Erie,81,88807,6294,2233749
2021-05-21,Erie,78,88885,6079,2239828
2021-05-22,Erie,40,88925,4619,2244447
2021-05-23,Erie,73,88998,3161,2247608
2021-05-24,Erie,33,89031,3137,2250745
2021-05-25,Erie,56,89087,4863,2255608
2021-05-26,Erie,55,89142,6434,2262042
2021-05-27,Erie,38,89180,5515,2267557
2021-05-28,Erie,39,89219,4531,2272088
2021-05-29,Erie,51,89270,4680,2276768
2021-05-30,Erie,19,89289,1844,2278612
2021-05-31,Erie,25,89314,1892,2280504
2021-06-01,Erie,21,89335,2810,2283314
2021-06-02,Erie,18,89353,5566,2288880
2021-06-03,Erie,33,89386,5775,2294655
2021-06-04,Erie,36,89422,5093,2299748
2021-06-05,Erie,24,89446,4652,2304400
2021-06-06,Erie,26,89472,2179,2306579
2021-06-07,Erie,16,89488,2625,2309204
2021-06-08,Erie,13,89501,4640,2313844
2021-06-09,Erie,19,89520,4773,2318617
2021-06-10,Erie,21,89541,4593,2323210
2021-06-11,Erie,16,89557,4305,2327515
2021-06-12,Erie,7,89564,2905,2330420
2021-06-13,Erie,8,89572,1655,2332075
2021-06-14,Erie,7,89579,2067,2334142
2021-06-15,Erie,4,89583,2893,2337035
2021-06-16,Erie,12,89595,3966,2341001
2021-06-17,Erie,8,89603,3573,2344574
2021-06-18,Erie,1,89604,2687,2347261
2021-06-19,Erie,3,89607,2136,2349397
2021-06-20,Erie,7,89614,1551,2350948
2021-06-21,Erie,3,89617,1558,2352506
2021-06-22,Erie,3,89620,2935,2355441
2021-06-23,Erie,6,89626,2524,2357965
2021-06-24,Erie,6,89632,2230,2360195
2021-06-25,Erie,6,89638,2177,2362372
2021-06-26,Erie,13,89651,2487,2364859
2021-06-27,Erie,9,89660,1500,2366359
2021-06-28,Erie,5,89665,1270,2367629
2021-06-29,Erie,3,89668,2080,2369709
2021-06-30,Erie,10,89678,2755,2372464
2021-07-01,Erie,17,89695,2570,2375034
2021-07-02,Erie,9,89704,2165,2377199
2021-07-03,Erie,13,89717,1890,2379089
2021-07-04,Erie,12,89729,1144,2380233
2021-07-05,Erie,8,89737,864,2381097
2021-07-06,Erie,12,89749,1533,2382630
2021-07-07,Erie,6,89755,2251,2384881
2021-07-08,Erie,20,89775,2392,2387273
2021-07-09,Erie,10,89785,1926,2389199
2021-07-10,Erie,10,89795,1314,2390513
2021-07-11,Erie,11,89806,1417,2391930
2021-07-12,Erie,21,89827,1192,2393122
2021-07-13,Erie,31,89858,2015,2395137
2021-07-14,Erie,24,89882,2095,2397232
2021-07-15,Erie,29,89911,1943,2399175
2021-07-16,Erie,11,89922,1539,2400714
2021-07-17,Erie,39,89961,1967,2402681
2021-07-18,Erie,15,89976,1320,2404001
2020-03-01,Essex,0,0,0,0
2020-03-02,Essex,0,0,0,0
2020-03-03,Essex,0,0,0,0
2020-03-04,Essex,0,0,0,0
2020-03-05,Essex,0,0,0,0
2020-03-06,Essex,0,0,0,0
2020-03-07,Essex,0,0,0,0
2020-03-08,Essex,0,0,0,0
2020-03-09,Essex,0,0,0,0
2020-03-10,Essex,0,0,0,0
2020-03-11,Essex,0,0,0,0
2020-03-12,Essex,0,0,0,0
2020-03-13,Essex,0,0,2,2
2020-03-14,Essex,0,0,1,3
2020-03-15,Essex,0,0,2,5
2020-03-16,Essex,0,0,0,5
2020-03-17,Essex,1,1,2,7
2020-03-18,Essex,0,1,1,8
2020-03-19,Essex,0,1,10,18
2020-03-20,Essex,1,2,5,23
2020-03-21,Essex,1,3,8,31
2020-03-22,Essex,0,3,2,33
2020-03-23,Essex,0,3,11,44
2020-03-24,Essex,1,4,6,50
2020-03-25,Essex,0,4,7,57
2020-03-26,Essex,0,4,6,63
2020-03-27,Essex,0,4,5,68
2020-03-28,Essex,0,4,3,71
2020-03-29,Essex,0,4,3,74
2020-03-30,Essex,0,4,5,79
2020-03-31,Essex,2,6,8,87
2020-04-01,Essex,0,6,2,89
2020-04-02,Essex,0,6,2,91
2020-04-03,Essex,1,7,7,98
2020-04-04,Essex,0,7,4,102
2020-04-05,Essex,0,7,4,106
2020-04-06,Essex,0,7,5,111
2020-04-07,Essex,0,7,4,115
2020-04-08,Essex,1,8,6,121
2020-04-09,Essex,2,10,13,134
2020-04-10,Essex,2,12,4,138
2020-04-11,Essex,0,12,12,150
2020-04-12,Essex,0,12,5,155
2020-04-13,Essex,0,12,24,179
2020-04-14,Essex,0,12,3,182
2020-04-15,Essex,0,12,8,190
2020-04-16,Essex,3,15,6,196
2020-04-17,Essex,1,16,5,201
2020-04-18,Essex,2,18,10,211
2020-04-19,Essex,2,20,4,215
2020-04-20,Essex,1,21,5,220
2020-04-21,Essex,1,22,2,222
2020-04-22,Essex,0,22,1,223
2020-04-23,Essex,0,22,6,229
2020-04-24,Essex,2,24,35,264
2020-04-25,Essex,0,24,15,279
2020-04-26,Essex,0,24,27,306
2020-04-27,Essex,2,26,16,322
2020-04-28,Essex,1,27,19,341
2020-04-29,Essex,1,28,22,363
2020-04-30,Essex,0,28,27,390
2020-05-01,Essex,0,28,31,421
2020-05-02,Essex,1,29,23,444
2020-05-03,Essex,0,29,10,454
2020-05-04,Essex,1,30,26,480
2020-05-05,Essex,0,30,18,498
2020-05-06,Essex,0,30,15,513
2020-05-07,Essex,1,31,69,582
2020-05-08,Essex,0,31,64,646
2020-05-09,Essex,1,32,111,757
2020-05-10,Essex,0,32,31,788
2020-05-11,Essex,0,32,12,800
2020-05-12,Essex,0,32,77,877
2020-05-13,Essex,0,32,60,937
2020-05-14,Essex,0,32,34,971
2020-05-15,Essex,0,32,173,1144
2020-05-16,Essex,1,33,146,1290
2020-05-17,Essex,0,33,161,1451
2020-05-18,Essex,1,34,16,1467
2020-05-19,Essex,0,34,43,1510
2020-05-20,Essex,2,36,162,1672
2020-05-21,Essex,0,36,115,1787
2020-05-22,Essex,0,36,89,1876
2020-05-23,Essex,0,36,182,2058
2020-05-24,Essex,0,36,88,2146
2020-05-25,Essex,0,36,68,2214
2020-05-26,Essex,0,36,71,2285
2020-05-27,Essex,0,36,85,2370
2020-05-28,Essex,0,36,151,2521
2020-05-29,Essex,0,36,95,2616
2020-05-30,Essex,1,37,258,2874
2020-05-31,Essex,0,37,144,3018
2020-06-01,Essex,1,38,64,3082
2020-06-02,Essex,0,38,109,3191
2020-06-03,Essex,0,38,193,3384
2020-06-04,Essex,0,38,106,3490
2020-06-05,Essex,0,38,96,3586
2020-06-06,Essex,0,38,178,3764
2020-06-07,Essex,1,39,160,3924
2020-06-08,Essex,1,40,25,3949
2020-06-09,Essex,0,40,147,4096
2020-06-10,Essex,0,40,159,4255
2020-06-11,Essex,0,40,135,4390
2020-06-12,Essex,0,40,75,4465
2020-06-13,Essex,0,40,196,4661
2020-06-14,Essex,0,40,74,4735
2020-06-15,Essex,0,40,65,4800
2020-06-16,Essex,0,40,47,4847
2020-06-17,Essex,0,40,105,4952
2020-06-18,Essex,0,40,172,5124
2020-06-19,Essex,1,41,78,5202
2020-06-20,Essex,0,41,109,5311
2020-06-21,Essex,0,41,79,5390
2020-06-22,Essex,0,41,88,5478
2020-06-23,Essex,0,41,108,5586
2020-06-24,Essex,0,41,100,5686
2020-06-25,Essex,0,41,65,5751
2020-06-26,Essex,1,42,176,5927
2020-06-27,Essex,0,42,93,6020
2020-06-28,Essex,0,42,109,6129
2020-06-29,Essex,0,42,39,6168
2020-06-30,Essex,0,42,120,6288
2020-07-01,Essex,0,42,125,6413
2020-07-02,Essex,4,46,116,6529
2020-07-03,Essex,1,47,58,6587
2020-07-04,Essex,1,48,166,6753
2020-07-05,Essex,1,49,169,6922
2020-07-06,Essex,0,49,135,7057
2020-07-07,Essex,0,49,58,7115
2020-07-08,Essex,2,51,135,7250
2020-07-09,Essex,0,51,85,7335
2020-07-10,Essex,0,51,104,7439
2020-07-11,Essex,0,51,104,7543
2020-07-12,Essex,0,51,74,7617
2020-07-13,Essex,0,51,126,7743
2020-07-14,Essex,0,51,55,7798
2020-07-15,Essex,0,51,80,7878
2020-07-16,Essex,0,51,69,7947
2020-07-17,Essex,0,51,88,8035
2020-07-18,Essex,0,51,57,8092
2020-07-19,Essex,0,51,60,8152
2020-07-20,Essex,0,51,131,8283
2020-07-21,Essex,3,54,152,8435
2020-07-22,Essex,0,54,134,8569
2020-07-23,Essex,0,54,101,8670
2020-07-24,Essex,0,54,146,8816
2020-07-25,Essex,0,54,98,8914
2020-07-26,Essex,1,55,59,8973
2020-07-27,Essex,0,55,90,9063
2020-07-28,Essex,0,55,113,9176
2020-07-29,Essex,0,55,106,9282
2020-07-30,Essex,0,55,38,9320
2020-07-31,Essex,0,55,127,9447
2020-08-01,Essex,0,55,110,9557
2020-08-02,Essex,0,55,152,9709
2020-08-03,Essex,0,55,141,9850
2020-08-04,Essex,0,55,255,10105
2020-08-05,Essex,0,55,50,10155
2020-08-06,Essex,0,55,53,10208
2020-08-07,Essex,0,55,159,10367
2020-08-08,Essex,0,55,110,10477
2020-08-09,Essex,0,55,75,10552
2020-08-10,Essex,1,56,125,10677
2020-08-11,Essex,0,56,96,10773
2020-08-12,Essex,0,56,121,10894
2020-08-13,Essex,1,57,60,10954
2020-08-14,Essex,2,59,131,11085
2020-08-15,Essex,0,59,168,11253
2020-08-16,Essex,0,59,76,11329
2020-08-17,Essex,4,63,139,11468
2020-08-18,Essex,0,63,60,11528
2020-08-19,Essex,22,85,131,11659
2020-08-20,Essex,0,85,149,11808
2020-08-21,Essex,13,98,182,11990
2020-08-22,Essex,2,100,121,12111
2020-08-23,Essex,0,100,124,12235
2020-08-24,Essex,1,101,99,12334
2020-08-25,Essex,4,105,117,12451
2020-08-26,Essex,14,119,246,12697
2020-08-27,Essex,7,126,102,12799
2020-08-28,Essex,0,126,191,12990
2020-08-29,Essex,2,128,190,13180
2020-08-30,Essex,1,129,167,13347
2020-08-31,Essex,2,131,197,13544
2020-09-01,Essex,4,135,207,13751
2020-09-02,Essex,6,141,117,13868
2020-09-03,Essex,4,145,106,13974
2020-09-04,Essex,2,147,179,14153
2020-09-05,Essex,1,148,208,14361
2020-09-06,Essex,1,149,106,14467
2020-09-07,Essex,0,149,62,14529
2020-09-08,Essex,0,149,67,14596
2020-09-09,Essex,1,150,85,14681
2020-09-10,Essex,0,150,133,14814
2020-09-11,Essex,1,151,241,15055
2020-09-12,Essex,0,151,115,15170
2020-09-13,Essex,0,151,47,15217
2020-09-14,Essex,2,153,110,15327
2020-09-15,Essex,1,154,80,15407
2020-09-16,Essex,0,154,87,15494
2020-09-17,Essex,3,157,160,15654
2020-09-18,Essex,1,158,208,15862
2020-09-19,Essex,2,160,106,15968
2020-09-20,Essex,0,160,60,16028
2020-09-21,Essex,1,161,167,16195
2020-09-22,Essex,0,161,95,16290
2020-09-23,Essex,3,164,219,16509
2020-09-24,Essex,0,164,180,16689
2020-09-25,Essex,3,167,239,16928
2020-09-26,Essex,0,167,195,17123
2020-09-27,Essex,1,168,80,17203
2020-09-28,Essex,0,168,170,17373
2020-09-29,Essex,1,169,233,17606
2020-09-30,Essex,0,169,148,17754
2020-10-01,Essex,0,169,191,17945
2020-10-02,Essex,1,170,225,18170
2020-10-03,Essex,0,170,98,18268
2020-10-04,Essex,1,171,80,18348
2020-10-05,Essex,1,172,240,18588
2020-10-06,Essex,2,174,107,18695
2020-10-07,Essex,2,176,127,18822
2020-10-08,Essex,1,177,164,18986
2020-10-09,Essex,1,178,174,19160
2020-10-10,Essex,0,178,176,19336
2020-10-11,Essex,1,179,102,19438
2020-10-12,Essex,2,181,219,19657
2020-10-13,Essex,0,181,142,19799
2020-10-14,Essex,1,182,142,19941
2020-10-15,Essex,2,184,155,20096
2020-10-16,Essex,6,190,185,20281
2020-10-17,Essex,2,192,108,20389
2020-10-18,Essex,2,194,137,20526
2020-10-19,Essex,0,194,196,20722
2020-10-20,Essex,0,194,142,20864
2020-10-21,Essex,1,195,359,21223
2020-10-22,Essex,0,195,231,21454
2020-10-23,Essex,1,196,341,21795
2020-10-24,Essex,1,197,180,21975
2020-10-25,Essex,0,197,172,22147
2020-10-26,Essex,0,197,155,22302
2020-10-27,Essex,1,198,134,22436
2020-10-28,Essex,1,199,227,22663
2020-10-29,Essex,0,199,230,22893
2020-10-30,Essex,4,203,272,23165
2020-10-31,Essex,0,203,183,23348
2020-11-01,Essex,1,204,97,23445
2020-11-02,Essex,3,207,245,23690
2020-11-03,Essex,3,210,148,23838
2020-11-04,Essex,2,212,218,24056
2020-11-05,Essex,1,213,252,24308
2020-11-06,Essex,3,216,316,24624
2020-11-07,Essex,0,216,143,24767
2020-11-08,Essex,0,216,221,24988
2020-11-09,Essex,2,218,178,25166
2020-11-10,Essex,6,224,308,25474
2020-11-11,Essex,0,224,115,25589
2020-11-12,Essex,0,224,294,25883
2020-11-13,Essex,5,229,194,26077
2020-11-14,Essex,1,230,98,26175
2020-11-15,Essex,1,231,154,26329
2020-11-16,Essex,3,234,267,26596
2020-11-17,Essex,2,236,242,26838
2020-11-18,Essex,3,239,264,27102
2020-11-19,Essex,1,240,224,27326
2020-11-20,Essex,6,246,215,27541
2020-11-21,Essex,2,248,152,27693
2020-11-22,Essex,2,250,416,28109
2020-11-23,Essex,2,252,207,28316
2020-11-24,Essex,11,263,325,28641
2020-11-25,Essex,12,275,243,28884
2020-11-26,Essex,3,278,257,29141
2020-11-27,Essex,1,279,236,29377
2020-11-28,Essex,6,285,255,29632
2020-11-29,Essex,1,286,158,29790
2020-11-30,Essex,3,289,176,29966
2020-12-01,Essex,7,296,181,30147
2020-12-02,Essex,6,302,261,30408
2020-12-03,Essex,3,305,245,30653
2020-12-04,Essex,6,311,319,30972
2020-12-05,Essex,5,316,275,31247
2020-12-06,Essex,5,321,201,31448
2020-12-07,Essex,7,328,183,31631
2020-12-08,Essex,6,334,174,31805
2020-12-09,Essex,14,348,298,32103
2020-12-10,Essex,7,355,264,32367
2020-12-11,Essex,13,368,382,32749
2020-12-12,Essex,5,373,489,33238
2020-12-13,Essex,2,375,358,33596
2020-12-14,Essex,7,382,229,33825
2020-12-15,Essex,20,402,230,34055
2020-12-16,Essex,12,414,188,34243
2020-12-17,Essex,8,422,182,34425
2020-12-18,Essex,8,430,325,34750
2020-12-19,Essex,9,439,233,34983
2020-12-20,Essex,4,443,170,35153
2020-12-21,Essex,10,453,293,35446
2020-12-22,Essex,9,462,192,35638
2020-12-23,Essex,17,479,283,35921
2020-12-24,Essex,19,498,270,36191
2020-12-25,Essex,17,515,284,36475
2020-12-26,Essex,8,523,320,36795
2020-12-27,Essex,6,529,161,36956
2020-12-28,Essex,8,537,155,37111
2020-12-29,Essex,17,554,220,37331
2020-12-30,Essex,16,570,307,37638
2020-12-31,Essex,38,608,369,38007
2021-01-01,Essex,11,619,264,38271
2021-01-02,Essex,23,642,351,38622
2021-01-03,Essex,9,651,159,38781
2021-01-04,Essex,12,663,267,39048
2021-01-05,Essex,16,679,272,39320
2021-01-06,Essex,37,716,388,39708
2021-01-07,Essex,62,778,568,40276
2021-01-08,Essex,54,832,570,40846
2021-01-09,Essex,15,847,516,41362
2021-01-10,Essex,6,853,326,41688
2021-01-11,Essex,15,868,287,41975
2021-01-12,Essex,18,886,360,42335
2021-01-13,Essex,14,900,309,42644
2021-01-14,Essex,29,929,443,43087
2021-01-15,Essex,23,952,634,43721
2021-01-16,Essex,7,959,431,44152
2021-01-17,Essex,13,972,221,44373
2021-01-18,Essex,8,980,182,44555
2021-01-19,Essex,8,988,279,44834
2021-01-20,Essex,9,997,492,45326
2021-01-21,Essex,20,1017,314,45640
2021-01-22,Essex,8,1025,490,46130
2021-01-23,Essex,12,1037,556,46686
2021-01-24,Essex,9,1046,304,46990
2021-01-25,Essex,10,1056,266,47256
2021-01-26,Essex,9,1065,259,47515
2021-01-27,Essex,13,1078,285,47800
2021-01-28,Essex,13,1091,338,48138
2021-01-29,Essex,9,1100,425,48563
2021-01-30,Essex,11,1111,277,48840
2021-01-31,Essex,6,1117,147,48987
2021-02-01,Essex,6,1123,149,49136
2021-02-02,Essex,11,1134,234,49370
2021-02-03,Essex,19,1153,379,49749
2021-02-04,Essex,7,1160,267,50016
2021-02-05,Essex,12,1172,465,50481
2021-02-06,Essex,6,1178,207,50688
2021-02-07,Essex,5,1183,182,50870
2021-02-08,Essex,6,1189,235,51105
2021-02-09,Essex,8,1197,188,51293
2021-02-10,Essex,5,1202,286,51579
2021-02-11,Essex,13,1215,473,52052
2021-02-12,Essex,10,1225,279,52331
2021-02-13,Essex,10,1235,245,52576
2021-02-14,Essex,7,1242,222,52798
2021-02-15,Essex,7,1249,184,52982
2021-02-16,Essex,11,1260,177,53159
2021-02-17,Essex,2,1262,289,53448
2021-02-18,Essex,10,1272,355,53803
2021-02-19,Essex,19,1291,344,54147
2021-02-20,Essex,7,1298,308,54455
2021-02-21,Essex,4,1302,136,54591
2021-02-22,Essex,12,1314,108,54699
2021-02-23,Essex,3,1317,367,55066
2021-02-24,Essex,11,1328,248,55314
2021-02-25,Essex,4,1332,397,55711
2021-02-26,Essex,4,1336,478,56189
2021-02-27,Essex,5,1341,185,56374
2021-02-28,Essex,1,1342,146,56520
2021-03-01,Essex,5,1347,220,56740
2021-03-02,Essex,5,1352,232,56972
2021-03-03,Essex,4,1356,205,57177
2021-03-04,Essex,4,1360,445,57622
2021-03-05,Essex,3,1363,310,57932
2021-03-06,Essex,1,1364,151,58083
2021-03-07,Essex,7,1371,244,58327
2021-03-08,Essex,1,1372,192,58519
2021-03-09,Essex,2,1374,206,58725
2021-03-10,Essex,4,1378,189,58914
2021-03-11,Essex,8,1386,261,59175
2021-03-12,Essex,5,1391,236,59411
2021-03-13,Essex,4,1395,359,59770
2021-03-14,Essex,3,1398,232,60002
2021-03-15,Essex,1,1399,210,60212
2021-03-16,Essex,1,1400,276,60488
2021-03-17,Essex,4,1404,176,60664
2021-03-18,Essex,5,1409,258,60922
2021-03-19,Essex,2,1411,399,61321
2021-03-20,Essex,0,1411,141,61462
2021-03-21,Essex,0,1411,148,61610
2021-03-22,Essex,3,1414,202,61812
2021-03-23,Essex,4,1418,191,62003
2021-03-24,Essex,2,1420,144,62147
2021-03-25,Essex,2,1422,282,62429
2021-03-26,Essex,6,1428,317,62746
2021-03-27,Essex,4,1432,376,63122
2021-03-28,Essex,3,1435,242,63364
2021-03-29,Essex,2,1437,300,63664
2021-03-30,Essex,2,1439,187,63851
2021-03-31,Essex,8,1447,285,64136
2021-04-01,Essex,7,1454,223,64359
2021-04-02,Essex,3,1457,391,64750
2021-04-03,Essex,3,1460,218,64968
2021-04-04,Essex,1,1461,165,65133
2021-04-05,Essex,5,1466,269,65402
2021-04-06,Essex,3,1469,244,65646
2021-04-07,Essex,5,1474,185,65831
2021-04-08,Essex,2,1476,324,66155
2021-04-09,Essex,3,1479,333,66488
2021-04-10,Essex,3,1482,224,66712
2021-04-11,Essex,1,1483,201,66913
2021-04-12,Essex,2,1485,340,67253
2021-04-13,Essex,4,1489,260,67513
2021-04-14,Essex,4,1493,232,67745
2021-04-15,Essex,2,1495,355,68100
2021-04-16,Essex,1,1496,315,68415
2021-04-17,Essex,8,1504,266,68681
2021-04-18,Essex,0,1504,262,68943
2021-04-19,Essex,2,1506,149,69092
2021-04-20,Essex,2,1508,283,69375
2021-04-21,Essex,2,1510,139,69514
2021-04-22,Essex,1,1511,290,69804
2021-04-23,Essex,0,1511,238,70042
2021-04-24,Essex,2,1513,205,70247
2021-04-25,Essex,2,1515,144,70391
2021-04-26,Essex,7,1522,245,70636
2021-04-27,Essex,2,1524,210,70846
2021-04-28,Essex,8,1532,216,71062
2021-04-29,Essex,2,1534,317,71379
2021-04-30,Essex,3,1537,301,71680
2021-05-01,Essex,8,1545,285,71965
2021-05-02,Essex,1,1546,146,72111
2021-05-03,Essex,0,1546,141,72252
2021-05-04,Essex,5,1551,265,72517
2021-05-05,Essex,1,1552,218,72735
2021-05-06,Essex,11,1563,376,73111
2021-05-07,Essex,1,1564,273,73384
2021-05-08,Essex,3,1567,137,73521
2021-05-09,Essex,1,1568,104,73625
2021-05-10,Essex,2,1570,180,73805
2021-05-11,Essex,3,1573,301,74106
2021-05-12,Essex,0,1573,171,74277
2021-05-13,Essex,2,1575,259,74536
2021-05-14,Essex,2,1577,250,74786
2021-05-15,Essex,0,1577,99,74885
2021-05-16,Essex,1,1578,94,74979
2021-05-17,Essex,2,1580,148,75127
2021-05-18,Essex,1,1581,193,75320
2021-05-19,Essex,0,1581,185,75505
2021-05-20,Essex,0,1581,190,75695
2021-05-21,Essex,5,1586,237,75932
2021-05-22,Essex,0,1586,118,76050
2021-05-23,Essex,0,1586,88,76138
2021-05-24,Essex,1,1587,164,76302
2021-05-25,Essex,1,1588,175,76477
2021-05-26,Essex,0,1588,124,76601
2021-05-27,Essex,0,1588,181,76782
2021-05-28,Essex,1,1589,123,76905
2021-05-29,Essex,0,1589,74,76979
2021-05-30,Essex,1,1590,78,77057
2021-05-31,Essex,0,1590,45,77102
2021-06-01,Essex,0,1590,93,77195
2021-06-02,Essex,0,1590,162,77357
2021-06-03,Essex,1,1591,210,77567
2021-06-04,Essex,0,1591,153,77720
2021-06-05,Essex,0,1591,57,77777
2021-06-06,Essex,0,1591,74,77851
2021-06-07,Essex,1,1592,129,77980
2021-06-08,Essex,0,1592,130,78110
2021-06-09,Essex,0,1592,260,78370
2021-06-10,Essex,0,1592,135,78505
2021-06-11,Essex,1,1593,171,78676
2021-06-12,Essex,0,1593,92,78768
2021-06-13,Essex,0,1593,52,78820
2021-06-14,Essex,0,1593,40,78860
2021-06-15,Essex,0,1593,84,78944
2021-06-16,Essex,0,1593,121,79065
2021-06-17,Essex,0,1593,130,79195
2021-06-18,Essex,0,1593,83,79278
2021-06-19,Essex,0,1593,97,79375
2021-06-20,Essex,0,1593,40,79415
2021-06-21,Essex,0,1593,64,79479
2021-06-22,Essex,0,1593,83,79562
2021-06-23,Essex,1,1594,150,79712
2021-06-24,Essex,1,1595,90,79802
2021-06-25,Essex,0,1595,66,79868
2021-06-26,Essex,0,1595,75,79943
2021-06-27,Essex,0,1595,43,79986
2021-06-28,Essex,0,1595,121,80107
2021-06-29,Essex,0,1595,173,80280
2021-06-30,Essex,2,1597,66,80346
2021-07-01,Essex,0,1597,76,80422
2021-07-02,Essex,0,1597,293,80715
2021-07-03,Essex,0,1597,70,80785
2021-07-04,Essex,0,1597,84,80869
2021-07-05,Essex,0,1597,15,80884
2021-07-06,Essex,1,1598,53,80937
2021-07-07,Essex,0,1598,74,81011
2021-07-08,Essex,0,1598,67,81078
2021-07-09,Essex,0,1598,73,81151
2021-07-10,Essex,0,1598,56,81207
2021-07-11,Essex,1,1599,42,81249
2021-07-12,Essex,1,1600,65,81314
2021-07-13,Essex,1,1601,103,81417
2021-07-14,Essex,1,1602,80,81497
2021-07-15,Essex,6,1608,88,81585
2021-07-16,Essex,2,1610,82,81667
2021-07-17,Essex,2,1612,61,81728
2021-07-18,Essex,2,1614,42,81770
2020-03-01,Franklin,0,0,0,0
2020-03-02,Franklin,0,0,0,0
2020-03-03,Franklin,0,0,0,0
2020-03-04,Franklin,0,0,0,0
2020-03-05,Franklin,0,0,0,0
2020-03-06,Franklin,0,0,0,0
2020-03-07,Franklin,0,0,0,0
2020-03-08,Franklin,0,0,0,0
2020-03-09,Franklin,0,0,0,0
2020-03-10,Franklin,0,0,0,0
2020-03-11,Franklin,0,0,0,0
2020-03-12,Franklin,0,0,1,1
2020-03-13,Franklin,0,0,0,1
2020-03-14,Franklin,0,0,1,2
2020-03-15,Franklin,0,0,0,2
2020-03-16,Franklin,0,0,3,5
2020-03-17,Franklin,0,0,1,6
2020-03-18,Franklin,0,0,5,11
2020-03-19,Franklin,0,0,6,17
2020-03-20,Franklin,0,0,5,22
2020-03-21,Franklin,0,0,10,32
2020-03-22,Franklin,0,0,8,40
2020-03-23,Franklin,0,0,3,43
2020-03-24,Franklin,1,1,4,47
2020-03-25,Franklin,0,1,5,52
2020-03-26,Franklin,1,2,11,63
2020-03-27,Franklin,2,4,10,73
2020-03-28,Franklin,2,6,9,82
2020-03-29,Franklin,0,6,14,96
2020-03-30,Franklin,3,9,10,106
2020-03-31,Franklin,0,9,9,115
2020-04-01,Franklin,0,9,8,123
2020-04-02,Franklin,1,10,19,142
2020-04-03,Franklin,0,10,4,146
2020-04-04,Franklin,0,10,6,152
2020-04-05,Franklin,0,10,5,157
2020-04-06,Franklin,0,10,5,162
2020-04-07,Franklin,0,10,7,169
2020-04-08,Franklin,1,11,5,174
2020-04-09,Franklin,0,11,6,180
2020-04-10,Franklin,0,11,5,185
2020-04-11,Franklin,1,12,8,193
2020-04-12,Franklin,0,12,6,199
2020-04-13,Franklin,1,13,13,212
2020-04-14,Franklin,0,13,4,216
2020-04-15,Franklin,0,13,11,227
2020-04-16,Franklin,0,13,3,230
2020-04-17,Franklin,0,13,9,239
2020-04-18,Franklin,0,13,9,248
2020-04-19,Franklin,0,13,5,253
2020-04-20,Franklin,0,13,3,256
2020-04-21,Franklin,0,13,2,258
2020-04-22,Franklin,0,13,8,266
2020-04-23,Franklin,0,13,9,275
2020-04-24,Franklin,1,14,35,310
2020-04-25,Franklin,0,14,3,313
2020-04-26,Franklin,0,14,17,330
2020-04-27,Franklin,0,14,13,343
2020-04-28,Franklin,1,15,17,360
2020-04-29,Franklin,0,15,14,374
2020-04-30,Franklin,0,15,16,390
2020-05-01,Franklin,0,15,9,399
2020-05-02,Franklin,0,15,9,408
2020-05-03,Franklin,1,16,15,423
2020-05-04,Franklin,0,16,11,434
2020-05-05,Franklin,0,16,15,449
2020-05-06,Franklin,0,16,18,467
2020-05-07,Franklin,1,17,82,549
2020-05-08,Franklin,0,17,24,573
2020-05-09,Franklin,0,17,50,623
2020-05-10,Franklin,0,17,53,676
2020-05-11,Franklin,0,17,91,767
2020-05-12,Franklin,0,17,52,819
2020-05-13,Franklin,0,17,56,875
2020-05-14,Franklin,0,17,48,923
2020-05-15,Franklin,1,18,196,1119
2020-05-16,Franklin,0,18,126,1245
2020-05-17,Franklin,0,18,285,1530
2020-05-18,Franklin,0,18,9,1539
2020-05-19,Franklin,0,18,55,1594
2020-05-20,Franklin,1,19,245,1839
2020-05-21,Franklin,0,19,194,2033
2020-05-22,Franklin,1,20,83,2116
2020-05-23,Franklin,0,20,178,2294
2020-05-24,Franklin,0,20,138,2432
2020-05-25,Franklin,0,20,219,2651
2020-05-26,Franklin,0,20,84,2735
2020-05-27,Franklin,0,20,157,2892
2020-05-28,Franklin,1,21,118,3010
2020-05-29,Franklin,1,22,129,3139
2020-05-30,Franklin,0,22,151,3290
2020-05-31,Franklin,1,23,167,3457
2020-06-01,Franklin,0,23,42,3499
2020-06-02,Franklin,0,23,222,3721
2020-06-03,Franklin,0,23,262,3983
2020-06-04,Franklin,0,23,120,4103
2020-06-05,Franklin,0,23,207,4310
2020-06-06,Franklin,0,23,198,4508
2020-06-07,Franklin,0,23,272,4780
2020-06-08,Franklin,0,23,53,4833
2020-06-09,Franklin,0,23,127,4960
2020-06-10,Franklin,0,23,156,5116
2020-06-11,Franklin,1,24,205,5321
2020-06-12,Franklin,1,25,142,5463
2020-06-13,Franklin,0,25,162,5625
2020-06-14,Franklin,0,25,160,5785
2020-06-15,Franklin,0,25,67,5852
2020-06-16,Franklin,0,25,54,5906
2020-06-17,Franklin,1,26,136,6042
2020-06-18,Franklin,1,27,163,6205
2020-06-19,Franklin,0,27,251,6456
2020-06-20,Franklin,0,27,147,6603
2020-06-21,Franklin,0,27,200,6803
2020-06-22,Franklin,1,28,39,6842
2020-06-23,Franklin,0,28,55,6897
2020-06-24,Franklin,0,28,90,6987
2020-06-25,Franklin,0,28,112,7099
2020-06-26,Franklin,1,29,214,7313
2020-06-27,Franklin,0,29,136,7449
2020-06-28,Franklin,1,30,128,7577
2020-06-29,Franklin,0,30,28,7605
2020-06-30,Franklin,1,31,143,7748
2020-07-01,Franklin,1,32,89,7837
2020-07-02,Franklin,1,33,78,7915
2020-07-03,Franklin,0,33,50,7965
2020-07-04,Franklin,0,33,156,8121
2020-07-05,Franklin,0,33,126,8247
2020-07-06,Franklin,0,33,138,8385
2020-07-07,Franklin,0,33,177,8562
2020-07-08,Franklin,1,34,196,8758
2020-07-09,Franklin,1,35,187,8945
2020-07-10,Franklin,0,35,91,9036
2020-07-11,Franklin,1,36,180,9216
2020-07-12,Franklin,0,36,143,9359
2020-07-13,Franklin,0,36,91,9450
2020-07-14,Franklin,1,37,99,9549
2020-07-15,Franklin,1,38,94,9643
2020-07-16,Franklin,1,39,109,9752
2020-07-17,Franklin,1,40,183,9935
2020-07-18,Franklin,0,40,184,10119
2020-07-19,Franklin,0,40,97,10216
2020-07-20,Franklin,2,42,199,10415
2020-07-21,Franklin,0,42,150,10565
2020-07-22,Franklin,0,42,248,10813
2020-07-23,Franklin,0,42,107,10920
2020-07-24,Franklin,0,42,321,11241
2020-07-25,Franklin,2,44,178,11419
2020-07-26,Franklin,0,44,185,11604
2020-07-27,Franklin,3,47,146,11750
2020-07-28,Franklin,1,48,90,11840
2020-07-29,Franklin,0,48,78,11918
2020-07-30,Franklin,2,50,87,12005
2020-07-31,Franklin,0,50,288,12293
2020-08-01,Franklin,0,50,135,12428
2020-08-02,Franklin,0,50,88,12516
2020-08-03,Franklin,0,50,164,12680
2020-08-04,Franklin,2,52,134,12814
2020-08-05,Franklin,0,52,91,12905
2020-08-06,Franklin,2,54,125,13030
2020-08-07,Franklin,0,54,74,13104
2020-08-08,Franklin,0,54,227,13331
2020-08-09,Franklin,0,54,85,13416
2020-08-10,Franklin,0,54,160,13576
2020-08-11,Franklin,0,54,133,13709
2020-08-12,Franklin,0,54,364,14073
2020-08-13,Franklin,0,54,73,14146
2020-08-14,Franklin,0,54,370,14516
2020-08-15,Franklin,0,54,155,14671
2020-08-16,Franklin,0,54,84,14755
2020-08-17,Franklin,1,55,151,14906
2020-08-18,Franklin,1,56,127,15033
2020-08-19,Franklin,0,56,136,15169
2020-08-20,Franklin,0,56,122,15291
2020-08-21,Franklin,0,56,176,15467
2020-08-22,Franklin,0,56,270,15737
2020-08-23,Franklin,0,56,99,15836
2020-08-24,Franklin,0,56,177,16013
2020-08-25,Franklin,1,57,114,16127
2020-08-26,Franklin,1,58,282,16409
2020-08-27,Franklin,0,58,51,16460
2020-08-28,Franklin,0,58,686,17146
2020-08-29,Franklin,0,58,171,17317
2020-08-30,Franklin,0,58,70,17387
2020-08-31,Franklin,0,58,163,17550
2020-09-01,Franklin,0,58,183,17733
2020-09-02,Franklin,1,59,138,17871
2020-09-03,Franklin,0,59,145,18016
2020-09-04,Franklin,0,59,147,18163
2020-09-05,Franklin,0,59,151,18314
2020-09-06,Franklin,0,59,172,18486
2020-09-07,Franklin,0,59,166,18652
2020-09-08,Franklin,0,59,59,18711
2020-09-09,Franklin,0,59,54,18765
2020-09-10,Franklin,1,60,113,18878
2020-09-11,Franklin,1,61,319,19197
2020-09-12,Franklin,2,63,119,19316
2020-09-13,Franklin,0,63,84,19400
2020-09-14,Franklin,0,63,176,19576
2020-09-15,Franklin,0,63,109,19685
2020-09-16,Franklin,0,63,200,19885
2020-09-17,Franklin,1,64,219,20104
2020-09-18,Franklin,0,64,228,20332
2020-09-19,Franklin,1,65,303,20635
2020-09-20,Franklin,0,65,191,20826
2020-09-21,Franklin,0,65,130,20956
2020-09-22,Franklin,0,65,113,21069
2020-09-23,Franklin,1,66,152,21221
2020-09-24,Franklin,0,66,190,21411
2020-09-25,Franklin,0,66,268,21679
2020-09-26,Franklin,0,66,258,21937
2020-09-27,Franklin,0,66,141,22078
2020-09-28,Franklin,0,66,109,22187
2020-09-29,Franklin,0,66,120,22307
2020-09-30,Franklin,0,66,103,22410
2020-10-01,Franklin,0,66,198,22608
2020-10-02,Franklin,2,68,312,22920
2020-10-03,Franklin,2,70,157,23077
2020-10-04,Franklin,0,70,82,23159
2020-10-05,Franklin,0,70,200,23359
2020-10-06,Franklin,0,70,82,23441
2020-10-07,Franklin,1,71,130,23571
2020-10-08,Franklin,0,71,202,23773
2020-10-09,Franklin,0,71,383,24156
2020-10-10,Franklin,0,71,413,24569
2020-10-11,Franklin,0,71,63,24632
2020-10-12,Franklin,1,72,518,25150
2020-10-13,Franklin,0,72,637,25787
2020-10-14,Franklin,3,75,471,26258
2020-10-15,Franklin,0,75,210,26468
2020-10-16,Franklin,2,77,597,27065
2020-10-17,Franklin,0,77,365,27430
2020-10-18,Franklin,0,77,120,27550
2020-10-19,Franklin,0,77,392,27942
2020-10-20,Franklin,1,78,112,28054
2020-10-21,Franklin,1,79,145,28199
2020-10-22,Franklin,0,79,333,28532
2020-10-23,Franklin,0,79,283,28815
2020-10-24,Franklin,0,79,300,29115
2020-10-25,Franklin,1,80,92,29207
2020-10-26,Franklin,0,80,125,29332
2020-10-27,Franklin,0,80,123,29455
2020-10-28,Franklin,0,80,156,29611
2020-10-29,Franklin,2,82,140,29751
2020-10-30,Franklin,4,86,203,29954
2020-10-31,Franklin,1,87,145,30099
2020-11-01,Franklin,1,88,90,30189
2020-11-02,Franklin,8,96,354,30543
2020-11-03,Franklin,0,96,54,30597
2020-11-04,Franklin,9,105,226,30823
2020-11-05,Franklin,9,114,256,31079
2020-11-06,Franklin,13,127,501,31580
2020-11-07,Franklin,9,136,395,31975
2020-11-08,Franklin,4,140,284,32259
2020-11-09,Franklin,7,147,249,32508
2020-11-10,Franklin,5,152,140,32648
2020-11-11,Franklin,9,161,316,32964
2020-11-12,Franklin,13,174,395,33359
2020-11-13,Franklin,10,184,525,33884
2020-11-14,Franklin,4,188,250,34134
2020-11-15,Franklin,1,189,104,34238
2020-11-16,Franklin,6,195,239,34477
2020-11-17,Franklin,12,207,341,34818
2020-11-18,Franklin,8,215,295,35113
2020-11-19,Franklin,5,220,162,35275
2020-11-20,Franklin,9,229,625,35900
2020-11-21,Franklin,2,231,177,36077
2020-11-22,Franklin,8,239,362,36439
2020-11-23,Franklin,4,243,336,36775
2020-11-24,Franklin,2,245,163,36938
2020-11-25,Franklin,10,255,345,37283
2020-11-26,Franklin,4,259,174,37457
2020-11-27,Franklin,0,259,88,37545
2020-11-28,Franklin,7,266,479,38024
2020-11-29,Franklin,0,266,114,38138
2020-11-30,Franklin,5,271,302,38440
2020-12-01,Franklin,5,276,116,38556
2020-12-02,Franklin,7,283,243,38799
2020-12-03,Franklin,10,293,245,39044
2020-12-04,Franklin,12,305,300,39344
2020-12-05,Franklin,17,322,314,39658
2020-12-06,Franklin,28,350,204,39862
2020-12-07,Franklin,18,368,255,40117
2020-12-08,Franklin,7,375,110,40227
2020-12-09,Franklin,23,398,363,40590
2020-12-10,Franklin,23,421,400,40990
2020-12-11,Franklin,11,432,353,41343
2020-12-12,Franklin,11,443,549,41892
2020-12-13,Franklin,16,459,352,42244
2020-12-14,Franklin,17,476,223,42467
2020-12-15,Franklin,9,485,137,42604
2020-12-16,Franklin,17,502,256,42860
2020-12-17,Franklin,38,540,347,43207
2020-12-18,Franklin,18,558,389,43596
2020-12-19,Franklin,18,576,459,44055
2020-12-20,Franklin,15,591,273,44328
2020-12-21,Franklin,18,609,278,44606
2020-12-22,Franklin,9,618,175,44781
2020-12-23,Franklin,17,635,324,45105
2020-12-24,Franklin,28,663,353,45458
2020-12-25,Franklin,31,694,413,45871
2020-12-26,Franklin,5,699,248,46119
2020-12-27,Franklin,14,713,164,46283
2020-12-28,Franklin,16,729,175,46458
2020-12-29,Franklin,5,734,117,46575
2020-12-30,Franklin,27,761,329,46904
2020-12-31,Franklin,20,781,375,47279
2021-01-01,Franklin,16,797,363,47642
2021-01-02,Franklin,13,810,321,47963
2021-01-03,Franklin,2,812,95,48058
2021-01-04,Franklin,10,822,235,48293
2021-01-05,Franklin,10,832,240,48533
2021-01-06,Franklin,20,852,412,48945
2021-01-07,Franklin,34,886,548,49493
2021-01-08,Franklin,19,905,375,49868
2021-01-09,Franklin,19,924,449,50317
2021-01-10,Franklin,22,946,394,50711
2021-01-11,Franklin,26,972,291,51002
2021-01-12,Franklin,12,984,208,51210
2021-01-13,Franklin,22,1006,414,51624
2021-01-14,Franklin,34,1040,563,52187
2021-01-15,Franklin,46,1086,567,52754
2021-01-16,Franklin,17,1103,386,53140
2021-01-17,Franklin,26,1129,462,53602
2021-01-18,Franklin,18,1147,301,53903
2021-01-19,Franklin,17,1164,261,54164
2021-01-20,Franklin,38,1202,381,54545
2021-01-21,Franklin,67,1269,465,55010
2021-01-22,Franklin,28,1297,426,55436
2021-01-23,Franklin,35,1332,333,55769
2021-01-24,Franklin,27,1359,383,56152
2021-01-25,Franklin,22,1381,261,56413
2021-01-26,Franklin,18,1399,189,56602
2021-01-27,Franklin,29,1428,290,56892
2021-01-28,Franklin,37,1465,516,57408
2021-01-29,Franklin,60,1525,783,58191
2021-01-30,Franklin,14,1539,392,58583
2021-01-31,Franklin,32,1571,317,58900
2021-02-01,Franklin,13,1584,198,59098
2021-02-02,Franklin,5,1589,310,59408
2021-02-03,Franklin,13,1602,229,59637
2021-02-04,Franklin,28,1630,248,59885
2021-02-05,Franklin,41,1671,859,60744
2021-02-06,Franklin,18,1689,353,61097
2021-02-07,Franklin,17,1706,282,61379
2021-02-08,Franklin,14,1720,184,61563
2021-02-09,Franklin,4,1724,209,61772
2021-02-10,Franklin,29,1753,559,62331
2021-02-11,Franklin,23,1776,373,62704
2021-02-12,Franklin,15,1791,594,63298
2021-02-13,Franklin,16,1807,336,63634
2021-02-14,Franklin,22,1829,302,63936
2021-02-15,Franklin,9,1838,108,64044
2021-02-16,Franklin,6,1844,169,64213
2021-02-17,Franklin,13,1857,264,64477
2021-02-18,Franklin,36,1893,324,64801
2021-02-19,Franklin,42,1935,545,65346
2021-02-20,Franklin,19,1954,280,65626
2021-02-21,Franklin,23,1977,256,65882
2021-02-22,Franklin,9,1986,118,66000
2021-02-23,Franklin,10,1996,234,66234
2021-02-24,Franklin,12,2008,441,66675
2021-02-25,Franklin,19,2027,317,66992
2021-02-26,Franklin,29,2056,583,67575
2021-02-27,Franklin,18,2074,382,67957
2021-02-28,Franklin,13,2087,349,68306
2021-03-01,Franklin,11,2098,157,68463
2021-03-02,Franklin,9,2107,214,68677
2021-03-03,Franklin,13,2120,347,69024
2021-03-04,Franklin,22,2142,351,69375
2021-03-05,Franklin,18,2160,474,69849
2021-03-06,Franklin,16,2176,250,70099
2021-03-07,Franklin,11,2187,281,70380
2021-03-08,Franklin,4,2191,205,70585
2021-03-09,Franklin,8,2199,148,70733
2021-03-10,Franklin,5,2204,386,71119
2021-03-11,Franklin,4,2208,252,71371
2021-03-12,Franklin,2,2210,382,71753
2021-03-13,Franklin,3,2213,350,72103
2021-03-14,Franklin,5,2218,259,72362
2021-03-15,Franklin,4,2222,180,72542
2021-03-16,Franklin,3,2225,181,72723
2021-03-17,Franklin,6,2231,401,73124
2021-03-18,Franklin,3,2234,248,73372
2021-03-19,Franklin,8,2242,417,73789
2021-03-20,Franklin,5,2247,287,74076
2021-03-21,Franklin,7,2254,186,74262
2021-03-22,Franklin,4,2258,105,74367
2021-03-23,Franklin,4,2262,214,74581
2021-03-24,Franklin,8,2270,525,75106
2021-03-25,Franklin,3,2273,435,75541
2021-03-26,Franklin,5,2278,331,75872
2021-03-27,Franklin,6,2284,345,76217
2021-03-28,Franklin,8,2292,256,76473
2021-03-29,Franklin,6,2298,160,76633
2021-03-30,Franklin,3,2301,178,76811
2021-03-31,Franklin,9,2310,408,77219
2021-04-01,Franklin,6,2316,345,77564
2021-04-02,Franklin,7,2323,349,77913
2021-04-03,Franklin,3,2326,315,78228
2021-04-04,Franklin,7,2333,150,78378
2021-04-05,Franklin,8,2341,106,78484
2021-04-06,Franklin,4,2345,144,78628
2021-04-07,Franklin,3,2348,304,78932
2021-04-08,Franklin,3,2351,487,79419
2021-04-09,Franklin,5,2356,305,79724
2021-04-10,Franklin,3,2359,330,80054
2021-04-11,Franklin,6,2365,138,80192
2021-04-12,Franklin,5,2370,181,80373
2021-04-13,Franklin,5,2375,237,80610
2021-04-14,Franklin,8,2383,468,81078
2021-04-15,Franklin,6,2389,288,81366
2021-04-16,Franklin,7,2396,357,81723
2021-04-17,Franklin,7,2403,441,82164
2021-04-18,Franklin,4,2407,206,82370
2021-04-19,Franklin,1,2408,162,82532
2021-04-20,Franklin,5,2413,279,82811
2021-04-21,Franklin,4,2417,356,83167
2021-04-22,Franklin,6,2423,330,83497
2021-04-23,Franklin,2,2425,406,83903
2021-04-24,Franklin,14,2439,344,84247
2021-04-25,Franklin,4,2443,206,84453
2021-04-26,Franklin,3,2446,127,84580
2021-04-27,Franklin,2,2448,178,84758
2021-04-28,Franklin,11,2459,472,85230
2021-04-29,Franklin,12,2471,452,85682
2021-04-30,Franklin,12,2483,294,85976
2021-05-01,Franklin,5,2488,288,86264
2021-05-02,Franklin,5,2493,237,86501
2021-05-03,Franklin,3,2496,136,86637
2021-05-04,Franklin,1,2497,180,86817
2021-05-05,Franklin,2,2499,292,87109
2021-05-06,Franklin,4,2503,362,87471
2021-05-07,Franklin,0,2503,341,87812
2021-05-08,Franklin,5,2508,282,88094
2021-05-09,Franklin,1,2509,202,88296
2021-05-10,Franklin,1,2510,112,88408
2021-05-11,Franklin,1,2511,164,88572
2021-05-12,Franklin,5,2516,334,88906
2021-05-13,Franklin,1,2517,290,89196
2021-05-14,Franklin,1,2518,266,89462
2021-05-15,Franklin,0,2518,189,89651
2021-05-16,Franklin,0,2518,235,89886
2021-05-17,Franklin,0,2518,90,89976
2021-05-18,Franklin,0,2518,266,90242
2021-05-19,Franklin,1,2519,241,90483
2021-05-20,Franklin,4,2523,344,90827
2021-05-21,Franklin,5,2528,207,91034
2021-05-22,Franklin,2,2530,193,91227
2021-05-23,Franklin,0,2530,158,91385
2021-05-24,Franklin,0,2530,158,91543
2021-05-25,Franklin,3,2533,192,91735
2021-05-26,Franklin,2,2535,185,91920
2021-05-27,Franklin,1,2536,147,92067
2021-05-28,Franklin,6,2542,223,92290
2021-05-29,Franklin,4,2546,337,92627
2021-05-30,Franklin,3,2549,106,92733
2021-05-31,Franklin,0,2549,60,92793
2021-06-01,Franklin,1,2550,46,92839
2021-06-02,Franklin,0,2550,74,92913
2021-06-03,Franklin,2,2552,336,93249
2021-06-04,Franklin,3,2555,225,93474
2021-06-05,Franklin,0,2555,99,93573
2021-06-06,Franklin,2,2557,238,93811
2021-06-07,Franklin,1,2558,98,93909
2021-06-08,Franklin,0,2558,58,93967
2021-06-09,Franklin,3,2561,525,94492
2021-06-10,Franklin,0,2561,218,94710
2021-06-11,Franklin,0,2561,178,94888
2021-06-12,Franklin,0,2561,143,95031
2021-06-13,Franklin,2,2563,81,95112
2021-06-14,Franklin,0,2563,78,95190
2021-06-15,Franklin,0,2563,95,95285
2021-06-16,Franklin,0,2563,115,95400
2021-06-17,Franklin,0,2563,135,95535
2021-06-18,Franklin,0,2563,113,95648
2021-06-19,Franklin,0,2563,40,95688
2021-06-20,Franklin,0,2563,102,95790
2021-06-21,Franklin,0,2563,39,95829
2021-06-22,Franklin,0,2563,44,95873
2021-06-23,Franklin,0,2563,177,96050
2021-06-24,Franklin,0,2563,107,96157
2021-06-25,Franklin,0,2563,101,96258
2021-06-26,Franklin,0,2563,110,96368
2021-06-27,Franklin,1,2564,72,96440
2021-06-28,Franklin,0,2564,39,96479
2021-06-29,Franklin,0,2564,116,96595
2021-06-30,Franklin,0,2564,80,96675
2021-07-01,Franklin,0,2564,80,96755
2021-07-02,Franklin,0,2564,111,96866
2021-07-03,Franklin,0,2564,87,96953
2021-07-04,Franklin,0,2564,95,97048
2021-07-05,Franklin,0,2564,41,97089
2021-07-06,Franklin,0,2564,32,97121
2021-07-07,Franklin,1,2565,96,97217
2021-07-08,Franklin,0,2565,130,97347
2021-07-09,Franklin,1,2566,81,97428
2021-07-10,Franklin,0,2566,95,97523
2021-07-11,Franklin,0,2566,88,97611
2021-07-12,Franklin,0,2566,52,97663
2021-07-13,Franklin,0,2566,75,97738
2021-07-14,Franklin,1,2567,141,97879
2021-07-15,Franklin,0,2567,89,97968
2021-07-16,Franklin,0,2567,88,98056
2021-07-17,Franklin,0,2567,110,98166
2021-07-18,Franklin,0,2567,50,98216
2020-03-01,Fulton,0,0,0,0
2020-03-02,Fulton,0,0,0,0
2020-03-03,Fulton,0,0,0,0
2020-03-04,Fulton,0,0,0,0
2020-03-05,Fulton,0,0,0,0
2020-03-06,Fulton,0,0,0,0
2020-03-07,Fulton,0,0,0,0
2020-03-08,Fulton,0,0,0,0
2020-03-09,Fulton,0,0,1,1
2020-03-10,Fulton,0,0,1,2
2020-03-11,Fulton,0,0,2,4
2020-03-12,Fulton,0,0,1,5
2020-03-13,Fulton,0,0,1,6
2020-03-14,Fulton,0,0,4,10
2020-03-15,Fulton,0,0,1,11
2020-03-16,Fulton,0,0,1,12
2020-03-17,Fulton,0,0,0,12
2020-03-18,Fulton,1,1,12,24
2020-03-19,Fulton,0,1,6,30
2020-03-20,Fulton,0,1,13,43
2020-03-21,Fulton,0,1,11,54
2020-03-22,Fulton,0,1,11,65
2020-03-23,Fulton,0,1,11,76
2020-03-24,Fulton,0,1,4,80
2020-03-25,Fulton,0,1,2,82
2020-03-26,Fulton,0,1,5,87
2020-03-27,Fulton,0,1,10,97
2020-03-28,Fulton,0,1,10,107
2020-03-29,Fulton,0,1,12,119
2020-03-30,Fulton,0,1,5,124
2020-03-31,Fulton,1,2,5,129
2020-04-01,Fulton,4,6,10,139
2020-04-02,Fulton,0,6,10,149
2020-04-03,Fulton,3,9,24,173
2020-04-04,Fulton,0,9,12,185
2020-04-05,Fulton,2,11,20,205
2020-04-06,Fulton,2,13,18,223
2020-04-07,Fulton,1,14,6,229
2020-04-08,Fulton,1,15,21,250
2020-04-09,Fulton,3,18,24,274
2020-04-10,Fulton,3,21,17,291
2020-04-11,Fulton,0,21,11,302
2020-04-12,Fulton,0,21,7,309
2020-04-13,Fulton,1,22,75,384
2020-04-14,Fulton,2,24,9,393
2020-04-15,Fulton,1,25,13,406
2020-04-16,Fulton,2,27,16,422
2020-04-17,Fulton,0,27,7,429
2020-04-18,Fulton,0,27,17,446
2020-04-19,Fulton,0,27,3,449
2020-04-20,Fulton,0,27,4,453
2020-04-21,Fulton,1,28,7,460
2020-04-22,Fulton,0,28,5,465
2020-04-23,Fulton,1,29,16,481
2020-04-24,Fulton,32,61,202,683
2020-04-25,Fulton,1,62,29,712
2020-04-26,Fulton,0,62,9,721
2020-04-27,Fulton,4,66,16,737
2020-04-28,Fulton,1,67,27,764
2020-04-29,Fulton,4,71,27,791
2020-04-30,Fulton,4,75,37,828
2020-05-01,Fulton,4,79,34,862
2020-05-02,Fulton,3,82,36,898
2020-05-03,Fulton,2,84,25,923
2020-05-04,Fulton,13,97,63,986
2020-05-05,Fulton,3,100,50,1036
2020-05-06,Fulton,1,101,30,1066
2020-05-07,Fulton,2,103,27,1093
2020-05-08,Fulton,1,104,30,1123
2020-05-09,Fulton,3,107,31,1154
2020-05-10,Fulton,2,109,59,1213
2020-05-11,Fulton,26,135,100,1313
2020-05-12,Fulton,5,140,61,1374
2020-05-13,Fulton,4,144,81,1455
2020-05-14,Fulton,1,145,67,1522
2020-05-15,Fulton,3,148,100,1622
2020-05-16,Fulton,23,171,110,1732
2020-05-17,Fulton,11,182,132,1864
2020-05-18,Fulton,0,182,30,1894
2020-05-19,Fulton,2,184,89,1983
2020-05-20,Fulton,2,186,100,2083
2020-05-21,Fulton,3,189,88,2171
2020-05-22,Fulton,4,193,142,2313
2020-05-23,Fulton,1,194,84,2397
2020-05-24,Fulton,2,196,86,2483
2020-05-25,Fulton,0,196,44,2527
2020-05-26,Fulton,2,198,112,2639
2020-05-27,Fulton,2,200,223,2862
2020-05-28,Fulton,6,206,202,3064
2020-05-29,Fulton,1,207,146,3210
2020-05-30,Fulton,1,208,159,3369
2020-05-31,Fulton,2,210,169,3538
2020-06-01,Fulton,2,212,83,3621
2020-06-02,Fulton,1,213,197,3818
2020-06-03,Fulton,2,215,187,4005
2020-06-04,Fulton,4,219,248,4253
2020-06-05,Fulton,3,222,233,4486
2020-06-06,Fulton,2,224,205,4691
2020-06-07,Fulton,3,227,254,4945
2020-06-08,Fulton,1,228,249,5194
2020-06-09,Fulton,0,228,132,5326
2020-06-10,Fulton,2,230,155,5481
2020-06-11,Fulton,1,231,352,5833
2020-06-12,Fulton,1,232,164,5997
2020-06-13,Fulton,2,234,168,6165
2020-06-14,Fulton,1,235,101,6266
2020-06-15,Fulton,1,236,158,6424
2020-06-16,Fulton,0,236,85,6509
2020-06-17,Fulton,0,236,146,6655
2020-06-18,Fulton,1,237,173,6828
2020-06-19,Fulton,6,243,290,7118
2020-06-20,Fulton,0,243,209,7327
2020-06-21,Fulton,1,244,171,7498
2020-06-22,Fulton,0,244,86,7584
2020-06-23,Fulton,0,244,110,7694
2020-06-24,Fulton,0,244,98,7792
2020-06-25,Fulton,4,248,161,7953
2020-06-26,Fulton,1,249,171,8124
2020-06-27,Fulton,6,255,283,8407
2020-06-28,Fulton,1,256,171,8578
2020-06-29,Fulton,0,256,126,8704
2020-06-30,Fulton,1,257,86,8790
2020-07-01,Fulton,3,260,202,8992
2020-07-02,Fulton,1,261,154,9146
2020-07-03,Fulton,0,261,239,9385
2020-07-04,Fulton,0,261,237,9622
2020-07-05,Fulton,1,262,131,9753
2020-07-06,Fulton,0,262,92,9845
2020-07-07,Fulton,0,262,102,9947
2020-07-08,Fulton,1,263,110,10057
2020-07-09,Fulton,1,264,191,10248
2020-07-10,Fulton,1,265,197,10445
2020-07-11,Fulton,0,265,175,10620
2020-07-12,Fulton,0,265,78,10698
2020-07-13,Fulton,1,266,145,10843
2020-07-14,Fulton,0,266,77,10920
2020-07-15,Fulton,0,266,80,11000
2020-07-16,Fulton,0,266,265,11265
2020-07-17,Fulton,0,266,253,11518
2020-07-18,Fulton,1,267,101,11619
2020-07-19,Fulton,0,267,90,11709
2020-07-20,Fulton,0,267,91,11800
2020-07-21,Fulton,0,267,127,11927
2020-07-22,Fulton,1,268,96,12023
2020-07-23,Fulton,0,268,292,12315
2020-07-24,Fulton,2,270,153,12468
2020-07-25,Fulton,0,270,171,12639
2020-07-26,Fulton,0,270,79,12718
2020-07-27,Fulton,0,270,67,12785
2020-07-28,Fulton,0,270,74,12859
2020-07-29,Fulton,5,275,151,13010
2020-07-30,Fulton,0,275,227,13237
2020-07-31,Fulton,7,282,190,13427
2020-08-01,Fulton,1,283,185,13612
2020-08-02,Fulton,2,285,133,13745
2020-08-03,Fulton,0,285,93,13838
2020-08-04,Fulton,2,287,117,13955
2020-08-05,Fulton,4,291,128,14083
2020-08-06,Fulton,2,293,217,14300
2020-08-07,Fulton,2,295,213,14513
2020-08-08,Fulton,1,296,281,14794
2020-08-09,Fulton,1,297,94,14888
2020-08-10,Fulton,0,297,101,14989
2020-08-11,Fulton,2,299,129,15118
2020-08-12,Fulton,1,300,142,15260
2020-08-13,Fulton,3,303,170,15430
2020-08-14,Fulton,0,303,305,15735
2020-08-15,Fulton,0,303,266,16001
2020-08-16,Fulton,0,303,76,16077
2020-08-17,Fulton,2,305,112,16189
2020-08-18,Fulton,0,305,195,16384
2020-08-19,Fulton,0,305,173,16557
2020-08-20,Fulton,1,306,198,16755
2020-08-21,Fulton,2,308,205,16960
2020-08-22,Fulton,1,309,223,17183
2020-08-23,Fulton,0,309,149,17332
2020-08-24,Fulton,0,309,101,17433
2020-08-25,Fulton,0,309,102,17535
2020-08-26,Fulton,1,310,129,17664
2020-08-27,Fulton,0,310,197,17861
2020-08-28,Fulton,1,311,308,18169
2020-08-29,Fulton,0,311,136,18305
2020-08-30,Fulton,0,311,228,18533
2020-08-31,Fulton,0,311,286,18819
2020-09-01,Fulton,0,311,96,18915
2020-09-02,Fulton,1,312,151,19066
2020-09-03,Fulton,0,312,136,19202
2020-09-04,Fulton,0,312,243,19445
2020-09-05,Fulton,0,312,187,19632
2020-09-06,Fulton,0,312,137,19769
2020-09-07,Fulton,0,312,76,19845
2020-09-08,Fulton,0,312,102,19947
2020-09-09,Fulton,0,312,75,20022
2020-09-10,Fulton,3,315,193,20215
2020-09-11,Fulton,1,316,159,20374
2020-09-12,Fulton,2,318,256,20630
2020-09-13,Fulton,2,320,123,20753
2020-09-14,Fulton,4,324,221,20974
2020-09-15,Fulton,1,325,118,21092
2020-09-16,Fulton,6,331,138,21230
2020-09-17,Fulton,0,331,90,21320
2020-09-18,Fulton,1,332,261,21581
2020-09-19,Fulton,0,332,201,21782
2020-09-20,Fulton,0,332,172,21954
2020-09-21,Fulton,0,332,255,22209
2020-09-22,Fulton,0,332,75,22284
2020-09-23,Fulton,1,333,112,22396
2020-09-24,Fulton,0,333,121,22517
2020-09-25,Fulton,1,334,148,22665
2020-09-26,Fulton,1,335,117,22782
2020-09-27,Fulton,2,337,118,22900
2020-09-28,Fulton,2,339,208,23108
2020-09-29,Fulton,0,339,87,23195
2020-09-30,Fulton,0,339,126,23321
2020-10-01,Fulton,5,344,256,23577
2020-10-02,Fulton,1,345,361,23938
2020-10-03,Fulton,2,347,270,24208
2020-10-04,Fulton,1,348,120,24328
2020-10-05,Fulton,2,350,272,24600
2020-10-06,Fulton,0,350,109,24709
2020-10-07,Fulton,1,351,228,24937
2020-10-08,Fulton,1,352,207,25144
2020-10-09,Fulton,0,352,205,25349
2020-10-10,Fulton,0,352,203,25552
2020-10-11,Fulton,0,352,173,25725
2020-10-12,Fulton,2,354,146,25871
2020-10-13,Fulton,0,354,89,25960
2020-10-14,Fulton,3,357,309,26269
2020-10-15,Fulton,0,357,278,26547
2020-10-16,Fulton,1,358,254,26801
2020-10-17,Fulton,1,359,216,27017
2020-10-18,Fulton,0,359,179,27196
2020-10-19,Fulton,1,360,200,27396
2020-10-20,Fulton,0,360,152,27548
2020-10-21,Fulton,0,360,208,27756
2020-10-22,Fulton,1,361,342,28098
2020-10-23,Fulton,0,361,276,28374
2020-10-24,Fulton,0,361,127,28501
2020-10-25,Fulton,0,361,114,28615
2020-10-26,Fulton,1,362,138,28753
2020-10-27,Fulton,0,362,267,29020
2020-10-28,Fulton,1,363,570,29590
2020-10-29,Fulton,2,365,208,29798
2020-10-30,Fulton,0,365,490,30288
2020-10-31,Fulton,2,367,205,30493
2020-11-01,Fulton,0,367,121,30614
2020-11-02,Fulton,1,368,280,30894
2020-11-03,Fulton,1,369,97,30991
2020-11-04,Fulton,1,370,228,31219
2020-11-05,Fulton,2,372,340,31559
2020-11-06,Fulton,0,372,318,31877
2020-11-07,Fulton,1,373,208,32085
2020-11-08,Fulton,2,375,185,32270
2020-11-09,Fulton,2,377,157,32427
2020-11-10,Fulton,1,378,98,32525
2020-11-11,Fulton,3,381,220,32745
2020-11-12,Fulton,1,382,648,33393
2020-11-13,Fulton,7,389,309,33702
2020-11-14,Fulton,4,393,182,33884
2020-11-15,Fulton,8,401,151,34035
2020-11-16,Fulton,2,403,261,34296
2020-11-17,Fulton,5,408,323,34619
2020-11-18,Fulton,7,415,448,35067
2020-11-19,Fulton,1,416,336,35403
2020-11-20,Fulton,13,429,550,35953
2020-11-21,Fulton,3,432,228,36181
2020-11-22,Fulton,22,454,581,36762
2020-11-23,Fulton,7,461,236,36998
2020-11-24,Fulton,11,472,288,37286
2020-11-25,Fulton,6,478,350,37636
2020-11-26,Fulton,6,484,219,37855
2020-11-27,Fulton,6,490,125,37980
2020-11-28,Fulton,5,495,286,38266
2020-11-29,Fulton,13,508,503,38769
2020-11-30,Fulton,10,518,310,39079
2020-12-01,Fulton,9,527,322,39401
2020-12-02,Fulton,17,544,403,39804
2020-12-03,Fulton,9,553,386,40190
2020-12-04,Fulton,42,595,478,40668
2020-12-05,Fulton,18,613,357,41025
2020-12-06,Fulton,21,634,255,41280
2020-12-07,Fulton,42,676,519,41799
2020-12-08,Fulton,44,720,383,42182
2020-12-09,Fulton,22,742,339,42521
2020-12-10,Fulton,31,773,326,42847
2020-12-11,Fulton,28,801,513,43360
2020-12-12,Fulton,24,825,422,43782
2020-12-13,Fulton,26,851,319,44101
2020-12-14,Fulton,32,883,327,44428
2020-12-15,Fulton,38,921,299,44727
2020-12-16,Fulton,27,948,400,45127
2020-12-17,Fulton,33,981,410,45537
2020-12-18,Fulton,16,997,180,45717
2020-12-19,Fulton,35,1032,331,46048
2020-12-20,Fulton,24,1056,195,46243
2020-12-21,Fulton,44,1100,364,46607
2020-12-22,Fulton,23,1123,348,46955
2020-12-23,Fulton,17,1140,501,47456
2020-12-24,Fulton,35,1175,369,47825
2020-12-25,Fulton,27,1202,250,48075
2020-12-26,Fulton,12,1214,155,48230
2020-12-27,Fulton,19,1233,225,48455
2020-12-28,Fulton,11,1244,374,48829
2020-12-29,Fulton,14,1258,164,48993
2020-12-30,Fulton,27,1285,423,49416
2020-12-31,Fulton,32,1317,475,49891
2021-01-01,Fulton,26,1343,301,50192
2021-01-02,Fulton,38,1381,377,50569
2021-01-03,Fulton,28,1409,341,50910
2021-01-04,Fulton,41,1450,325,51235
2021-01-05,Fulton,35,1485,503,51738
2021-01-06,Fulton,24,1509,355,52093
2021-01-07,Fulton,58,1567,423,52516
2021-01-08,Fulton,85,1652,454,52970
2021-01-09,Fulton,52,1704,622,53592
2021-01-10,Fulton,58,1762,281,53873
2021-01-11,Fulton,42,1804,304,54177
2021-01-12,Fulton,15,1819,291,54468
2021-01-13,Fulton,25,1844,227,54695
2021-01-14,Fulton,88,1932,700,55395
2021-01-15,Fulton,67,1999,679,56074
2021-01-16,Fulton,40,2039,315,56389
2021-01-17,Fulton,31,2070,305,56694
2021-01-18,Fulton,43,2113,261,56955
2021-01-19,Fulton,27,2140,430,57385
2021-01-20,Fulton,50,2190,472,57857
2021-01-21,Fulton,51,2241,493,58350
2021-01-22,Fulton,50,2291,660,59010
2021-01-23,Fulton,39,2330,349,59359
2021-01-24,Fulton,25,2355,213,59572
2021-01-25,Fulton,36,2391,298,59870
2021-01-26,Fulton,24,2415,506,60376
2021-01-27,Fulton,49,2464,486,60862
2021-01-28,Fulton,47,2511,687,61549
2021-01-29,Fulton,36,2547,758,62307
2021-01-30,Fulton,46,2593,360,62667
2021-01-31,Fulton,24,2617,248,62915
2021-02-01,Fulton,19,2636,202,63117
2021-02-02,Fulton,17,2653,311,63428
2021-02-03,Fulton,32,2685,268,63696
2021-02-04,Fulton,51,2736,600,64296
2021-02-05,Fulton,38,2774,621,64917
2021-02-06,Fulton,25,2799,497,65414
2021-02-07,Fulton,10,2809,236,65650
2021-02-08,Fulton,50,2859,377,66027
2021-02-09,Fulton,25,2884,451,66478
2021-02-10,Fulton,33,2917,451,66929
2021-02-11,Fulton,35,2952,427,67356
2021-02-12,Fulton,20,2972,608,67964
2021-02-13,Fulton,60,3032,542,68506
2021-02-14,Fulton,25,3057,267,68773
2021-02-15,Fulton,15,3072,249,69022
2021-02-16,Fulton,23,3095,256,69278
2021-02-17,Fulton,12,3107,258,69536
2021-02-18,Fulton,32,3139,362,69898
2021-02-19,Fulton,31,3170,763,70661
2021-02-20,Fulton,32,3202,552,71213
2021-02-21,Fulton,18,3220,176,71389
2021-02-22,Fulton,14,3234,192,71581
2021-02-23,Fulton,11,3245,462,72043
2021-02-24,Fulton,27,3272,422,72465
2021-02-25,Fulton,17,3289,709,73174
2021-02-26,Fulton,18,3307,573,73747
2021-02-27,Fulton,13,3320,311,74058
2021-02-28,Fulton,17,3337,407,74465
2021-03-01,Fulton,14,3351,202,74667
2021-03-02,Fulton,25,3376,465,75132
2021-03-03,Fulton,13,3389,365,75497
2021-03-04,Fulton,29,3418,585,76082
2021-03-05,Fulton,6,3424,471,76553
2021-03-06,Fulton,16,3440,463,77016
2021-03-07,Fulton,12,3452,183,77199
2021-03-08,Fulton,10,3462,330,77529
2021-03-09,Fulton,10,3472,462,77991
2021-03-10,Fulton,8,3480,358,78349
2021-03-11,Fulton,14,3494,511,78860
2021-03-12,Fulton,21,3515,426,79286
2021-03-13,Fulton,9,3524,248,79534
2021-03-14,Fulton,12,3536,729,80263
2021-03-15,Fulton,11,3547,339,80602
2021-03-16,Fulton,9,3556,420,81022
2021-03-17,Fulton,22,3578,557,81579
2021-03-18,Fulton,18,3596,527,82106
2021-03-19,Fulton,18,3614,410,82516
2021-03-20,Fulton,7,3621,563,83079
2021-03-21,Fulton,10,3631,152,83231
2021-03-22,Fulton,22,3653,298,83529
2021-03-23,Fulton,11,3664,466,83995
2021-03-24,Fulton,16,3680,384,84379
2021-03-25,Fulton,20,3700,490,84869
2021-03-26,Fulton,15,3715,553,85422
2021-03-27,Fulton,16,3731,335,85757
2021-03-28,Fulton,6,3737,218,85975
2021-03-29,Fulton,11,3748,239,86214
2021-03-30,Fulton,20,3768,624,86838
2021-03-31,Fulton,20,3788,449,87287
2021-04-01,Fulton,18,3806,546,87833
2021-04-02,Fulton,18,3824,720,88553
2021-04-03,Fulton,15,3839,322,88875
2021-04-04,Fulton,11,3850,262,89137
2021-04-05,Fulton,10,3860,309,89446
2021-04-06,Fulton,19,3879,746,90192
2021-04-07,Fulton,15,3894,489,90681
2021-04-08,Fulton,16,3910,594,91275
2021-04-09,Fulton,17,3927,512,91787
2021-04-10,Fulton,17,3944,324,92111
2021-04-11,Fulton,17,3961,225,92336
2021-04-12,Fulton,19,3980,271,92607
2021-04-13,Fulton,17,3997,376,92983
2021-04-14,Fulton,24,4021,548,93531
2021-04-15,Fulton,20,4041,489,94020
2021-04-16,Fulton,16,4057,555,94575
2021-04-17,Fulton,24,4081,617,95192
2021-04-18,Fulton,12,4093,288,95480
2021-04-19,Fulton,14,4107,213,95693
2021-04-20,Fulton,15,4122,540,96233
2021-04-21,Fulton,14,4136,367,96600
2021-04-22,Fulton,16,4152,544,97144
2021-04-23,Fulton,12,4164,425,97569
2021-04-24,Fulton,9,4173,392,97961
2021-04-25,Fulton,4,4177,225,98186
2021-04-26,Fulton,5,4182,191,98377
2021-04-27,Fulton,6,4188,484,98861
2021-04-28,Fulton,12,4200,471,99332
2021-04-29,Fulton,8,4208,486,99818
2021-04-30,Fulton,7,4215,408,100226
2021-05-01,Fulton,4,4219,455,100681
2021-05-02,Fulton,8,4227,171,100852
2021-05-03,Fulton,6,4233,178,101030
2021-05-04,Fulton,6,4239,321,101351
2021-05-05,Fulton,7,4246,544,101895
2021-05-06,Fulton,35,4281,372,102267
2021-05-07,Fulton,14,4295,499,102766
2021-05-08,Fulton,10,4305,220,102986
2021-05-09,Fulton,2,4307,172,103158
2021-05-10,Fulton,4,4311,197,103355
2021-05-11,Fulton,4,4315,396,103751
2021-05-12,Fulton,9,4324,588,104339
2021-05-13,Fulton,5,4329,368,104707
2021-05-14,Fulton,9,4338,383,105090
2021-05-15,Fulton,6,4344,227,105317
2021-05-16,Fulton,4,4348,266,105583
2021-05-17,Fulton,2,4350,242,105825
2021-05-18,Fulton,3,4353,345,106170
2021-05-19,Fulton,7,4360,471,106641
2021-05-20,Fulton,5,4365,459,107100
2021-05-21,Fulton,5,4370,359,107459
2021-05-22,Fulton,1,4371,325,107784
2021-05-23,Fulton,5,4376,126,107910
2021-05-24,Fulton,3,4379,241,108151
2021-05-25,Fulton,1,4380,327,108478
2021-05-26,Fulton,6,4386,339,108817
2021-05-27,Fulton,6,4392,321,109138
2021-05-28,Fulton,3,4395,273,109411
2021-05-29,Fulton,2,4397,313,109724
2021-05-30,Fulton,1,4398,104,109828
2021-05-31,Fulton,0,4398,71,109899
2021-06-01,Fulton,2,4400,191,110090
2021-06-02,Fulton,2,4402,325,110415
2021-06-03,Fulton,4,4406,508,110923
2021-06-04,Fulton,7,4413,336,111259
2021-06-05,Fulton,1,4414,371,111630
2021-06-06,Fulton,1,4415,104,111734
2021-06-07,Fulton,0,4415,196,111930
2021-06-08,Fulton,4,4419,288,112218
2021-06-09,Fulton,1,4420,298,112516
2021-06-10,Fulton,0,4420,318,112834
2021-06-11,Fulton,0,4420,236,113070
2021-06-12,Fulton,1,4421,164,113234
2021-06-13,Fulton,0,4421,79,113313
2021-06-14,Fulton,1,4422,163,113476
2021-06-15,Fulton,0,4422,348,113824
2021-06-16,Fulton,1,4423,254,114078
2021-06-17,Fulton,0,4423,155,114233
2021-06-18,Fulton,0,4423,168,114401
2021-06-19,Fulton,0,4423,108,114509
2021-06-20,Fulton,1,4424,112,114621
2021-06-21,Fulton,0,4424,176,114797
2021-06-22,Fulton,1,4425,144,114941
2021-06-23,Fulton,0,4425,159,115100
2021-06-24,Fulton,0,4425,135,115235
2021-06-25,Fulton,1,4426,113,115348
2021-06-26,Fulton,0,4426,121,115469
2021-06-27,Fulton,1,4427,98,115567
2021-06-28,Fulton,1,4428,209,115776
2021-06-29,Fulton,1,4429,208,115984
2021-06-30,Fulton,1,4430,105,116089
2021-07-01,Fulton,1,4431,121,116210
2021-07-02,Fulton,1,4432,154,116364
2021-07-03,Fulton,0,4432,95,116459
2021-07-04,Fulton,0,4432,44,116503
2021-07-05,Fulton,0,4432,43,116546
2021-07-06,Fulton,1,4433,89,116635
2021-07-07,Fulton,1,4434,307,116942
2021-07-08,Fulton,1,4435,124,117066
2021-07-09,Fulton,2,4437,143,117209
2021-07-10,Fulton,0,4437,77,117286
2021-07-11,Fulton,0,4437,68,117354
2021-07-12,Fulton,0,4437,286,117640
2021-07-13,Fulton,1,4438,100,117740
2021-07-14,Fulton,1,4439,129,117869
2021-07-15,Fulton,1,4440,164,118033
2021-07-16,Fulton,0,4440,114,118147
2021-07-17,Fulton,2,4442,84,118231
2021-07-18,Fulton,1,4443,48,118279
2020-03-01,Genesee,0,0,0,0
2020-03-02,Genesee,0,0,0,0
2020-03-03,Genesee,0,0,0,0
2020-03-04,Genesee,0,0,0,0
2020-03-05,Genesee,0,0,0,0
2020-03-06,Genesee,0,0,0,0
2020-03-07,Genesee,0,0,0,0
2020-03-08,Genesee,0,0,0,0
2020-03-09,Genesee,0,0,0,0
2020-03-10,Genesee,0,0,1,1
2020-03-11,Genesee,0,0,0,1
2020-03-12,Genesee,0,0,0,1
2020-03-13,Genesee,0,0,0,1
2020-03-14,Genesee,0,0,0,1
2020-03-15,Genesee,0,0,0,1
2020-03-16,Genesee,0,0,3,4
2020-03-17,Genesee,0,0,5,9
2020-03-18,Genesee,1,1,9,18
2020-03-19,Genesee,0,1,6,24
2020-03-20,Genesee,0,1,6,30
2020-03-21,Genesee,0,1,6,36
2020-03-22,Genesee,0,1,2,38
2020-03-23,Genesee,0,1,8,46
2020-03-24,Genesee,1,2,7,53
2020-03-25,Genesee,2,4,19,72
2020-03-26,Genesee,2,6,21,93
2020-03-27,Genesee,1,7,19,112
2020-03-28,Genesee,2,9,6,118
2020-03-29,Genesee,0,9,12,130
2020-03-30,Genesee,1,10,24,154
2020-03-31,Genesee,3,13,28,182
2020-04-01,Genesee,1,14,39,221
2020-04-02,Genesee,2,16,23,244
2020-04-03,Genesee,4,20,30,274
2020-04-04,Genesee,2,22,12,286
2020-04-05,Genesee,1,23,11,297
2020-04-06,Genesee,10,33,37,334
2020-04-07,Genesee,14,47,31,365
2020-04-08,Genesee,9,56,43,408
2020-04-09,Genesee,9,65,32,440
2020-04-10,Genesee,2,67,18,458
2020-04-11,Genesee,2,69,19,477
2020-04-12,Genesee,2,71,7,484
2020-04-13,Genesee,5,76,34,518
2020-04-14,Genesee,0,76,15,533
2020-04-15,Genesee,2,78,12,545
2020-04-16,Genesee,5,83,21,566
2020-04-17,Genesee,4,87,13,579
2020-04-18,Genesee,30,117,56,635
2020-04-19,Genesee,2,119,14,649
2020-04-20,Genesee,2,121,8,657
2020-04-21,Genesee,1,122,17,674
2020-04-22,Genesee,4,126,25,699
2020-04-23,Genesee,1,127,19,718
2020-04-24,Genesee,14,141,145,863
2020-04-25,Genesee,3,144,37,900
2020-04-26,Genesee,4,148,20,920
2020-04-27,Genesee,1,149,28,948
2020-04-28,Genesee,3,152,26,974
2020-04-29,Genesee,1,153,32,1006
2020-04-30,Genesee,1,154,29,1035
2020-05-01,Genesee,1,155,55,1090
2020-05-02,Genesee,0,155,25,1115
2020-05-03,Genesee,4,159,48,1163
2020-05-04,Genesee,0,159,47,1210
2020-05-05,Genesee,3,162,59,1269
2020-05-06,Genesee,6,168,98,1367
2020-05-07,Genesee,1,169,62,1429
2020-05-08,Genesee,1,170,47,1476
2020-05-09,Genesee,2,172,149,1625
2020-05-10,Genesee,1,173,182,1807
2020-05-11,Genesee,1,174,77,1884
2020-05-12,Genesee,0,174,96,1980
2020-05-13,Genesee,1,175,77,2057
2020-05-14,Genesee,0,175,66,2123
2020-05-15,Genesee,3,178,47,2170
2020-05-16,Genesee,2,180,69,2239
2020-05-17,Genesee,0,180,30,2269
2020-05-18,Genesee,2,182,77,2346
2020-05-19,Genesee,2,184,95,2441
2020-05-20,Genesee,4,188,145,2586
2020-05-21,Genesee,1,189,42,2628
2020-05-22,Genesee,2,191,271,2899
2020-05-23,Genesee,0,191,181,3080
2020-05-24,Genesee,1,192,95,3175
2020-05-25,Genesee,1,193,58,3233
2020-05-26,Genesee,2,195,84,3317
2020-05-27,Genesee,2,197,177,3494
2020-05-28,Genesee,2,199,119,3613
2020-05-29,Genesee,1,200,135,3748
2020-05-30,Genesee,2,202,115,3863
2020-05-31,Genesee,0,202,82,3945
2020-06-01,Genesee,0,202,145,4090
2020-06-02,Genesee,0,202,264,4354
2020-06-03,Genesee,3,205,326,4680
2020-06-04,Genesee,0,205,137,4817
2020-06-05,Genesee,1,206,322,5139
2020-06-06,Genesee,2,208,153,5292
2020-06-07,Genesee,0,208,104,5396
2020-06-08,Genesee,2,210,200,5596
2020-06-09,Genesee,1,211,213,5809
2020-06-10,Genesee,1,212,234,6043
2020-06-11,Genesee,0,212,187,6230
2020-06-12,Genesee,0,212,174,6404
2020-06-13,Genesee,0,212,158,6562
2020-06-14,Genesee,1,213,91,6653
2020-06-15,Genesee,0,213,112,6765
2020-06-16,Genesee,3,216,142,6907
2020-06-17,Genesee,1,217,169,7076
2020-06-18,Genesee,1,218,243,7319
2020-06-19,Genesee,4,222,189,7508
2020-06-20,Genesee,0,222,108,7616
2020-06-21,Genesee,3,225,182,7798
2020-06-22,Genesee,4,229,196,7994
2020-06-23,Genesee,1,230,196,8190
2020-06-24,Genesee,1,231,220,8410
2020-06-25,Genesee,1,232,120,8530
2020-06-26,Genesee,5,237,154,8684
2020-06-27,Genesee,1,238,118,8802
2020-06-28,Genesee,0,238,109,8911
2020-06-29,Genesee,0,238,416,9327
2020-06-30,Genesee,0,238,249,9576
2020-07-01,Genesee,0,238,112,9688
2020-07-02,Genesee,1,239,129,9817
2020-07-03,Genesee,0,239,170,9987
2020-07-04,Genesee,0,239,167,10154
2020-07-05,Genesee,3,242,213,10367
2020-07-06,Genesee,0,242,412,10779
2020-07-07,Genesee,2,244,178,10957
2020-07-08,Genesee,0,244,246,11203
2020-07-09,Genesee,2,246,185,11388
2020-07-10,Genesee,1,247,114,11502
2020-07-11,Genesee,3,250,269,11771
2020-07-12,Genesee,0,250,99,11870
2020-07-13,Genesee,2,252,196,12066
2020-07-14,Genesee,2,254,136,12202
2020-07-15,Genesee,0,254,270,12472
2020-07-16,Genesee,0,254,212,12684
2020-07-17,Genesee,2,256,173,12857
2020-07-18,Genesee,1,257,177,13034
2020-07-19,Genesee,1,258,189,13223
2020-07-20,Genesee,0,258,234,13457
2020-07-21,Genesee,0,258,167,13624
2020-07-22,Genesee,2,260,139,13763
2020-07-23,Genesee,1,261,288,14051
2020-07-24,Genesee,0,261,224,14275
2020-07-25,Genesee,3,264,162,14437
2020-07-26,Genesee,2,266,128,14565
2020-07-27,Genesee,0,266,155,14720
2020-07-28,Genesee,1,267,186,14906
2020-07-29,Genesee,3,270,306,15212
2020-07-30,Genesee,0,270,241,15453
2020-07-31,Genesee,2,272,207,15660
2020-08-01,Genesee,0,272,125,15785
2020-08-02,Genesee,1,273,93,15878
2020-08-03,Genesee,0,273,213,16091
2020-08-04,Genesee,1,274,293,16384
2020-08-05,Genesee,0,274,180,16564
2020-08-06,Genesee,3,277,309,16873
2020-08-07,Genesee,0,277,168,17041
2020-08-08,Genesee,0,277,85,17126
2020-08-09,Genesee,0,277,136,17262
2020-08-10,Genesee,2,279,324,17586
2020-08-11,Genesee,1,280,188,17774
2020-08-12,Genesee,0,280,210,17984
2020-08-13,Genesee,4,284,423,18407
2020-08-14,Genesee,0,284,158,18565
2020-08-15,Genesee,1,285,244,18809
2020-08-16,Genesee,0,285,104,18913
2020-08-17,Genesee,3,288,557,19470
2020-08-18,Genesee,1,289,367,19837
2020-08-19,Genesee,1,290,335,20172
2020-08-20,Genesee,0,290,383,20555
2020-08-21,Genesee,0,290,228,20783
2020-08-22,Genesee,0,290,150,20933
2020-08-23,Genesee,0,290,110,21043
2020-08-24,Genesee,1,291,162,21205
2020-08-25,Genesee,1,292,244,21449
2020-08-26,Genesee,0,292,211,21660
2020-08-27,Genesee,1,293,316,21976
2020-08-28,Genesee,0,293,470,22446
2020-08-29,Genesee,1,294,178,22624
2020-08-30,Genesee,1,295,169,22793
2020-08-31,Genesee,2,297,217,23010
2020-09-01,Genesee,0,297,201,23211
2020-09-02,Genesee,1,298,188,23399
2020-09-03,Genesee,2,300,222,23621
2020-09-04,Genesee,0,300,231,23852
2020-09-05,Genesee,1,301,116,23968
2020-09-06,Genesee,1,302,134,24102
2020-09-07,Genesee,1,303,138,24240
2020-09-08,Genesee,1,304,316,24556
2020-09-09,Genesee,2,306,175,24731
2020-09-10,Genesee,0,306,355,25086
2020-09-11,Genesee,1,307,190,25276
2020-09-12,Genesee,0,307,189,25465
2020-09-13,Genesee,0,307,126,25591
2020-09-14,Genesee,0,307,332,25923
2020-09-15,Genesee,0,307,225,26148
2020-09-16,Genesee,2,309,201,26349
2020-09-17,Genesee,0,309,415,26764
2020-09-18,Genesee,5,314,286,27050
2020-09-19,Genesee,0,314,209,27259
2020-09-20,Genesee,2,316,86,27345
2020-09-21,Genesee,1,317,346,27691
2020-09-22,Genesee,0,317,239,27930
2020-09-23,Genesee,0,317,269,28199
2020-09-24,Genesee,0,317,396,28595
2020-09-25,Genesee,2,319,275,28870
2020-09-26,Genesee,2,321,222,29092
2020-09-27,Genesee,0,321,95,29187
2020-09-28,Genesee,6,327,151,29338
2020-09-29,Genesee,3,330,485,29823
2020-09-30,Genesee,5,335,307,30130
2020-10-01,Genesee,1,336,376,30506
2020-10-02,Genesee,6,342,448,30954
2020-10-03,Genesee,2,344,245,31199
2020-10-04,Genesee,2,346,109,31308
2020-10-05,Genesee,5,351,225,31533
2020-10-06,Genesee,1,352,281,31814
2020-10-07,Genesee,3,355,433,32247
2020-10-08,Genesee,3,358,678,32925
2020-10-09,Genesee,0,358,409,33334
2020-10-10,Genesee,0,358,224,33558
2020-10-11,Genesee,1,359,180,33738
2020-10-12,Genesee,1,360,280,34018
2020-10-13,Genesee,3,363,204,34222
2020-10-14,Genesee,7,370,277,34499
2020-10-15,Genesee,1,371,290,34789
2020-10-16,Genesee,0,371,507,35296
2020-10-17,Genesee,0,371,267,35563
2020-10-18,Genesee,0,371,165,35728
2020-10-19,Genesee,0,371,394,36122
2020-10-20,Genesee,1,372,231,36353
2020-10-21,Genesee,1,373,228,36581
2020-10-22,Genesee,4,377,336,36917
2020-10-23,Genesee,2,379,429,37346
2020-10-24,Genesee,1,380,136,37482
2020-10-25,Genesee,1,381,155,37637
2020-10-26,Genesee,3,384,596,38233
2020-10-27,Genesee,4,388,300,38533
2020-10-28,Genesee,8,396,316,38849
2020-10-29,Genesee,10,406,365,39214
2020-10-30,Genesee,1,407,397,39611
2020-10-31,Genesee,4,411,256,39867
2020-11-01,Genesee,2,413,149,40016
2020-11-02,Genesee,7,420,562,40578
2020-11-03,Genesee,8,428,266,40844
2020-11-04,Genesee,13,441,357,41201
2020-11-05,Genesee,9,450,398,41599
2020-11-06,Genesee,15,465,635,42234
2020-11-07,Genesee,13,478,243,42477
2020-11-08,Genesee,17,495,232,42709
2020-11-09,Genesee,15,510,422,43131
2020-11-10,Genesee,17,527,285,43416
2020-11-11,Genesee,14,541,317,43733
2020-11-12,Genesee,43,584,489,44222
2020-11-13,Genesee,13,597,638,44860
2020-11-14,Genesee,6,603,108,44968
2020-11-15,Genesee,12,615,283,45251
2020-11-16,Genesee,20,635,430,45681
2020-11-17,Genesee,20,655,410,46091
2020-11-18,Genesee,19,674,471,46562
2020-11-19,Genesee,21,695,382,46944
2020-11-20,Genesee,40,735,680,47624
2020-11-21,Genesee,23,758,256,47880
2020-11-22,Genesee,42,800,584,48464
2020-11-23,Genesee,19,819,661,49125
2020-11-24,Genesee,26,845,531,49656
2020-11-25,Genesee,45,890,397,50053
2020-11-26,Genesee,42,932,428,50481
2020-11-27,Genesee,34,966,548,51029
2020-11-28,Genesee,31,997,367,51396
2020-11-29,Genesee,31,1028,369,51765
2020-11-30,Genesee,48,1076,449,52214
2020-12-01,Genesee,38,1114,466,52680
2020-12-02,Genesee,44,1158,377,53057
2020-12-03,Genesee,44,1202,447,53504
2020-12-04,Genesee,67,1269,973,54477
2020-12-05,Genesee,34,1303,520,54997
2020-12-06,Genesee,25,1328,221,55218
2020-12-07,Genesee,21,1349,563,55781
2020-12-08,Genesee,44,1393,424,56205
2020-12-09,Genesee,59,1452,807,57012
2020-12-10,Genesee,35,1487,344,57356
2020-12-11,Genesee,43,1530,498,57854
2020-12-12,Genesee,72,1602,826,58680
2020-12-13,Genesee,44,1646,320,59000
2020-12-14,Genesee,27,1673,555,59555
2020-12-15,Genesee,48,1721,470,60025
2020-12-16,Genesee,46,1767,408,60433
2020-12-17,Genesee,56,1823,402,60835
2020-12-18,Genesee,177,2000,1616,62451
2020-12-19,Genesee,41,2041,406,62857
2020-12-20,Genesee,39,2080,290,63147
2020-12-21,Genesee,65,2145,539,63686
2020-12-22,Genesee,55,2200,400,64086
2020-12-23,Genesee,101,2301,1003,65089
2020-12-24,Genesee,89,2390,863,65952
2020-12-25,Genesee,47,2437,254,66206
2020-12-26,Genesee,18,2455,139,66345
2020-12-27,Genesee,40,2495,339,66684
2020-12-28,Genesee,56,2551,519,67203
2020-12-29,Genesee,33,2584,297,67500
2020-12-30,Genesee,97,2681,860,68360
2020-12-31,Genesee,86,2767,724,69084
2021-01-01,Genesee,51,2818,385,69469
2021-01-02,Genesee,48,2866,217,69686
2021-01-03,Genesee,40,2906,316,70002
2021-01-04,Genesee,63,2969,535,70537
2021-01-05,Genesee,54,3023,635,71172
2021-01-06,Genesee,115,3138,989,72161
2021-01-07,Genesee,61,3199,548,72709
2021-01-08,Genesee,67,3266,903,73612
2021-01-09,Genesee,39,3305,436,74048
2021-01-10,Genesee,31,3336,336,74384
2021-01-11,Genesee,44,3380,591,74975
2021-01-12,Genesee,40,3420,300,75275
2021-01-13,Genesee,39,3459,791,76066
2021-01-14,Genesee,47,3506,886,76952
2021-01-15,Genesee,60,3566,984,77936
2021-01-16,Genesee,64,3630,463,78399
2021-01-17,Genesee,21,3651,365,78764
2021-01-18,Genesee,13,3664,534,79298
2021-01-19,Genesee,25,3689,348,79646
2021-01-20,Genesee,63,3752,690,80336
2021-01-21,Genesee,51,3803,879,81215
2021-01-22,Genesee,31,3834,568,81783
2021-01-23,Genesee,21,3855,413,82196
2021-01-24,Genesee,20,3875,382,82578
2021-01-25,Genesee,19,3894,568,83146
2021-01-26,Genesee,19,3913,345,83491
2021-01-27,Genesee,56,3969,767,84258
2021-01-28,Genesee,26,3995,640,84898
2021-01-29,Genesee,16,4011,747,85645
2021-01-30,Genesee,16,4027,392,86037
2021-01-31,Genesee,8,4035,227,86264
2021-02-01,Genesee,10,4045,565,86829
2021-02-02,Genesee,18,4063,236,87065
2021-02-03,Genesee,22,4085,596,87661
2021-02-04,Genesee,15,4100,970,88631
2021-02-05,Genesee,14,4114,562,89193
2021-02-06,Genesee,6,4120,408,89601
2021-02-07,Genesee,7,4127,242,89843
2021-02-08,Genesee,7,4134,273,90116
2021-02-09,Genesee,9,4143,296,90412
2021-02-10,Genesee,16,4159,605,91017
2021-02-11,Genesee,9,4168,540,91557
2021-02-12,Genesee,14,4182,475,92032
2021-02-13,Genesee,10,4192,392,92424
2021-02-14,Genesee,4,4196,218,92642
2021-02-15,Genesee,8,4204,331,92973
2021-02-16,Genesee,5,4209,170,93143
2021-02-17,Genesee,32,4241,347,93490
2021-02-18,Genesee,16,4257,849,94339
2021-02-19,Genesee,15,4272,540,94879
2021-02-20,Genesee,21,4293,418,95297
2021-02-21,Genesee,22,4315,272,95569
2021-02-22,Genesee,5,4320,437,96006
2021-02-23,Genesee,15,4335,375,96381
2021-02-24,Genesee,37,4372,776,97157
2021-02-25,Genesee,6,4378,798,97955
2021-02-26,Genesee,17,4395,708,98663
2021-02-27,Genesee,11,4406,467,99130
2021-02-28,Genesee,5,4411,268,99398
2021-03-01,Genesee,9,4420,504,99902
2021-03-02,Genesee,15,4435,358,100260
2021-03-03,Genesee,15,4450,691,100951
2021-03-04,Genesee,9,4459,614,101565
2021-03-05,Genesee,14,4473,771,102336
2021-03-06,Genesee,10,4483,398,102734
2021-03-07,Genesee,8,4491,281,103015
2021-03-08,Genesee,4,4495,489,103504
2021-03-09,Genesee,13,4508,273,103777
2021-03-10,Genesee,23,4531,659,104436
2021-03-11,Genesee,17,4548,699,105135
2021-03-12,Genesee,10,4558,590,105725
2021-03-13,Genesee,16,4574,440,106165
2021-03-14,Genesee,9,4583,274,106439
2021-03-15,Genesee,10,4593,431,106870
2021-03-16,Genesee,4,4597,389,107259
2021-03-17,Genesee,27,4624,449,107708
2021-03-18,Genesee,19,4643,616,108324
2021-03-19,Genesee,11,4654,666,108990
2021-03-20,Genesee,15,4669,476,109466
2021-03-21,Genesee,4,4673,139,109605
2021-03-22,Genesee,7,4680,411,110016
2021-03-23,Genesee,5,4685,332,110348
2021-03-24,Genesee,24,4709,569,110917
2021-03-25,Genesee,14,4723,731,111648
2021-03-26,Genesee,16,4739,658,112306
2021-03-27,Genesee,13,4752,489,112795
2021-03-28,Genesee,8,4760,328,113123
2021-03-29,Genesee,9,4769,448,113571
2021-03-30,Genesee,17,4786,410,113981
2021-03-31,Genesee,12,4798,357,114338
2021-04-01,Genesee,11,4809,742,115080
2021-04-02,Genesee,25,4834,684,115764
2021-04-03,Genesee,19,4853,389,116153
2021-04-04,Genesee,18,4871,250,116403
2021-04-05,Genesee,7,4878,431,116834
2021-04-06,Genesee,13,4891,412,117246
2021-04-07,Genesee,24,4915,589,117835
2021-04-08,Genesee,30,4945,901,118736
2021-04-09,Genesee,20,4965,631,119367
2021-04-10,Genesee,22,4987,512,119879
2021-04-11,Genesee,9,4996,214,120093
2021-04-12,Genesee,9,5005,568,120661
2021-04-13,Genesee,9,5014,413,121074
2021-04-14,Genesee,14,5028,721,121795
2021-04-15,Genesee,8,5036,544,122339
2021-04-16,Genesee,18,5054,595,122934
2021-04-17,Genesee,11,5065,428,123362
2021-04-18,Genesee,12,5077,204,123566
2021-04-19,Genesee,11,5088,535,124101
2021-04-20,Genesee,14,5102,570,124671
2021-04-21,Genesee,15,5117,694,125365
2021-04-22,Genesee,14,5131,619,125984
2021-04-23,Genesee,12,5143,522,126506
2021-04-24,Genesee,9,5152,444,126950
2021-04-25,Genesee,4,5156,245,127195
2021-04-26,Genesee,10,5166,594,127789
2021-04-27,Genesee,9,5175,301,128090
2021-04-28,Genesee,19,5194,633,128723
2021-04-29,Genesee,6,5200,464,129187
2021-04-30,Genesee,21,5221,550,129737
2021-05-01,Genesee,7,5228,655,130392
2021-05-02,Genesee,10,5238,275,130667
2021-05-03,Genesee,10,5248,478,131145
2021-05-04,Genesee,12,5260,402,131547
2021-05-05,Genesee,8,5268,697,132244
2021-05-06,Genesee,18,5286,509,132753
2021-05-07,Genesee,9,5295,750,133503
2021-05-08,Genesee,15,5310,375,133878
2021-05-09,Genesee,6,5316,228,134106
2021-05-10,Genesee,3,5319,325,134431
2021-05-11,Genesee,3,5322,479,134910
2021-05-12,Genesee,11,5333,685,135595
2021-05-13,Genesee,7,5340,487,136082
2021-05-14,Genesee,8,5348,567,136649
2021-05-15,Genesee,9,5357,476,137125
2021-05-16,Genesee,8,5365,252,137377
2021-05-17,Genesee,3,5368,598,137975
2021-05-18,Genesee,10,5378,301,138276
2021-05-19,Genesee,7,5385,635,138911
2021-05-20,Genesee,6,5391,376,139287
2021-05-21,Genesee,10,5401,639,139926
2021-05-22,Genesee,3,5404,293,140219
2021-05-23,Genesee,0,5404,227,140446
2021-05-24,Genesee,3,5407,175,140621
2021-05-25,Genesee,6,5413,585,141206
2021-05-26,Genesee,2,5415,569,141775
2021-05-27,Genesee,0,5415,412,142187
2021-05-28,Genesee,3,5418,427,142614
2021-05-29,Genesee,3,5421,339,142953
2021-05-30,Genesee,0,5421,134,143087
2021-05-31,Genesee,2,5423,78,143165
2021-06-01,Genesee,2,5425,460,143625
2021-06-02,Genesee,1,5426,560,144185
2021-06-03,Genesee,1,5427,548,144733
2021-06-04,Genesee,3,5430,677,145410
2021-06-05,Genesee,1,5431,229,145639
2021-06-06,Genesee,1,5432,97,145736
2021-06-07,Genesee,0,5432,590,146326
2021-06-08,Genesee,0,5432,289,146615
2021-06-09,Genesee,2,5434,442,147057
2021-06-10,Genesee,1,5435,497,147554
2021-06-11,Genesee,0,5435,288,147842
2021-06-12,Genesee,0,5435,282,148124
2021-06-13,Genesee,0,5435,126,148250
2021-06-14,Genesee,0,5435,486,148736
2021-06-15,Genesee,0,5435,178,148914
2021-06-16,Genesee,1,5436,238,149152
2021-06-17,Genesee,0,5436,328,149480
2021-06-18,Genesee,1,5437,236,149716
2021-06-19,Genesee,0,5437,220,149936
2021-06-20,Genesee,1,5438,95,150031
2021-06-21,Genesee,1,5439,98,150129
2021-06-22,Genesee,0,5439,191,150320
2021-06-23,Genesee,1,5440,223,150543
2021-06-24,Genesee,0,5440,188,150731
2021-06-25,Genesee,0,5440,180,150911
2021-06-26,Genesee,0,5440,157,151068
2021-06-27,Genesee,1,5441,83,151151
2021-06-28,Genesee,0,5441,121,151272
2021-06-29,Genesee,0,5441,121,151393
2021-06-30,Genesee,0,5441,167,151560
2021-07-01,Genesee,1,5442,190,151750
2021-07-02,Genesee,0,5442,126,151876
2021-07-03,Genesee,0,5442,188,152064
2021-07-04,Genesee,0,5442,86,152150
2021-07-05,Genesee,0,5442,66,152216
2021-07-06,Genesee,0,5442,67,152283
2021-07-07,Genesee,0,5442,101,152384
2021-07-08,Genesee,0,5442,191,152575
2021-07-09,Genesee,0,5442,105,152680
2021-07-10,Genesee,3,5445,150,152830
2021-07-11,Genesee,3,5448,99,152929
2021-07-12,Genesee,0,5448,172,153101
2021-07-13,Genesee,0,5448,88,153189
2021-07-14,Genesee,1,5449,127,153316
2021-07-15,Genesee,0,5449,136,153452
2021-07-16,Genesee,0,5449,107,153559
2021-07-17,Genesee,0,5449,121,153680
2021-07-18,Genesee,0,5449,48,153728
2020-03-01,Greene,0,0,0,0
2020-03-02,Greene,0,0,0,0
2020-03-03,Greene,0,0,0,0
2020-03-04,Greene,0,0,0,0
2020-03-05,Greene,0,0,0,0
2020-03-06,Greene,0,0,0,0
2020-03-07,Greene,0,0,0,0
2020-03-08,Greene,0,0,0,0
2020-03-09,Greene,0,0,0,0
2020-03-10,Greene,0,0,0,0
2020-03-11,Greene,0,0,3,3
2020-03-12,Greene,0,0,0,3
2020-03-13,Greene,0,0,1,4
2020-03-14,Greene,2,2,8,12
2020-03-15,Greene,0,2,3,15
2020-03-16,Greene,0,2,9,24
2020-03-17,Greene,0,2,8,32
2020-03-18,Greene,0,2,16,48
2020-03-19,Greene,0,2,21,69
2020-03-20,Greene,0,2,24,93
2020-03-21,Greene,0,2,23,116
2020-03-22,Greene,2,4,32,148
2020-03-23,Greene,0,4,8,156
2020-03-24,Greene,0,4,3,159
2020-03-25,Greene,1,5,11,170
2020-03-26,Greene,1,6,11,181
2020-03-27,Greene,1,7,6,187
2020-03-28,Greene,0,7,6,193
2020-03-29,Greene,3,10,13,206
2020-03-30,Greene,6,16,15,221
2020-03-31,Greene,2,18,9,230
2020-04-01,Greene,3,21,11,241
2020-04-02,Greene,2,23,16,257
2020-04-03,Greene,1,24,10,267
2020-04-04,Greene,0,24,7,274
2020-04-05,Greene,0,24,12,286
2020-04-06,Greene,0,24,13,299
2020-04-07,Greene,1,25,6,305
2020-04-08,Greene,3,28,29,334
2020-04-09,Greene,6,34,36,370
2020-04-10,Greene,3,37,27,397
2020-04-11,Greene,7,44,40,437
2020-04-12,Greene,1,45,14,451
2020-04-13,Greene,21,66,93,544
2020-04-14,Greene,7,73,25,569
2020-04-15,Greene,1,74,16,585
2020-04-16,Greene,3,77,16,601
2020-04-17,Greene,5,82,28,629
2020-04-18,Greene,3,85,24,653
2020-04-19,Greene,1,86,8,661
2020-04-20,Greene,1,87,16,677
2020-04-21,Greene,0,87,15,692
2020-04-22,Greene,2,89,25,717
2020-04-23,Greene,1,90,31,748
2020-04-24,Greene,17,107,212,960
2020-04-25,Greene,3,110,36,996
2020-04-26,Greene,1,111,25,1021
2020-04-27,Greene,1,112,20,1041
2020-04-28,Greene,2,114,24,1065
2020-04-29,Greene,17,131,59,1124
2020-04-30,Greene,8,139,47,1171
2020-05-01,Greene,3,142,36,1207
2020-05-02,Greene,9,151,32,1239
2020-05-03,Greene,3,154,34,1273
2020-05-04,Greene,12,166,36,1309
2020-05-05,Greene,22,188,84,1393
2020-05-06,Greene,10,198,55,1448
2020-05-07,Greene,1,199,34,1482
2020-05-08,Greene,5,204,45,1527
2020-05-09,Greene,2,206,44,1571
2020-05-10,Greene,0,206,14,1585
2020-05-11,Greene,0,206,28,1613
2020-05-12,Greene,0,206,41,1654
2020-05-13,Greene,1,207,46,1700
2020-05-14,Greene,2,209,64,1764
2020-05-15,Greene,2,211,49,1813
2020-05-16,Greene,1,212,43,1856
2020-05-17,Greene,1,213,33,1889
2020-05-18,Greene,1,214,26,1915
2020-05-19,Greene,1,215,189,2104
2020-05-20,Greene,0,215,44,2148
2020-05-21,Greene,0,215,48,2196
2020-05-22,Greene,2,217,69,2265
2020-05-23,Greene,3,220,55,2320
2020-05-24,Greene,5,225,35,2355
2020-05-25,Greene,0,225,24,2379
2020-05-26,Greene,6,231,108,2487
2020-05-27,Greene,5,236,107,2594
2020-05-28,Greene,1,237,92,2686
2020-05-29,Greene,1,238,110,2796
2020-05-30,Greene,0,238,100,2896
2020-05-31,Greene,1,239,79,2975
2020-06-01,Greene,2,241,119,3094
2020-06-02,Greene,0,241,153,3247
2020-06-03,Greene,0,241,130,3377
2020-06-04,Greene,1,242,134,3511
2020-06-05,Greene,4,246,181,3692
2020-06-06,Greene,0,246,117,3809
2020-06-07,Greene,1,247,42,3851
2020-06-08,Greene,1,248,104,3955
2020-06-09,Greene,1,249,172,4127
2020-06-10,Greene,0,249,88,4215
2020-06-11,Greene,0,249,82,4297
2020-06-12,Greene,1,250,97,4394
2020-06-13,Greene,1,251,128,4522
2020-06-14,Greene,0,251,110,4632
2020-06-15,Greene,1,252,67,4699
2020-06-16,Greene,0,252,196,4895
2020-06-17,Greene,0,252,73,4968
2020-06-18,Greene,2,254,174,5142
2020-06-19,Greene,1,255,54,5196
2020-06-20,Greene,1,256,67,5263
2020-06-21,Greene,0,256,119,5382
2020-06-22,Greene,0,256,110,5492
2020-06-23,Greene,0,256,114,5606
2020-06-24,Greene,1,257,158,5764
2020-06-25,Greene,0,257,126,5890
2020-06-26,Greene,3,260,127,6017
2020-06-27,Greene,0,260,166,6183
2020-06-28,Greene,0,260,58,6241
2020-06-29,Greene,0,260,154,6395
2020-06-30,Greene,0,260,72,6467
2020-07-01,Greene,0,260,195,6662
2020-07-02,Greene,3,263,99,6761
2020-07-03,Greene,0,263,106,6867
2020-07-04,Greene,0,263,156,7023
2020-07-05,Greene,0,263,115,7138
2020-07-06,Greene,0,263,177,7315
2020-07-07,Greene,0,263,151,7466
2020-07-08,Greene,0,263,149,7615
2020-07-09,Greene,1,264,329,7944
2020-07-10,Greene,1,265,143,8087
2020-07-11,Greene,1,266,55,8142
2020-07-12,Greene,0,266,56,8198
2020-07-13,Greene,1,267,104,8302
2020-07-14,Greene,4,271,127,8429
2020-07-15,Greene,0,271,133,8562
2020-07-16,Greene,0,271,219,8781
2020-07-17,Greene,0,271,147,8928
2020-07-18,Greene,1,272,30,8958
2020-07-19,Greene,0,272,51,9009
2020-07-20,Greene,0,272,148,9157
2020-07-21,Greene,0,272,110,9267
2020-07-22,Greene,1,273,80,9347
2020-07-23,Greene,5,278,212,9559
2020-07-24,Greene,1,279,110,9669
2020-07-25,Greene,2,281,59,9728
2020-07-26,Greene,1,282,48,9776
2020-07-27,Greene,1,283,100,9876
2020-07-28,Greene,2,285,78,9954
2020-07-29,Greene,2,287,146,10100
2020-07-30,Greene,2,289,213,10313
2020-07-31,Greene,0,289,189,10502
2020-08-01,Greene,0,289,54,10556
2020-08-02,Greene,0,289,76,10632
2020-08-03,Greene,0,289,132,10764
2020-08-04,Greene,0,289,163,10927
2020-08-05,Greene,1,290,107,11034
2020-08-06,Greene,1,291,149,11183
2020-08-07,Greene,0,291,94,11277
2020-08-08,Greene,1,292,83,11360
2020-08-09,Greene,1,293,61,11421
2020-08-10,Greene,1,294,151,11572
2020-08-11,Greene,1,295,136,11708
2020-08-12,Greene,1,296,89,11797
2020-08-13,Greene,0,296,208,12005
2020-08-14,Greene,1,297,240,12245
2020-08-15,Greene,1,298,133,12378
2020-08-16,Greene,0,298,45,12423
2020-08-17,Greene,2,300,269,12692
2020-08-18,Greene,0,300,235,12927
2020-08-19,Greene,1,301,164,13091
2020-08-20,Greene,3,304,293,13384
2020-08-21,Greene,1,305,137,13521
2020-08-22,Greene,0,305,97,13618
2020-08-23,Greene,0,305,49,13667
2020-08-24,Greene,0,305,101,13768
2020-08-25,Greene,1,306,101,13869
2020-08-26,Greene,0,306,182,14051
2020-08-27,Greene,0,306,241,14292
2020-08-28,Greene,1,307,228,14520
2020-08-29,Greene,0,307,147,14667
2020-08-30,Greene,0,307,85,14752
2020-08-31,Greene,2,309,138,14890
2020-09-01,Greene,1,310,107,14997
2020-09-02,Greene,0,310,186,15183
2020-09-03,Greene,3,313,198,15381
2020-09-04,Greene,0,313,114,15495
2020-09-05,Greene,1,314,105,15600
2020-09-06,Greene,0,314,41,15641
2020-09-07,Greene,2,316,140,15781
2020-09-08,Greene,0,316,123,15904
2020-09-09,Greene,1,317,86,15990
2020-09-10,Greene,0,317,233,16223
2020-09-11,Greene,0,317,136,16359
2020-09-12,Greene,1,318,221,16580
2020-09-13,Greene,0,318,42,16622
2020-09-14,Greene,0,318,127,16749
2020-09-15,Greene,0,318,106,16855
2020-09-16,Greene,1,319,215,17070
2020-09-17,Greene,0,319,200,17270
2020-09-18,Greene,0,319,176,17446
2020-09-19,Greene,0,319,123,17569
2020-09-20,Greene,1,320,56,17625
2020-09-21,Greene,1,321,94,17719
2020-09-22,Greene,0,321,103,17822
2020-09-23,Greene,0,321,184,18006
2020-09-24,Greene,2,323,268,18274
2020-09-25,Greene,0,323,102,18376
2020-09-26,Greene,0,323,114,18490
2020-09-27,Greene,0,323,62,18552
2020-09-28,Greene,0,323,78,18630
2020-09-29,Greene,2,325,181,18811
2020-09-30,Greene,3,328,254,19065
2020-10-01,Greene,6,334,192,19257
2020-10-02,Greene,6,340,205,19462
2020-10-03,Greene,7,347,194,19656
2020-10-04,Greene,1,348,167,19823
2020-10-05,Greene,5,353,128,19951
2020-10-06,Greene,13,366,198,20149
2020-10-07,Greene,6,372,283,20432
2020-10-08,Greene,5,377,266,20698
2020-10-09,Greene,2,379,344,21042
2020-10-10,Greene,4,383,211,21253
2020-10-11,Greene,5,388,188,21441
2020-10-12,Greene,41,429,345,21786
2020-10-13,Greene,17,446,310,22096
2020-10-14,Greene,8,454,385,22481
2020-10-15,Greene,10,464,330,22811
2020-10-16,Greene,1,465,314,23125
2020-10-17,Greene,7,472,176,23301
2020-10-18,Greene,2,474,96,23397
2020-10-19,Greene,3,477,126,23523
2020-10-20,Greene,5,482,203,23726
2020-10-21,Greene,5,487,240,23966
2020-10-22,Greene,1,488,303,24269
2020-10-23,Greene,1,489,287,24556
2020-10-24,Greene,1,490,142,24698
2020-10-25,Greene,5,495,197,24895
2020-10-26,Greene,6,501,274,25169
2020-10-27,Greene,4,505,191,25360
2020-10-28,Greene,2,507,255,25615
2020-10-29,Greene,3,510,169,25784
2020-10-30,Greene,5,515,435,26219
2020-10-31,Greene,1,516,303,26522
2020-11-01,Greene,1,517,256,26778
2020-11-02,Greene,1,518,319,27097
2020-11-03,Greene,5,523,528,27625
2020-11-04,Greene,0,523,193,27818
2020-11-05,Greene,4,527,252,28070
2020-11-06,Greene,25,552,332,28402
2020-11-07,Greene,3,555,128,28530
2020-11-08,Greene,3,558,73,28603
2020-11-09,Greene,5,563,267,28870
2020-11-10,Greene,1,564,208,29078
2020-11-11,Greene,10,574,303,29381
2020-11-12,Greene,4,578,324,29705
2020-11-13,Greene,5,583,226,29931
2020-11-14,Greene,2,585,93,30024
2020-11-15,Greene,2,587,147,30171
2020-11-16,Greene,6,593,245,30416
2020-11-17,Greene,3,596,193,30609
2020-11-18,Greene,4,600,288,30897
2020-11-19,Greene,4,604,140,31037
2020-11-20,Greene,18,622,311,31348
2020-11-21,Greene,4,626,107,31455
2020-11-22,Greene,7,633,387,31842
2020-11-23,Greene,13,646,337,32179
2020-11-24,Greene,9,655,288,32467
2020-11-25,Greene,6,661,155,32622
2020-11-26,Greene,14,675,178,32800
2020-11-27,Greene,10,685,266,33066
2020-11-28,Greene,3,688,128,33194
2020-11-29,Greene,7,695,359,33553
2020-11-30,Greene,15,710,416,33969
2020-12-01,Greene,10,720,217,34186
2020-12-02,Greene,14,734,312,34498
2020-12-03,Greene,24,758,280,34778
2020-12-04,Greene,27,785,404,35182
2020-12-05,Greene,8,793,205,35387
2020-12-06,Greene,9,802,154,35541
2020-12-07,Greene,8,810,262,35803
2020-12-08,Greene,15,825,180,35983
2020-12-09,Greene,7,832,151,36134
2020-12-10,Greene,11,843,263,36397
2020-12-11,Greene,15,858,411,36808
2020-12-12,Greene,12,870,290,37098
2020-12-13,Greene,11,881,206,37304
2020-12-14,Greene,13,894,259,37563
2020-12-15,Greene,20,914,259,37822
2020-12-16,Greene,8,922,341,38163
2020-12-17,Greene,31,953,351,38514
2020-12-18,Greene,16,969,332,38846
2020-12-19,Greene,18,987,257,39103
2020-12-20,Greene,12,999,184,39287
2020-12-21,Greene,17,1016,201,39488
2020-12-22,Greene,15,1031,245,39733
2020-12-23,Greene,31,1062,406,40139
2020-12-24,Greene,53,1115,370,40509
2020-12-25,Greene,19,1134,322,40831
2020-12-26,Greene,20,1154,228,41059
2020-12-27,Greene,34,1188,229,41288
2020-12-28,Greene,26,1214,246,41534
2020-12-29,Greene,46,1260,386,41920
2020-12-30,Greene,62,1322,510,42430
2020-12-31,Greene,61,1383,437,42867
2021-01-01,Greene,48,1431,449,43316
2021-01-02,Greene,31,1462,262,43578
2021-01-03,Greene,29,1491,274,43852
2021-01-04,Greene,44,1535,323,44175
2021-01-05,Greene,49,1584,373,44548
2021-01-06,Greene,40,1624,494,45042
2021-01-07,Greene,50,1674,414,45456
2021-01-08,Greene,45,1719,451,45907
2021-01-09,Greene,22,1741,351,46258
2021-01-10,Greene,41,1782,327,46585
2021-01-11,Greene,53,1835,436,47021
2021-01-12,Greene,20,1855,295,47316
2021-01-13,Greene,18,1873,383,47699
2021-01-14,Greene,56,1929,692,48391
2021-01-15,Greene,35,1964,623,49014
2021-01-16,Greene,31,1995,454,49468
2021-01-17,Greene,30,2025,320,49788
2021-01-18,Greene,33,2058,341,50129
2021-01-19,Greene,20,2078,361,50490
2021-01-20,Greene,19,2097,366,50856
2021-01-21,Greene,43,2140,580,51436
2021-01-22,Greene,38,2178,463,51899
2021-01-23,Greene,24,2202,385,52284
2021-01-24,Greene,18,2220,326,52610
2021-01-25,Greene,13,2233,254,52864
2021-01-26,Greene,17,2250,348,53212
2021-01-27,Greene,30,2280,319,53531
2021-01-28,Greene,34,2314,458,53989
2021-01-29,Greene,28,2342,378,54367
2021-01-30,Greene,14,2356,356,54723
2021-01-31,Greene,13,2369,242,54965
2021-02-01,Greene,8,2377,191,55156
2021-02-02,Greene,9,2386,237,55393
2021-02-03,Greene,20,2406,243,55636
2021-02-04,Greene,16,2422,350,55986
2021-02-05,Greene,20,2442,304,56290
2021-02-06,Greene,15,2457,352,56642
2021-02-07,Greene,7,2464,213,56855
2021-02-08,Greene,5,2469,150,57005
2021-02-09,Greene,10,2479,314,57319
2021-02-10,Greene,14,2493,376,57695
2021-02-11,Greene,7,2500,397,58092
2021-02-12,Greene,13,2513,424,58516
2021-02-13,Greene,13,2526,242,58758
2021-02-14,Greene,7,2533,172,58930
2021-02-15,Greene,6,2539,135,59065
2021-02-16,Greene,9,2548,293,59358
2021-02-17,Greene,7,2555,219,59577
2021-02-18,Greene,11,2566,442,60019
2021-02-19,Greene,7,2573,251,60270
2021-02-20,Greene,9,2582,302,60572
2021-02-21,Greene,2,2584,189,60761
2021-02-22,Greene,5,2589,113,60874
2021-02-23,Greene,9,2598,282,61156
2021-02-24,Greene,11,2609,372,61528
2021-02-25,Greene,13,2622,340,61868
2021-02-26,Greene,9,2631,459,62327
2021-02-27,Greene,7,2638,273,62600
2021-02-28,Greene,10,2648,193,62793
2021-03-01,Greene,2,2650,202,62995
2021-03-02,Greene,20,2670,396,63391
2021-03-03,Greene,12,2682,397,63788
2021-03-04,Greene,11,2693,273,64061
2021-03-05,Greene,7,2700,585,64646
2021-03-06,Greene,9,2709,234,64880
2021-03-07,Greene,4,2713,162,65042
2021-03-08,Greene,3,2716,215,65257
2021-03-09,Greene,6,2722,328,65585
2021-03-10,Greene,4,2726,403,65988
2021-03-11,Greene,37,2763,441,66429
2021-03-12,Greene,10,2773,433,66862
2021-03-13,Greene,8,2781,195,67057
2021-03-14,Greene,3,2784,130,67187
2021-03-15,Greene,2,2786,178,67365
2021-03-16,Greene,10,2796,279,67644
2021-03-17,Greene,10,2806,418,68062
2021-03-18,Greene,16,2822,367,68429
2021-03-19,Greene,13,2835,427,68856
2021-03-20,Greene,12,2847,273,69129
2021-03-21,Greene,8,2855,143,69272
2021-03-22,Greene,10,2865,257,69529
2021-03-23,Greene,19,2884,382,69911
2021-03-24,Greene,12,2896,340,70251
2021-03-25,Greene,10,2906,362,70613
2021-03-26,Greene,14,2920,519,71132
2021-03-27,Greene,14,2934,253,71385
2021-03-28,Greene,10,2944,211,71596
2021-03-29,Greene,6,2950,245,71841
2021-03-30,Greene,12,2962,314,72155
2021-03-31,Greene,14,2976,358,72513
2021-04-01,Greene,10,2986,442,72955
2021-04-02,Greene,13,2999,514,73469
2021-04-03,Greene,10,3009,334,73803
2021-04-04,Greene,5,3014,208,74011
2021-04-05,Greene,2,3016,190,74201
2021-04-06,Greene,9,3025,337,74538
2021-04-07,Greene,4,3029,242,74780
2021-04-08,Greene,8,3037,405,75185
2021-04-09,Greene,13,3050,281,75466
2021-04-10,Greene,11,3061,379,75845
2021-04-11,Greene,5,3066,172,76017
2021-04-12,Greene,11,3077,211,76228
2021-04-13,Greene,4,3081,391,76619
2021-04-14,Greene,13,3094,284,76903
2021-04-15,Greene,12,3106,265,77168
2021-04-16,Greene,12,3118,442,77610
2021-04-17,Greene,8,3126,477,78087
2021-04-18,Greene,13,3139,209,78296
2021-04-19,Greene,15,3154,228,78524
2021-04-20,Greene,2,3156,450,78974
2021-04-21,Greene,27,3183,432,79406
2021-04-22,Greene,6,3189,324,79730
2021-04-23,Greene,9,3198,422,80152
2021-04-24,Greene,3,3201,303,80455
2021-04-25,Greene,4,3205,182,80637
2021-04-26,Greene,2,3207,232,80869
2021-04-27,Greene,10,3217,378,81247
2021-04-28,Greene,14,3231,389,81636
2021-04-29,Greene,7,3238,276,81912
2021-04-30,Greene,17,3255,444,82356
2021-05-01,Greene,11,3266,375,82731
2021-05-02,Greene,2,3268,195,82926
2021-05-03,Greene,3,3271,105,83031
2021-05-04,Greene,8,3279,394,83425
2021-05-05,Greene,8,3287,307,83732
2021-05-06,Greene,10,3297,243,83975
2021-05-07,Greene,14,3311,548,84523
2021-05-08,Greene,10,3321,248,84771
2021-05-09,Greene,6,3327,162,84933
2021-05-10,Greene,7,3334,124,85057
2021-05-11,Greene,15,3349,414,85471
2021-05-12,Greene,5,3354,271,85742
2021-05-13,Greene,6,3360,253,85995
2021-05-14,Greene,5,3365,362,86357
2021-05-15,Greene,4,3369,356,86713
2021-05-16,Greene,1,3370,165,86878
2021-05-17,Greene,0,3370,168,87046
2021-05-18,Greene,7,3377,295,87341
2021-05-19,Greene,1,3378,300,87641
2021-05-20,Greene,3,3381,208,87849
2021-05-21,Greene,1,3382,240,88089
2021-05-22,Greene,1,3383,128,88217
2021-05-23,Greene,3,3386,139,88356
2021-05-24,Greene,0,3386,70,88426
2021-05-25,Greene,2,3388,185,88611
2021-05-26,Greene,3,3391,234,88845
2021-05-27,Greene,3,3394,186,89031
2021-05-28,Greene,1,3395,165,89196
2021-05-29,Greene,2,3397,120,89316
2021-05-30,Greene,1,3398,56,89372
2021-05-31,Greene,0,3398,33,89405
2021-06-01,Greene,0,3398,106,89511
2021-06-02,Greene,0,3398,179,89690
2021-06-03,Greene,2,3400,256,89946
2021-06-04,Greene,1,3401,242,90188
2021-06-05,Greene,0,3401,125,90313
2021-06-06,Greene,1,3402,51,90364
2021-06-07,Greene,0,3402,162,90526
2021-06-08,Greene,0,3402,172,90698
2021-06-09,Greene,0,3402,146,90844
2021-06-10,Greene,0,3402,185,91029
2021-06-11,Greene,0,3402,208,91237
2021-06-12,Greene,0,3402,113,91350
2021-06-13,Greene,1,3403,204,91554
2021-06-14,Greene,0,3403,43,91597
2021-06-15,Greene,0,3403,245,91842
2021-06-16,Greene,0,3403,267,92109
2021-06-17,Greene,0,3403,102,92211
2021-06-18,Greene,2,3405,343,92554
2021-06-19,Greene,0,3405,123,92677
2021-06-20,Greene,0,3405,59,92736
2021-06-21,Greene,0,3405,66,92802
2021-06-22,Greene,0,3405,84,92886
2021-06-23,Greene,1,3406,286,93172
2021-06-24,Greene,0,3406,131,93303
2021-06-25,Greene,0,3406,90,93393
2021-06-26,Greene,0,3406,280,93673
2021-06-27,Greene,0,3406,63,93736
2021-06-28,Greene,0,3406,60,93796
2021-06-29,Greene,0,3406,105,93901
2021-06-30,Greene,0,3406,109,94010
2021-07-01,Greene,0,3406,108,94118
2021-07-02,Greene,0,3406,87,94205
2021-07-03,Greene,0,3406,63,94268
2021-07-04,Greene,0,3406,55,94323
2021-07-05,Greene,0,3406,38,94361
2021-07-06,Greene,2,3408,39,94400
2021-07-07,Greene,0,3408,89,94489
2021-07-08,Greene,2,3410,141,94630
2021-07-09,Greene,2,3412,78,94708
2021-07-10,Greene,0,3412,69,94777
2021-07-11,Greene,2,3414,59,94836
2021-07-12,Greene,3,3417,41,94877
2021-07-13,Greene,0,3417,68,94945
2021-07-14,Greene,5,3422,88,95033
2021-07-15,Greene,1,3423,89,95122
2021-07-16,Greene,2,3425,65,95187
2021-07-17,Greene,2,3427,191,95378
2021-07-18,Greene,1,3428,42,95420
2020-03-01,Hamilton,0,0,0,0
2020-03-02,Hamilton,0,0,0,0
2020-03-03,Hamilton,0,0,0,0
2020-03-04,Hamilton,0,0,0,0
2020-03-05,Hamilton,0,0,0,0
2020-03-06,Hamilton,0,0,0,0
2020-03-07,Hamilton,0,0,0,0
2020-03-08,Hamilton,0,0,0,0
2020-03-09,Hamilton,0,0,0,0
2020-03-10,Hamilton,0,0,0,0
2020-03-11,Hamilton,0,0,0,0
2020-03-12,Hamilton,0,0,0,0
2020-03-13,Hamilton,0,0,0,0
2020-03-14,Hamilton,0,0,0,0
2020-03-15,Hamilton,0,0,0,0
2020-03-16,Hamilton,0,0,0,0
2020-03-17,Hamilton,1,1,2,2
2020-03-18,Hamilton,1,2,8,10
2020-03-19,Hamilton,0,2,0,10
2020-03-20,Hamilton,0,2,1,11
2020-03-21,Hamilton,0,2,0,11
2020-03-22,Hamilton,0,2,0,11
2020-03-23,Hamilton,0,2,2,13
2020-03-24,Hamilton,0,2,1,14
2020-03-25,Hamilton,0,2,0,14
2020-03-26,Hamilton,0,2,0,14
2020-03-27,Hamilton,0,2,0,14
2020-03-28,Hamilton,0,2,0,14
2020-03-29,Hamilton,0,2,0,14
2020-03-30,Hamilton,0,2,0,14
2020-03-31,Hamilton,0,2,0,14
2020-04-01,Hamilton,0,2,3,17
2020-04-02,Hamilton,0,2,0,17
2020-04-03,Hamilton,0,2,0,17
2020-04-04,Hamilton,0,2,0,17
2020-04-05,Hamilton,0,2,0,17
2020-04-06,Hamilton,0,2,0,17
2020-04-07,Hamilton,0,2,0,17
2020-04-08,Hamilton,1,3,1,18
2020-04-09,Hamilton,0,3,0,18
2020-04-10,Hamilton,0,3,1,19
2020-04-11,Hamilton,0,3,0,19
2020-04-12,Hamilton,0,3,1,20
2020-04-13,Hamilton,0,3,0,20
2020-04-14,Hamilton,0,3,0,20
2020-04-15,Hamilton,0,3,0,20
2020-04-16,Hamilton,0,3,6,26
2020-04-17,Hamilton,0,3,1,27
2020-04-18,Hamilton,0,3,1,28
2020-04-19,Hamilton,0,3,0,28
2020-04-20,Hamilton,0,3,0,28
2020-04-21,Hamilton,0,3,1,29
2020-04-22,Hamilton,0,3,0,29
2020-04-23,Hamilton,0,3,0,29
2020-04-24,Hamilton,0,3,3,32
2020-04-25,Hamilton,0,3,1,33
2020-04-26,Hamilton,0,3,2,35
2020-04-27,Hamilton,0,3,1,36
2020-04-28,Hamilton,0,3,2,38
2020-04-29,Hamilton,0,3,0,38
2020-04-30,Hamilton,0,3,2,40
2020-05-01,Hamilton,0,3,3,43
2020-05-02,Hamilton,0,3,1,44
2020-05-03,Hamilton,0,3,2,46
2020-05-04,Hamilton,0,3,1,47
2020-05-05,Hamilton,2,5,6,53
2020-05-06,Hamilton,0,5,0,53
2020-05-07,Hamilton,0,5,4,57
2020-05-08,Hamilton,0,5,3,60
2020-05-09,Hamilton,0,5,1,61
2020-05-10,Hamilton,0,5,0,61
2020-05-11,Hamilton,0,5,0,61
2020-05-12,Hamilton,0,5,6,67
2020-05-13,Hamilton,0,5,45,112
2020-05-14,Hamilton,0,5,10,122
2020-05-15,Hamilton,0,5,34,156
2020-05-16,Hamilton,0,5,139,295
2020-05-17,Hamilton,0,5,35,330
2020-05-18,Hamilton,0,5,2,332
2020-05-19,Hamilton,0,5,10,342
2020-05-20,Hamilton,0,5,12,354
2020-05-21,Hamilton,0,5,8,362
2020-05-22,Hamilton,0,5,38,400
2020-05-23,Hamilton,0,5,3,403
2020-05-24,Hamilton,0,5,3,406
2020-05-25,Hamilton,0,5,5,411
2020-05-26,Hamilton,0,5,1,412
2020-05-27,Hamilton,0,5,3,415
2020-05-28,Hamilton,0,5,4,419
2020-05-29,Hamilton,0,5,3,422
2020-05-30,Hamilton,0,5,22,444
2020-05-31,Hamilton,0,5,5,449
2020-06-01,Hamilton,0,5,1,450
2020-06-02,Hamilton,0,5,2,452
2020-06-03,Hamilton,0,5,74,526
2020-06-04,Hamilton,0,5,8,534
2020-06-05,Hamilton,0,5,7,541
2020-06-06,Hamilton,0,5,38,579
2020-06-07,Hamilton,0,5,8,587
2020-06-08,Hamilton,0,5,4,591
2020-06-09,Hamilton,0,5,7,598
2020-06-10,Hamilton,0,5,5,603
2020-06-11,Hamilton,0,5,13,616
2020-06-12,Hamilton,0,5,6,622
2020-06-13,Hamilton,1,6,27,649
2020-06-14,Hamilton,0,6,12,661
2020-06-15,Hamilton,0,6,1,662
2020-06-16,Hamilton,0,6,6,668
2020-06-17,Hamilton,0,6,12,680
2020-06-18,Hamilton,0,6,6,686
2020-06-19,Hamilton,0,6,4,690
2020-06-20,Hamilton,0,6,57,747
2020-06-21,Hamilton,0,6,8,755
2020-06-22,Hamilton,0,6,1,756
2020-06-23,Hamilton,0,6,7,763
2020-06-24,Hamilton,0,6,10,773
2020-06-25,Hamilton,0,6,2,775
2020-06-26,Hamilton,0,6,3,778
2020-06-27,Hamilton,0,6,35,813
2020-06-28,Hamilton,0,6,5,818
2020-06-29,Hamilton,0,6,6,824
2020-06-30,Hamilton,0,6,2,826
2020-07-01,Hamilton,0,6,10,836
2020-07-02,Hamilton,0,6,13,849
2020-07-03,Hamilton,0,6,52,901
2020-07-04,Hamilton,0,6,9,910
2020-07-05,Hamilton,0,6,8,918
2020-07-06,Hamilton,0,6,1,919
2020-07-07,Hamilton,0,6,5,924
2020-07-08,Hamilton,0,6,3,927
2020-07-09,Hamilton,0,6,11,938
2020-07-10,Hamilton,0,6,9,947
2020-07-11,Hamilton,0,6,3,950
2020-07-12,Hamilton,0,6,10,960
2020-07-13,Hamilton,0,6,16,976
2020-07-14,Hamilton,0,6,85,1061
2020-07-15,Hamilton,0,6,8,1069
2020-07-16,Hamilton,0,6,10,1079
2020-07-17,Hamilton,0,6,9,1088
2020-07-18,Hamilton,0,6,42,1130
2020-07-19,Hamilton,0,6,3,1133
2020-07-20,Hamilton,0,6,6,1139
2020-07-21,Hamilton,0,6,6,1145
2020-07-22,Hamilton,0,6,9,1154
2020-07-23,Hamilton,1,7,23,1177
2020-07-24,Hamilton,0,7,11,1188
2020-07-25,Hamilton,0,7,32,1220
2020-07-26,Hamilton,0,7,37,1257
2020-07-27,Hamilton,0,7,10,1267
2020-07-28,Hamilton,0,7,2,1269
2020-07-29,Hamilton,0,7,4,1273
2020-07-30,Hamilton,0,7,8,1281
2020-07-31,Hamilton,0,7,9,1290
2020-08-01,Hamilton,0,7,8,1298
2020-08-02,Hamilton,0,7,13,1311
2020-08-03,Hamilton,0,7,56,1367
2020-08-04,Hamilton,0,7,17,1384
2020-08-05,Hamilton,1,8,16,1400
2020-08-06,Hamilton,0,8,7,1407
2020-08-07,Hamilton,0,8,7,1414
2020-08-08,Hamilton,0,8,43,1457
2020-08-09,Hamilton,0,8,2,1459
2020-08-10,Hamilton,0,8,5,1464
2020-08-11,Hamilton,0,8,3,1467
2020-08-12,Hamilton,0,8,8,1475
2020-08-13,Hamilton,0,8,17,1492
2020-08-14,Hamilton,0,8,6,1498
2020-08-15,Hamilton,3,11,42,1540
2020-08-16,Hamilton,0,11,1,1541
2020-08-17,Hamilton,0,11,6,1547
2020-08-18,Hamilton,0,11,8,1555
2020-08-19,Hamilton,1,12,46,1601
2020-08-20,Hamilton,0,12,6,1607
2020-08-21,Hamilton,0,12,12,1619
2020-08-22,Hamilton,0,12,10,1629
2020-08-23,Hamilton,0,12,7,1636
2020-08-24,Hamilton,1,13,14,1650
2020-08-25,Hamilton,0,13,6,1656
2020-08-26,Hamilton,0,13,21,1677
2020-08-27,Hamilton,1,14,45,1722
2020-08-28,Hamilton,0,14,19,1741
2020-08-29,Hamilton,0,14,5,1746
2020-08-30,Hamilton,0,14,7,1753
2020-08-31,Hamilton,0,14,9,1762
2020-09-01,Hamilton,0,14,7,1769
2020-09-02,Hamilton,0,14,12,1781
2020-09-03,Hamilton,0,14,33,1814
2020-09-04,Hamilton,0,14,32,1846
2020-09-05,Hamilton,0,14,15,1861
2020-09-06,Hamilton,0,14,6,1867
2020-09-07,Hamilton,0,14,9,1876
2020-09-08,Hamilton,0,14,7,1883
2020-09-09,Hamilton,0,14,8,1891
2020-09-10,Hamilton,0,14,52,1943
2020-09-11,Hamilton,0,14,14,1957
2020-09-12,Hamilton,0,14,7,1964
2020-09-13,Hamilton,0,14,3,1967
2020-09-14,Hamilton,0,14,8,1975
2020-09-15,Hamilton,0,14,5,1980
2020-09-16,Hamilton,0,14,1,1981
2020-09-17,Hamilton,0,14,10,1991
2020-09-18,Hamilton,1,15,40,2031
2020-09-19,Hamilton,0,15,11,2042
2020-09-20,Hamilton,0,15,5,2047
2020-09-21,Hamilton,0,15,13,2060
2020-09-22,Hamilton,0,15,17,2077
2020-09-23,Hamilton,0,15,9,2086
2020-09-24,Hamilton,0,15,41,2127
2020-09-25,Hamilton,0,15,12,2139
2020-09-26,Hamilton,0,15,13,2152
2020-09-27,Hamilton,0,15,5,2157
2020-09-28,Hamilton,0,15,7,2164
2020-09-29,Hamilton,0,15,9,2173
2020-09-30,Hamilton,0,15,9,2182
2020-10-01,Hamilton,0,15,10,2192
2020-10-02,Hamilton,0,15,43,2235
2020-10-03,Hamilton,0,15,12,2247
2020-10-04,Hamilton,0,15,5,2252
2020-10-05,Hamilton,0,15,9,2261
2020-10-06,Hamilton,0,15,12,2273
2020-10-07,Hamilton,0,15,8,2281
2020-10-08,Hamilton,0,15,25,2306
2020-10-09,Hamilton,0,15,25,2331
2020-10-10,Hamilton,0,15,8,2339
2020-10-11,Hamilton,0,15,10,2349
2020-10-12,Hamilton,1,16,14,2363
2020-10-13,Hamilton,0,16,68,2431
2020-10-14,Hamilton,0,16,23,2454
2020-10-15,Hamilton,0,16,24,2478
2020-10-16,Hamilton,0,16,23,2501
2020-10-17,Hamilton,0,16,14,2515
2020-10-18,Hamilton,0,16,19,2534
2020-10-19,Hamilton,0,16,7,2541
2020-10-20,Hamilton,0,16,12,2553
2020-10-21,Hamilton,0,16,23,2576
2020-10-22,Hamilton,0,16,16,2592
2020-10-23,Hamilton,0,16,14,2606
2020-10-24,Hamilton,0,16,5,2611
2020-10-25,Hamilton,0,16,6,2617
2020-10-26,Hamilton,0,16,10,2627
2020-10-27,Hamilton,1,17,18,2645
2020-10-28,Hamilton,0,17,6,2651
2020-10-29,Hamilton,1,18,37,2688
2020-10-30,Hamilton,0,18,33,2721
2020-10-31,Hamilton,1,19,19,2740
2020-11-01,Hamilton,0,19,10,2750
2020-11-02,Hamilton,0,19,18,2768
2020-11-03,Hamilton,0,19,15,2783
2020-11-04,Hamilton,0,19,23,2806
2020-11-05,Hamilton,0,19,34,2840
2020-11-06,Hamilton,0,19,33,2873
2020-11-07,Hamilton,0,19,16,2889
2020-11-08,Hamilton,1,20,18,2907
2020-11-09,Hamilton,0,20,16,2923
2020-11-10,Hamilton,0,20,18,2941
2020-11-11,Hamilton,0,20,29,2970
2020-11-12,Hamilton,2,22,42,3012
2020-11-13,Hamilton,3,25,67,3079
2020-11-14,Hamilton,1,26,15,3094
2020-11-15,Hamilton,0,26,9,3103
2020-11-16,Hamilton,0,26,20,3123
2020-11-17,Hamilton,5,31,90,3213
2020-11-18,Hamilton,4,35,76,3289
2020-11-19,Hamilton,0,35,67,3356
2020-11-20,Hamilton,1,36,17,3373
2020-11-21,Hamilton,1,37,88,3461
2020-11-22,Hamilton,2,39,24,3485
2020-11-23,Hamilton,1,40,26,3511
2020-11-24,Hamilton,1,41,66,3577
2020-11-25,Hamilton,1,42,80,3657
2020-11-26,Hamilton,0,42,116,3773
2020-11-27,Hamilton,2,44,24,3797
2020-11-28,Hamilton,1,45,53,3850
2020-11-29,Hamilton,1,46,18,3868
2020-11-30,Hamilton,1,47,25,3893
2020-12-01,Hamilton,2,49,49,3942
2020-12-02,Hamilton,7,56,116,4058
2020-12-03,Hamilton,0,56,122,4180
2020-12-04,Hamilton,4,60,146,4326
2020-12-05,Hamilton,0,60,61,4387
2020-12-06,Hamilton,0,60,18,4405
2020-12-07,Hamilton,0,60,25,4430
2020-12-08,Hamilton,3,63,73,4503
2020-12-09,Hamilton,2,65,109,4612
2020-12-10,Hamilton,3,68,92,4704
2020-12-11,Hamilton,0,68,21,4725
2020-12-12,Hamilton,0,68,44,4769
2020-12-13,Hamilton,0,68,24,4793
2020-12-14,Hamilton,2,70,27,4820
2020-12-15,Hamilton,3,73,15,4835
2020-12-16,Hamilton,2,75,39,4874
2020-12-17,Hamilton,2,77,114,4988
2020-12-18,Hamilton,4,81,77,5065
2020-12-19,Hamilton,1,82,89,5154
2020-12-20,Hamilton,3,85,14,5168
2020-12-21,Hamilton,2,87,23,5191
2020-12-22,Hamilton,3,90,47,5238
2020-12-23,Hamilton,7,97,141,5379
2020-12-24,Hamilton,0,97,80,5459
2020-12-25,Hamilton,1,98,10,5469
2020-12-26,Hamilton,0,98,12,5481
2020-12-27,Hamilton,1,99,9,5490
2020-12-28,Hamilton,0,99,27,5517
2020-12-29,Hamilton,1,100,37,5554
2020-12-30,Hamilton,2,102,55,5609
2020-12-31,Hamilton,10,112,137,5746
2021-01-01,Hamilton,3,115,11,5757
2021-01-02,Hamilton,4,119,82,5839
2021-01-03,Hamilton,1,120,10,5849
2021-01-04,Hamilton,1,121,18,5867
2021-01-05,Hamilton,1,122,27,5894
2021-01-06,Hamilton,2,124,29,5923
2021-01-07,Hamilton,4,128,77,6000
2021-01-08,Hamilton,1,129,24,6024
2021-01-09,Hamilton,3,132,25,6049
2021-01-10,Hamilton,1,133,38,6087
2021-01-11,Hamilton,7,140,50,6137
2021-01-12,Hamilton,1,141,19,6156
2021-01-13,Hamilton,2,143,18,6174
2021-01-14,Hamilton,0,143,91,6265
2021-01-15,Hamilton,2,145,52,6317
2021-01-16,Hamilton,0,145,15,6332
2021-01-17,Hamilton,1,146,9,6341
2021-01-18,Hamilton,0,146,17,6358
2021-01-19,Hamilton,1,147,18,6376
2021-01-20,Hamilton,3,150,23,6399
2021-01-21,Hamilton,11,161,53,6452
2021-01-22,Hamilton,0,161,26,6478
2021-01-23,Hamilton,5,166,73,6551
2021-01-24,Hamilton,0,166,32,6583
2021-01-25,Hamilton,5,171,29,6612
2021-01-26,Hamilton,1,172,34,6646
2021-01-27,Hamilton,22,194,79,6725
2021-01-28,Hamilton,1,195,36,6761
2021-01-29,Hamilton,19,214,125,6886
2021-01-30,Hamilton,0,214,30,6916
2021-01-31,Hamilton,2,216,29,6945
2021-02-01,Hamilton,4,220,43,6988
2021-02-02,Hamilton,1,221,83,7071
2021-02-03,Hamilton,16,237,85,7156
2021-02-04,Hamilton,9,246,108,7264
2021-02-05,Hamilton,4,250,28,7292
2021-02-06,Hamilton,1,251,22,7314
2021-02-07,Hamilton,0,251,9,7323
2021-02-08,Hamilton,3,254,32,7355
2021-02-09,Hamilton,7,261,29,7384
2021-02-10,Hamilton,0,261,19,7403
2021-02-11,Hamilton,3,264,51,7454
2021-02-12,Hamilton,5,269,44,7498
2021-02-13,Hamilton,0,269,13,7511
2021-02-14,Hamilton,1,270,10,7521
2021-02-15,Hamilton,1,271,27,7548
2021-02-16,Hamilton,2,273,21,7569
2021-02-17,Hamilton,2,275,42,7611
2021-02-18,Hamilton,0,275,29,7640
2021-02-19,Hamilton,1,276,74,7714
2021-02-20,Hamilton,0,276,19,7733
2021-02-21,Hamilton,0,276,7,7740
2021-02-22,Hamilton,1,277,24,7764
2021-02-23,Hamilton,0,277,20,7784
2021-02-24,Hamilton,2,279,19,7803
2021-02-25,Hamilton,2,281,19,7822
2021-02-26,Hamilton,1,282,52,7874
2021-02-27,Hamilton,2,284,16,7890
2021-02-28,Hamilton,0,284,14,7904
2021-03-01,Hamilton,1,285,9,7913
2021-03-02,Hamilton,0,285,30,7943
2021-03-03,Hamilton,0,285,20,7963
2021-03-04,Hamilton,0,285,35,7998
2021-03-05,Hamilton,0,285,38,8036
2021-03-06,Hamilton,1,286,15,8051
2021-03-07,Hamilton,0,286,14,8065
2021-03-08,Hamilton,0,286,28,8093
2021-03-09,Hamilton,0,286,12,8105
2021-03-10,Hamilton,1,287,16,8121
2021-03-11,Hamilton,1,288,39,8160
2021-03-12,Hamilton,0,288,27,8187
2021-03-13,Hamilton,0,288,19,8206
2021-03-14,Hamilton,2,290,22,8228
2021-03-15,Hamilton,0,290,15,8243
2021-03-16,Hamilton,0,290,21,8264
2021-03-17,Hamilton,0,290,22,8286
2021-03-18,Hamilton,0,290,18,8304
2021-03-19,Hamilton,0,290,15,8319
2021-03-20,Hamilton,0,290,15,8334
2021-03-21,Hamilton,1,291,12,8346
2021-03-22,Hamilton,0,291,36,8382
2021-03-23,Hamilton,0,291,21,8403
2021-03-24,Hamilton,1,292,20,8423
2021-03-25,Hamilton,0,292,28,8451
2021-03-26,Hamilton,0,292,25,8476
2021-03-27,Hamilton,0,292,19,8495
2021-03-28,Hamilton,1,293,19,8514
2021-03-29,Hamilton,0,293,13,8527
2021-03-30,Hamilton,1,294,41,8568
2021-03-31,Hamilton,0,294,42,8610
2021-04-01,Hamilton,0,294,28,8638
2021-04-02,Hamilton,0,294,17,8655
2021-04-03,Hamilton,0,294,27,8682
2021-04-04,Hamilton,0,294,6,8688
2021-04-05,Hamilton,0,294,10,8698
2021-04-06,Hamilton,0,294,11,8709
2021-04-07,Hamilton,0,294,23,8732
2021-04-08,Hamilton,0,294,28,8760
2021-04-09,Hamilton,2,296,19,8779
2021-04-10,Hamilton,0,296,16,8795
2021-04-11,Hamilton,0,296,10,8805
2021-04-12,Hamilton,2,298,56,8861
2021-04-13,Hamilton,2,300,20,8881
2021-04-14,Hamilton,1,301,28,8909
2021-04-15,Hamilton,0,301,47,8956
2021-04-16,Hamilton,0,301,25,8981
2021-04-17,Hamilton,0,301,19,9000
2021-04-18,Hamilton,0,301,22,9022
2021-04-19,Hamilton,0,301,22,9044
2021-04-20,Hamilton,0,301,16,9060
2021-04-21,Hamilton,0,301,23,9083
2021-04-22,Hamilton,0,301,19,9102
2021-04-23,Hamilton,1,302,22,9124
2021-04-24,Hamilton,0,302,19,9143
2021-04-25,Hamilton,1,303,26,9169
2021-04-26,Hamilton,0,303,17,9186
2021-04-27,Hamilton,0,303,22,9208
2021-04-28,Hamilton,0,303,25,9233
2021-04-29,Hamilton,0,303,36,9269
2021-04-30,Hamilton,0,303,24,9293
2021-05-01,Hamilton,0,303,25,9318
2021-05-02,Hamilton,0,303,18,9336
2021-05-03,Hamilton,0,303,15,9351
2021-05-04,Hamilton,1,304,23,9374
2021-05-05,Hamilton,0,304,30,9404
2021-05-06,Hamilton,0,304,30,9434
2021-05-07,Hamilton,0,304,21,9455
2021-05-08,Hamilton,1,305,17,9472
2021-05-09,Hamilton,0,305,10,9482
2021-05-10,Hamilton,0,305,8,9490
2021-05-11,Hamilton,0,305,25,9515
2021-05-12,Hamilton,2,307,25,9540
2021-05-13,Hamilton,0,307,18,9558
2021-05-14,Hamilton,0,307,20,9578
2021-05-15,Hamilton,0,307,8,9586
2021-05-16,Hamilton,0,307,8,9594
2021-05-17,Hamilton,3,310,13,9607
2021-05-18,Hamilton,2,312,19,9626
2021-05-19,Hamilton,1,313,19,9645
2021-05-20,Hamilton,0,313,10,9655
2021-05-21,Hamilton,0,313,13,9668
2021-05-22,Hamilton,0,313,9,9677
2021-05-23,Hamilton,0,313,11,9688
2021-05-24,Hamilton,0,313,4,9692
2021-05-25,Hamilton,0,313,8,9700
2021-05-26,Hamilton,0,313,27,9727
2021-05-27,Hamilton,0,313,17,9744
2021-05-28,Hamilton,0,313,11,9755
2021-05-29,Hamilton,0,313,13,9768
2021-05-30,Hamilton,0,313,4,9772
2021-05-31,Hamilton,0,313,3,9775
2021-06-01,Hamilton,0,313,6,9781
2021-06-02,Hamilton,0,313,17,9798
2021-06-03,Hamilton,0,313,21,9819
2021-06-04,Hamilton,0,313,29,9848
2021-06-05,Hamilton,0,313,18,9866
2021-06-06,Hamilton,0,313,3,9869
2021-06-07,Hamilton,0,313,16,9885
2021-06-08,Hamilton,0,313,1,9886
2021-06-09,Hamilton,0,313,18,9904
2021-06-10,Hamilton,0,313,18,9922
2021-06-11,Hamilton,0,313,20,9942
2021-06-12,Hamilton,0,313,6,9948
2021-06-13,Hamilton,0,313,9,9957
2021-06-14,Hamilton,0,313,10,9967
2021-06-15,Hamilton,0,313,11,9978
2021-06-16,Hamilton,0,313,7,9985
2021-06-17,Hamilton,0,313,10,9995
2021-06-18,Hamilton,0,313,9,10004
2021-06-19,Hamilton,0,313,26,10030
2021-06-20,Hamilton,0,313,2,10032
2021-06-21,Hamilton,0,313,6,10038
2021-06-22,Hamilton,2,315,84,10122
2021-06-23,Hamilton,0,315,26,10148
2021-06-24,Hamilton,0,315,21,10169
2021-06-25,Hamilton,0,315,14,10183
2021-06-26,Hamilton,0,315,4,10187
2021-06-27,Hamilton,1,316,6,10193
2021-06-28,Hamilton,0,316,6,10199
2021-06-29,Hamilton,0,316,7,10206
2021-06-30,Hamilton,0,316,7,10213
2021-07-01,Hamilton,0,316,5,10218
2021-07-02,Hamilton,0,316,10,10228
2021-07-03,Hamilton,0,316,4,10232
2021-07-04,Hamilton,0,316,5,10237
2021-07-05,Hamilton,0,316,2,10239
2021-07-06,Hamilton,0,316,5,10244
2021-07-07,Hamilton,0,316,14,10258
2021-07-08,Hamilton,0,316,16,10274
2021-07-09,Hamilton,0,316,20,10294
2021-07-10,Hamilton,0,316,3,10297
2021-07-11,Hamilton,0,316,5,10302
2021-07-12,Hamilton,0,316,3,10305
2021-07-13,Hamilton,0,316,11,10316
2021-07-14,Hamilton,0,316,16,10332
2021-07-15,Hamilton,0,316,13,10345
2021-07-16,Hamilton,0,316,9,10354
2021-07-17,Hamilton,0,316,8,10362
2021-07-18,Hamilton,0,316,7,10369
2020-03-01,Herkimer,0,0,0,0
2020-03-02,Herkimer,0,0,0,0
2020-03-03,Herkimer,0,0,0,0
2020-03-04,Herkimer,0,0,0,0
2020-03-05,Herkimer,0,0,0,0
2020-03-06,Herkimer,0,0,0,0
2020-03-07,Herkimer,0,0,0,0
2020-03-08,Herkimer,0,0,0,0
2020-03-09,Herkimer,0,0,0,0
2020-03-10,Herkimer,0,0,0,0
2020-03-11,Herkimer,0,0,0,0
2020-03-12,Herkimer,1,1,1,1
2020-03-13,Herkimer,0,1,0,1
2020-03-14,Herkimer,0,1,1,2
2020-03-15,Herkimer,0,1,0,2
2020-03-16,Herkimer,0,1,0,2
2020-03-17,Herkimer,0,1,0,2
2020-03-18,Herkimer,0,1,1,3
2020-03-19,Herkimer,1,2,1,4
2020-03-20,Herkimer,1,3,5,9
2020-03-21,Herkimer,1,4,10,19
2020-03-22,Herkimer,0,4,6,25
2020-03-23,Herkimer,0,4,3,28
2020-03-24,Herkimer,1,5,5,33
2020-03-25,Herkimer,2,7,6,39
2020-03-26,Herkimer,2,9,9,48
2020-03-27,Herkimer,0,9,8,56
2020-03-28,Herkimer,1,10,14,70
2020-03-29,Herkimer,2,12,8,78
2020-03-30,Herkimer,0,12,1,79
2020-03-31,Herkimer,0,12,4,83
2020-04-01,Herkimer,2,14,9,92
2020-04-02,Herkimer,0,14,19,111
2020-04-03,Herkimer,4,18,27,138
2020-04-04,Herkimer,4,22,46,184
2020-04-05,Herkimer,3,25,23,207
2020-04-06,Herkimer,2,27,19,226
2020-04-07,Herkimer,2,29,19,245
2020-04-08,Herkimer,3,32,44,289
2020-04-09,Herkimer,4,36,23,312
2020-04-10,Herkimer,1,37,12,324
2020-04-11,Herkimer,0,37,11,335
2020-04-12,Herkimer,1,38,29,364
2020-04-13,Herkimer,1,39,26,390
2020-04-14,Herkimer,1,40,9,399
2020-04-15,Herkimer,3,43,23,422
2020-04-16,Herkimer,3,46,30,452
2020-04-17,Herkimer,1,47,18,470
2020-04-18,Herkimer,2,49,20,490
2020-04-19,Herkimer,0,49,23,513
2020-04-20,Herkimer,1,50,7,520
2020-04-21,Herkimer,3,53,34,554
2020-04-22,Herkimer,1,54,25,579
2020-04-23,Herkimer,2,56,27,606
2020-04-24,Herkimer,0,56,59,665
2020-04-25,Herkimer,1,57,31,696
2020-04-26,Herkimer,1,58,26,722
2020-04-27,Herkimer,0,58,14,736
2020-04-28,Herkimer,0,58,28,764
2020-04-29,Herkimer,0,58,28,792
2020-04-30,Herkimer,2,60,28,820
2020-05-01,Herkimer,1,61,15,835
2020-05-02,Herkimer,1,62,29,864
2020-05-03,Herkimer,1,63,41,905
2020-05-04,Herkimer,4,67,29,934
2020-05-05,Herkimer,1,68,66,1000
2020-05-06,Herkimer,6,74,65,1065
2020-05-07,Herkimer,2,76,55,1120
2020-05-08,Herkimer,1,77,43,1163
2020-05-09,Herkimer,2,79,56,1219
2020-05-10,Herkimer,2,81,57,1276
2020-05-11,Herkimer,0,81,42,1318
2020-05-12,Herkimer,3,84,61,1379
2020-05-13,Herkimer,2,86,54,1433
2020-05-14,Herkimer,1,87,49,1482
2020-05-15,Herkimer,4,91,50,1532
2020-05-16,Herkimer,0,91,157,1689
2020-05-17,Herkimer,1,92,68,1757
2020-05-18,Herkimer,0,92,65,1822
2020-05-19,Herkimer,1,93,95,1917
2020-05-20,Herkimer,0,93,60,1977
2020-05-21,Herkimer,2,95,77,2054
2020-05-22,Herkimer,5,100,212,2266
2020-05-23,Herkimer,1,101,143,2409
2020-05-24,Herkimer,2,103,237,2646
2020-05-25,Herkimer,0,103,45,2691
2020-05-26,Herkimer,2,105,328,3019
2020-05-27,Herkimer,1,106,442,3461
2020-05-28,Herkimer,1,107,154,3615
2020-05-29,Herkimer,0,107,332,3947
2020-05-30,Herkimer,1,108,309,4256
2020-05-31,Herkimer,1,109,131,4387
2020-06-01,Herkimer,2,111,186,4573
2020-06-02,Herkimer,2,113,522,5095
2020-06-03,Herkimer,0,113,398,5493
2020-06-04,Herkimer,2,115,334,5827
2020-06-05,Herkimer,7,122,523,6350
2020-06-06,Herkimer,1,123,357,6707
2020-06-07,Herkimer,1,124,377,7084
2020-06-08,Herkimer,1,125,308,7392
2020-06-09,Herkimer,0,125,245,7637
2020-06-10,Herkimer,0,125,295,7932
2020-06-11,Herkimer,2,127,439,8371
2020-06-12,Herkimer,1,128,280,8651
2020-06-13,Herkimer,0,128,275,8926
2020-06-14,Herkimer,0,128,119,9045
2020-06-15,Herkimer,0,128,297,9342
2020-06-16,Herkimer,0,128,208,9550
2020-06-17,Herkimer,0,128,236,9786
2020-06-18,Herkimer,3,131,265,10051
2020-06-19,Herkimer,3,134,334,10385
2020-06-20,Herkimer,2,136,405,10790
2020-06-21,Herkimer,1,137,232,11022
2020-06-22,Herkimer,0,137,146,11168
2020-06-23,Herkimer,5,142,184,11352
2020-06-24,Herkimer,1,143,146,11498
2020-06-25,Herkimer,6,149,161,11659
2020-06-26,Herkimer,5,154,302,11961
2020-06-27,Herkimer,4,158,495,12456
2020-06-28,Herkimer,1,159,189,12645
2020-06-29,Herkimer,0,159,155,12800
2020-06-30,Herkimer,3,162,212,13012
2020-07-01,Herkimer,2,164,201,13213
2020-07-02,Herkimer,8,172,96,13309
2020-07-03,Herkimer,0,172,140,13449
2020-07-04,Herkimer,1,173,371,13820
2020-07-05,Herkimer,6,179,381,14201
2020-07-06,Herkimer,2,181,210,14411
2020-07-07,Herkimer,0,181,182,14593
2020-07-08,Herkimer,1,182,240,14833
2020-07-09,Herkimer,2,184,250,15083
2020-07-10,Herkimer,4,188,213,15296
2020-07-11,Herkimer,4,192,270,15566
2020-07-12,Herkimer,1,193,210,15776
2020-07-13,Herkimer,2,195,327,16103
2020-07-14,Herkimer,2,197,322,16425
2020-07-15,Herkimer,5,202,134,16559
2020-07-16,Herkimer,2,204,263,16822
2020-07-17,Herkimer,0,204,203,17025
2020-07-18,Herkimer,2,206,70,17095
2020-07-19,Herkimer,0,206,92,17187
2020-07-20,Herkimer,2,208,200,17387
2020-07-21,Herkimer,3,211,291,17678
2020-07-22,Herkimer,2,213,248,17926
2020-07-23,Herkimer,10,223,302,18228
2020-07-24,Herkimer,1,224,283,18511
2020-07-25,Herkimer,6,230,242,18753
2020-07-26,Herkimer,4,234,233,18986
2020-07-27,Herkimer,2,236,145,19131
2020-07-28,Herkimer,0,236,178,19309
2020-07-29,Herkimer,3,239,259,19568
2020-07-30,Herkimer,0,239,200,19768
2020-07-31,Herkimer,1,240,244,20012
2020-08-01,Herkimer,1,241,316,20328
2020-08-02,Herkimer,5,246,278,20606
2020-08-03,Herkimer,16,262,410,21016
2020-08-04,Herkimer,2,264,265,21281
2020-08-05,Herkimer,4,268,214,21495
2020-08-06,Herkimer,2,270,218,21713
2020-08-07,Herkimer,3,273,312,22025
2020-08-08,Herkimer,1,274,378,22403
2020-08-09,Herkimer,0,274,279,22682
2020-08-10,Herkimer,3,277,322,23004
2020-08-11,Herkimer,0,277,248,23252
2020-08-12,Herkimer,1,278,213,23465
2020-08-13,Herkimer,0,278,227,23692
2020-08-14,Herkimer,4,282,338,24030
2020-08-15,Herkimer,1,283,430,24460
2020-08-16,Herkimer,1,284,153,24613
2020-08-17,Herkimer,0,284,181,24794
2020-08-18,Herkimer,0,284,167,24961
2020-08-19,Herkimer,0,284,302,25263
2020-08-20,Herkimer,5,289,330,25593
2020-08-21,Herkimer,0,289,378,25971
2020-08-22,Herkimer,0,289,294,26265
2020-08-23,Herkimer,0,289,194,26459
2020-08-24,Herkimer,1,290,175,26634
2020-08-25,Herkimer,2,292,304,26938
2020-08-26,Herkimer,2,294,357,27295
2020-08-27,Herkimer,0,294,263,27558
2020-08-28,Herkimer,1,295,336,27894
2020-08-29,Herkimer,2,297,374,28268
2020-08-30,Herkimer,0,297,308,28576
2020-08-31,Herkimer,1,298,360,28936
2020-09-01,Herkimer,5,303,160,29096
2020-09-02,Herkimer,2,305,257,29353
2020-09-03,Herkimer,1,306,323,29676
2020-09-04,Herkimer,0,306,278,29954
2020-09-05,Herkimer,2,308,345,30299
2020-09-06,Herkimer,0,308,145,30444
2020-09-07,Herkimer,0,308,251,30695
2020-09-08,Herkimer,0,308,117,30812
2020-09-09,Herkimer,0,308,154,30966
2020-09-10,Herkimer,4,312,343,31309
2020-09-11,Herkimer,0,312,454,31763
2020-09-12,Herkimer,1,313,316,32079
2020-09-13,Herkimer,0,313,262,32341
2020-09-14,Herkimer,0,313,236,32577
2020-09-15,Herkimer,1,314,169,32746
2020-09-16,Herkimer,2,316,206,32952
2020-09-17,Herkimer,2,318,280,33232
2020-09-18,Herkimer,1,319,309,33541
2020-09-19,Herkimer,2,321,397,33938
2020-09-20,Herkimer,0,321,316,34254
2020-09-21,Herkimer,1,322,216,34470
2020-09-22,Herkimer,5,327,283,34753
2020-09-23,Herkimer,2,329,218,34971
2020-09-24,Herkimer,2,331,317,35288
2020-09-25,Herkimer,3,334,566,35854
2020-09-26,Herkimer,0,334,304,36158
2020-09-27,Herkimer,1,335,166,36324
2020-09-28,Herkimer,2,337,357,36681
2020-09-29,Herkimer,1,338,235,36916
2020-09-30,Herkimer,2,340,295,37211
2020-10-01,Herkimer,2,342,317,37528
2020-10-02,Herkimer,2,344,616,38144
2020-10-03,Herkimer,2,346,254,38398
2020-10-04,Herkimer,2,348,193,38591
2020-10-05,Herkimer,1,349,253,38844
2020-10-06,Herkimer,4,353,250,39094
2020-10-07,Herkimer,2,355,266,39360
2020-10-08,Herkimer,0,355,259,39619
2020-10-09,Herkimer,3,358,667,40286
2020-10-10,Herkimer,1,359,527,40813
2020-10-11,Herkimer,2,361,298,41111
2020-10-12,Herkimer,2,363,362,41473
2020-10-13,Herkimer,0,363,288,41761
2020-10-14,Herkimer,4,367,307,42068
2020-10-15,Herkimer,0,367,397,42465
2020-10-16,Herkimer,1,368,439,42904
2020-10-17,Herkimer,2,370,301,43205
2020-10-18,Herkimer,0,370,237,43442
2020-10-19,Herkimer,1,371,289,43731
2020-10-20,Herkimer,3,374,404,44135
2020-10-21,Herkimer,2,376,287,44422
2020-10-22,Herkimer,4,380,310,44732
2020-10-23,Herkimer,4,384,509,45241
2020-10-24,Herkimer,3,387,518,45759
2020-10-25,Herkimer,2,389,256,46015
2020-10-26,Herkimer,1,390,262,46277
2020-10-27,Herkimer,4,394,388,46665
2020-10-28,Herkimer,0,394,345,47010
2020-10-29,Herkimer,0,394,338,47348
2020-10-30,Herkimer,2,396,398,47746
2020-10-31,Herkimer,3,399,320,48066
2020-11-01,Herkimer,8,407,238,48304
2020-11-02,Herkimer,7,414,331,48635
2020-11-03,Herkimer,4,418,327,48962
2020-11-04,Herkimer,6,424,493,49455
2020-11-05,Herkimer,10,434,573,50028
2020-11-06,Herkimer,9,443,384,50412
2020-11-07,Herkimer,4,447,471,50883
2020-11-08,Herkimer,2,449,245,51128
2020-11-09,Herkimer,12,461,469,51597
2020-11-10,Herkimer,11,472,439,52036
2020-11-11,Herkimer,4,476,392,52428
2020-11-12,Herkimer,4,480,427,52855
2020-11-13,Herkimer,5,485,401,53256
2020-11-14,Herkimer,6,491,295,53551
2020-11-15,Herkimer,13,504,468,54019
2020-11-16,Herkimer,4,508,284,54303
2020-11-17,Herkimer,16,524,401,54704
2020-11-18,Herkimer,13,537,439,55143
2020-11-19,Herkimer,15,552,364,55507
2020-11-20,Herkimer,12,564,372,55879
2020-11-21,Herkimer,11,575,581,56460
2020-11-22,Herkimer,7,582,439,56899
2020-11-23,Herkimer,21,603,264,57163
2020-11-24,Herkimer,13,616,727,57890
2020-11-25,Herkimer,15,631,440,58330
2020-11-26,Herkimer,14,645,422,58752
2020-11-27,Herkimer,19,664,359,59111
2020-11-28,Herkimer,27,691,450,59561
2020-11-29,Herkimer,18,709,398,59959
2020-11-30,Herkimer,22,731,495,60454
2020-12-01,Herkimer,24,755,556,61010
2020-12-02,Herkimer,34,789,628,61638
2020-12-03,Herkimer,33,822,605,62243
2020-12-04,Herkimer,25,847,587,62830
2020-12-05,Herkimer,38,885,774,63604
2020-12-06,Herkimer,32,917,490,64094
2020-12-07,Herkimer,24,941,296,64390
2020-12-08,Herkimer,45,986,641,65031
2020-12-09,Herkimer,34,1020,383,65414
2020-12-10,Herkimer,42,1062,593,66007
2020-12-11,Herkimer,55,1117,750,66757
2020-12-12,Herkimer,46,1163,527,67284
2020-12-13,Herkimer,33,1196,547,67831
2020-12-14,Herkimer,42,1238,415,68246
2020-12-15,Herkimer,41,1279,552,68798
2020-12-16,Herkimer,35,1314,520,69318
2020-12-17,Herkimer,53,1367,517,69835
2020-12-18,Herkimer,34,1401,682,70517
2020-12-19,Herkimer,50,1451,788,71305
2020-12-20,Herkimer,44,1495,415,71720
2020-12-21,Herkimer,46,1541,388,72108
2020-12-22,Herkimer,74,1615,716,72824
2020-12-23,Herkimer,84,1699,687,73511
2020-12-24,Herkimer,65,1764,540,74051
2020-12-25,Herkimer,46,1810,566,74617
2020-12-26,Herkimer,34,1844,470,75087
2020-12-27,Herkimer,62,1906,503,75590
2020-12-28,Herkimer,74,1980,541,76131
2020-12-29,Herkimer,69,2049,647,76778
2020-12-30,Herkimer,89,2138,788,77566
2020-12-31,Herkimer,92,2230,883,78449
2021-01-01,Herkimer,97,2327,766,79215
2021-01-02,Herkimer,80,2407,602,79817
2021-01-03,Herkimer,66,2473,412,80229
2021-01-04,Herkimer,69,2542,415,80644
2021-01-05,Herkimer,104,2646,722,81366
2021-01-06,Herkimer,104,2750,648,82014
2021-01-07,Herkimer,112,2862,717,82731
2021-01-08,Herkimer,94,2956,850,83581
2021-01-09,Herkimer,82,3038,989,84570
2021-01-10,Herkimer,63,3101,544,85114
2021-01-11,Herkimer,81,3182,645,85759
2021-01-12,Herkimer,70,3252,509,86268
2021-01-13,Herkimer,51,3303,574,86842
2021-01-14,Herkimer,120,3423,1073,87915
2021-01-15,Herkimer,62,3485,1057,88972
2021-01-16,Herkimer,43,3528,580,89552
2021-01-17,Herkimer,33,3561,466,90018
2021-01-18,Herkimer,42,3603,469,90487
2021-01-19,Herkimer,79,3682,687,91174
2021-01-20,Herkimer,61,3743,806,91980
2021-01-21,Herkimer,96,3839,881,92861
2021-01-22,Herkimer,57,3896,689,93550
2021-01-23,Herkimer,35,3931,800,94350
2021-01-24,Herkimer,24,3955,411,94761
2021-01-25,Herkimer,28,3983,334,95095
2021-01-26,Herkimer,45,4028,410,95505
2021-01-27,Herkimer,63,4091,675,96180
2021-01-28,Herkimer,56,4147,853,97033
2021-01-29,Herkimer,26,4173,707,97740
2021-01-30,Herkimer,30,4203,674,98414
2021-01-31,Herkimer,25,4228,422,98836
2021-02-01,Herkimer,27,4255,330,99166
2021-02-02,Herkimer,13,4268,328,99494
2021-02-03,Herkimer,14,4282,393,99887
2021-02-04,Herkimer,19,4301,563,100450
2021-02-05,Herkimer,25,4326,778,101228
2021-02-06,Herkimer,21,4347,992,102220
2021-02-07,Herkimer,18,4365,549,102769
2021-02-08,Herkimer,13,4378,230,102999
2021-02-09,Herkimer,14,4392,367,103366
2021-02-10,Herkimer,9,4401,787,104153
2021-02-11,Herkimer,8,4409,563,104716
2021-02-12,Herkimer,14,4423,764,105480
2021-02-13,Herkimer,13,4436,643,106123
2021-02-14,Herkimer,11,4447,209,106332
2021-02-15,Herkimer,13,4460,247,106579
2021-02-16,Herkimer,8,4468,340,106919
2021-02-17,Herkimer,8,4476,553,107472
2021-02-18,Herkimer,13,4489,396,107868
2021-02-19,Herkimer,10,4499,582,108450
2021-02-20,Herkimer,6,4505,1189,109639
2021-02-21,Herkimer,8,4513,252,109891
2021-02-22,Herkimer,8,4521,253,110144
2021-02-23,Herkimer,10,4531,409,110553
2021-02-24,Herkimer,3,4534,674,111227
2021-02-25,Herkimer,5,4539,800,112027
2021-02-26,Herkimer,6,4545,719,112746
2021-02-27,Herkimer,9,4554,661,113407
2021-02-28,Herkimer,7,4561,168,113575
2021-03-01,Herkimer,7,4568,173,113748
2021-03-02,Herkimer,7,4575,473,114221
2021-03-03,Herkimer,3,4578,710,114931
2021-03-04,Herkimer,10,4588,680,115611
2021-03-05,Herkimer,13,4601,884,116495
2021-03-06,Herkimer,8,4609,642,117137
2021-03-07,Herkimer,4,4613,227,117364
2021-03-08,Herkimer,1,4614,176,117540
2021-03-09,Herkimer,7,4621,459,117999
2021-03-10,Herkimer,6,4627,724,118723
2021-03-11,Herkimer,4,4631,554,119277
2021-03-12,Herkimer,7,4638,702,119979
2021-03-13,Herkimer,6,4644,815,120794
2021-03-14,Herkimer,5,4649,211,121005
2021-03-15,Herkimer,6,4655,348,121353
2021-03-16,Herkimer,11,4666,585,121938
2021-03-17,Herkimer,8,4674,833,122771
2021-03-18,Herkimer,4,4678,521,123292
2021-03-19,Herkimer,17,4695,873,124165
2021-03-20,Herkimer,10,4705,523,124688
2021-03-21,Herkimer,6,4711,205,124893
2021-03-22,Herkimer,4,4715,362,125255
2021-03-23,Herkimer,9,4724,505,125760
2021-03-24,Herkimer,3,4727,889,126649
2021-03-25,Herkimer,8,4735,819,127468
2021-03-26,Herkimer,10,4745,679,128147
2021-03-27,Herkimer,9,4754,911,129058
2021-03-28,Herkimer,3,4757,214,129272
2021-03-29,Herkimer,5,4762,234,129506
2021-03-30,Herkimer,10,4772,456,129962
2021-03-31,Herkimer,4,4776,870,130832
2021-04-01,Herkimer,12,4788,557,131389
2021-04-02,Herkimer,9,4797,708,132097
2021-04-03,Herkimer,5,4802,741,132838
2021-04-04,Herkimer,8,4810,203,133041
2021-04-05,Herkimer,4,4814,364,133405
2021-04-06,Herkimer,10,4824,477,133882
2021-04-07,Herkimer,6,4830,905,134787
2021-04-08,Herkimer,6,4836,796,135583
2021-04-09,Herkimer,6,4842,576,136159
2021-04-10,Herkimer,6,4848,483,136642
2021-04-11,Herkimer,8,4856,198,136840
2021-04-12,Herkimer,12,4868,453,137293
2021-04-13,Herkimer,15,4883,420,137713
2021-04-14,Herkimer,13,4896,940,138653
2021-04-15,Herkimer,13,4909,765,139418
2021-04-16,Herkimer,9,4918,562,139980
2021-04-17,Herkimer,12,4930,539,140519
2021-04-18,Herkimer,7,4937,191,140710
2021-04-19,Herkimer,4,4941,516,141226
2021-04-20,Herkimer,5,4946,527,141753
2021-04-21,Herkimer,3,4949,826,142579
2021-04-22,Herkimer,5,4954,635,143214
2021-04-23,Herkimer,4,4958,558,143772
2021-04-24,Herkimer,5,4963,694,144466
2021-04-25,Herkimer,2,4965,251,144717
2021-04-26,Herkimer,2,4967,234,144951
2021-04-27,Herkimer,6,4973,350,145301
2021-04-28,Herkimer,4,4977,878,146179
2021-04-29,Herkimer,10,4987,523,146702
2021-04-30,Herkimer,7,4994,636,147338
2021-05-01,Herkimer,9,5003,558,147896
2021-05-02,Herkimer,8,5011,143,148039
2021-05-03,Herkimer,12,5023,383,148422
2021-05-04,Herkimer,6,5029,450,148872
2021-05-05,Herkimer,12,5041,985,149857
2021-05-06,Herkimer,13,5054,488,150345
2021-05-07,Herkimer,5,5059,592,150937
2021-05-08,Herkimer,10,5069,491,151428
2021-05-09,Herkimer,3,5072,211,151639
2021-05-10,Herkimer,5,5077,247,151886
2021-05-11,Herkimer,10,5087,408,152294
2021-05-12,Herkimer,7,5094,969,153263
2021-05-13,Herkimer,5,5099,460,153723
2021-05-14,Herkimer,3,5102,449,154172
2021-05-15,Herkimer,8,5110,699,154871
2021-05-16,Herkimer,4,5114,143,155014
2021-05-17,Herkimer,3,5117,138,155152
2021-05-18,Herkimer,4,5121,363,155515
2021-05-19,Herkimer,6,5127,936,156451
2021-05-20,Herkimer,3,5130,459,156910
2021-05-21,Herkimer,9,5139,408,157318
2021-05-22,Herkimer,2,5141,779,158097
2021-05-23,Herkimer,3,5144,134,158231
2021-05-24,Herkimer,4,5148,159,158390
2021-05-25,Herkimer,3,5151,460,158850
2021-05-26,Herkimer,7,5158,744,159594
2021-05-27,Herkimer,1,5159,419,160013
2021-05-28,Herkimer,3,5162,592,160605
2021-05-29,Herkimer,2,5164,528,161133
2021-05-30,Herkimer,2,5166,119,161252
2021-05-31,Herkimer,6,5172,141,161393
2021-06-01,Herkimer,0,5172,174,161567
2021-06-02,Herkimer,0,5172,771,162338
2021-06-03,Herkimer,2,5174,541,162879
2021-06-04,Herkimer,2,5176,541,163420
2021-06-05,Herkimer,1,5177,540,163960
2021-06-06,Herkimer,3,5180,115,164075
2021-06-07,Herkimer,2,5182,258,164333
2021-06-08,Herkimer,0,5182,288,164621
2021-06-09,Herkimer,0,5182,846,165467
2021-06-10,Herkimer,0,5182,304,165771
2021-06-11,Herkimer,0,5182,383,166154
2021-06-12,Herkimer,0,5182,455,166609
2021-06-13,Herkimer,4,5186,115,166724
2021-06-14,Herkimer,1,5187,107,166831
2021-06-15,Herkimer,2,5189,249,167080
2021-06-16,Herkimer,1,5190,386,167466
2021-06-17,Herkimer,1,5191,256,167722
2021-06-18,Herkimer,2,5193,253,167975
2021-06-19,Herkimer,1,5194,275,168250
2021-06-20,Herkimer,2,5196,130,168380
2021-06-21,Herkimer,0,5196,98,168478
2021-06-22,Herkimer,0,5196,184,168662
2021-06-23,Herkimer,2,5198,423,169085
2021-06-24,Herkimer,4,5202,214,169299
2021-06-25,Herkimer,1,5203,199,169498
2021-06-26,Herkimer,2,5205,265,169763
2021-06-27,Herkimer,0,5205,60,169823
2021-06-28,Herkimer,0,5205,95,169918
2021-06-29,Herkimer,1,5206,234,170152
2021-06-30,Herkimer,1,5207,200,170352
2021-07-01,Herkimer,1,5208,161,170513
2021-07-02,Herkimer,0,5208,160,170673
2021-07-03,Herkimer,1,5209,180,170853
2021-07-04,Herkimer,0,5209,52,170905
2021-07-05,Herkimer,1,5210,42,170947
2021-07-06,Herkimer,1,5211,59,171006
2021-07-07,Herkimer,2,5213,165,171171
2021-07-08,Herkimer,3,5216,165,171336
2021-07-09,Herkimer,1,5217,131,171467
2021-07-10,Herkimer,1,5218,116,171583
2021-07-11,Herkimer,1,5219,68,171651
2021-07-12,Herkimer,0,5219,73,171724
2021-07-13,Herkimer,2,5221,103,171827
2021-07-14,Herkimer,3,5224,161,171988
2021-07-15,Herkimer,1,5225,167,172155
2021-07-16,Herkimer,0,5225,109,172264
2021-07-17,Herkimer,0,5225,218,172482
2021-07-18,Herkimer,0,5225,61,172543
2020-03-01,Jefferson,0,0,0,0
2020-03-02,Jefferson,0,0,0,0
2020-03-03,Jefferson,0,0,0,0
2020-03-04,Jefferson,0,0,0,0
2020-03-05,Jefferson,0,0,0,0
2020-03-06,Jefferson,0,0,0,0
2020-03-07,Jefferson,0,0,1,1
2020-03-08,Jefferson,0,0,0,1
2020-03-09,Jefferson,0,0,0,1
2020-03-10,Jefferson,0,0,0,1
2020-03-11,Jefferson,0,0,1,2
2020-03-12,Jefferson,0,0,0,2
2020-03-13,Jefferson,0,0,0,2
2020-03-14,Jefferson,0,0,0,2
2020-03-15,Jefferson,0,0,1,3
2020-03-16,Jefferson,0,0,0,3
2020-03-17,Jefferson,0,0,2,5
2020-03-18,Jefferson,1,1,7,12
2020-03-19,Jefferson,0,1,13,25
2020-03-20,Jefferson,0,1,18,43
2020-03-21,Jefferson,0,1,4,47
2020-03-22,Jefferson,1,2,20,67
2020-03-23,Jefferson,0,2,1,68
2020-03-24,Jefferson,0,2,13,81
2020-03-25,Jefferson,1,3,31,112
2020-03-26,Jefferson,0,3,23,135
2020-03-27,Jefferson,3,6,45,180
2020-03-28,Jefferson,1,7,52,232
2020-03-29,Jefferson,4,11,100,332
2020-03-30,Jefferson,1,12,19,351
2020-03-31,Jefferson,0,12,14,365
2020-04-01,Jefferson,3,15,53,418
2020-04-02,Jefferson,3,18,56,474
2020-04-03,Jefferson,2,20,38,512
2020-04-04,Jefferson,6,26,75,587
2020-04-05,Jefferson,7,33,98,685
2020-04-06,Jefferson,6,39,63,748
2020-04-07,Jefferson,1,40,25,773
2020-04-08,Jefferson,2,42,84,857
2020-04-09,Jefferson,1,43,52,909
2020-04-10,Jefferson,1,44,43,952
2020-04-11,Jefferson,2,46,47,999
2020-04-12,Jefferson,0,46,24,1023
2020-04-13,Jefferson,1,47,37,1060
2020-04-14,Jefferson,0,47,1,1061
2020-04-15,Jefferson,1,48,33,1094
2020-04-16,Jefferson,2,50,31,1125
2020-04-17,Jefferson,0,50,16,1141
2020-04-18,Jefferson,4,54,53,1194
2020-04-19,Jefferson,0,54,23,1217
2020-04-20,Jefferson,0,54,7,1224
2020-04-21,Jefferson,0,54,8,1232
2020-04-22,Jefferson,2,56,28,1260
2020-04-23,Jefferson,2,58,37,1297
2020-04-24,Jefferson,1,59,63,1360
2020-04-25,Jefferson,1,60,27,1387
2020-04-26,Jefferson,0,60,52,1439
2020-04-27,Jefferson,0,60,15,1454
2020-04-28,Jefferson,0,60,28,1482
2020-04-29,Jefferson,1,61,36,1518
2020-04-30,Jefferson,0,61,37,1555
2020-05-01,Jefferson,1,62,48,1603
2020-05-02,Jefferson,0,62,48,1651
2020-05-03,Jefferson,1,63,82,1733
2020-05-04,Jefferson,0,63,13,1746
2020-05-05,Jefferson,0,63,50,1796
2020-05-06,Jefferson,1,64,90,1886
2020-05-07,Jefferson,2,66,82,1968
2020-05-08,Jefferson,1,67,47,2015
2020-05-09,Jefferson,1,68,64,2079
2020-05-10,Jefferson,0,68,63,2142
2020-05-11,Jefferson,0,68,46,2188
2020-05-12,Jefferson,0,68,80,2268
2020-05-13,Jefferson,1,69,104,2372
2020-05-14,Jefferson,2,71,453,2825
2020-05-15,Jefferson,0,71,237,3062
2020-05-16,Jefferson,0,71,152,3214
2020-05-17,Jefferson,0,71,137,3351
2020-05-18,Jefferson,0,71,90,3441
2020-05-19,Jefferson,0,71,64,3505
2020-05-20,Jefferson,0,71,324,3829
2020-05-21,Jefferson,1,72,319,4148
2020-05-22,Jefferson,0,72,331,4479
2020-05-23,Jefferson,0,72,305,4784
2020-05-24,Jefferson,0,72,107,4891
2020-05-25,Jefferson,0,72,71,4962
2020-05-26,Jefferson,0,72,97,5059
2020-05-27,Jefferson,0,72,136,5195
2020-05-28,Jefferson,2,74,400,5595
2020-05-29,Jefferson,0,74,227,5822
2020-05-30,Jefferson,0,74,280,6102
2020-05-31,Jefferson,0,74,256,6358
2020-06-01,Jefferson,0,74,228,6586
2020-06-02,Jefferson,0,74,256,6842
2020-06-03,Jefferson,0,74,253,7095
2020-06-04,Jefferson,1,75,482,7577
2020-06-05,Jefferson,0,75,315,7892
2020-06-06,Jefferson,2,77,275,8167
2020-06-07,Jefferson,1,78,374,8541
2020-06-08,Jefferson,1,79,85,8626
2020-06-09,Jefferson,0,79,257,8883
2020-06-10,Jefferson,0,79,299,9182
2020-06-11,Jefferson,1,80,564,9746
2020-06-12,Jefferson,1,81,173,9919
2020-06-13,Jefferson,0,81,135,10054
2020-06-14,Jefferson,0,81,261,10315
2020-06-15,Jefferson,0,81,76,10391
2020-06-16,Jefferson,1,82,108,10499
2020-06-17,Jefferson,0,82,367,10866
2020-06-18,Jefferson,0,82,534,11400
2020-06-19,Jefferson,1,83,237,11637
2020-06-20,Jefferson,1,84,118,11755
2020-06-21,Jefferson,0,84,220,11975
2020-06-22,Jefferson,0,84,88,12063
2020-06-23,Jefferson,0,84,120,12183
2020-06-24,Jefferson,1,85,309,12492
2020-06-25,Jefferson,0,85,479,12971
2020-06-26,Jefferson,0,85,184,13155
2020-06-27,Jefferson,0,85,101,13256
2020-06-28,Jefferson,1,86,234,13490
2020-06-29,Jefferson,0,86,68,13558
2020-06-30,Jefferson,2,88,135,13693
2020-07-01,Jefferson,2,90,240,13933
2020-07-02,Jefferson,3,93,213,14146
2020-07-03,Jefferson,0,93,324,14470
2020-07-04,Jefferson,1,94,174,14644
2020-07-05,Jefferson,0,94,119,14763
2020-07-06,Jefferson,0,94,126,14889
2020-07-07,Jefferson,0,94,293,15182
2020-07-08,Jefferson,1,95,206,15388
2020-07-09,Jefferson,0,95,171,15559
2020-07-10,Jefferson,0,95,162,15721
2020-07-11,Jefferson,2,97,95,15816
2020-07-12,Jefferson,2,99,495,16311
2020-07-13,Jefferson,1,100,154,16465
2020-07-14,Jefferson,0,100,251,16716
2020-07-15,Jefferson,2,102,143,16859
2020-07-16,Jefferson,1,103,165,17024
2020-07-17,Jefferson,1,104,385,17409
2020-07-18,Jefferson,1,105,321,17730
2020-07-19,Jefferson,1,106,192,17922
2020-07-20,Jefferson,6,112,633,18555
2020-07-21,Jefferson,1,113,325,18880
2020-07-22,Jefferson,7,120,412,19292
2020-07-23,Jefferson,3,123,311,19603
2020-07-24,Jefferson,3,126,563,20166
2020-07-25,Jefferson,1,127,329,20495
2020-07-26,Jefferson,1,128,198,20693
2020-07-27,Jefferson,0,128,115,20808
2020-07-28,Jefferson,0,128,67,20875
2020-07-29,Jefferson,0,128,195,21070
2020-07-30,Jefferson,1,129,232,21302
2020-07-31,Jefferson,1,130,129,21431
2020-08-01,Jefferson,4,134,287,21718
2020-08-02,Jefferson,0,134,176,21894
2020-08-03,Jefferson,5,139,292,22186
2020-08-04,Jefferson,1,140,309,22495
2020-08-05,Jefferson,0,140,428,22923
2020-08-06,Jefferson,0,140,300,23223
2020-08-07,Jefferson,0,140,82,23305
2020-08-08,Jefferson,2,142,194,23499
2020-08-09,Jefferson,0,142,65,23564
2020-08-10,Jefferson,0,142,260,23824
2020-08-11,Jefferson,0,142,178,24002
2020-08-12,Jefferson,0,142,355,24357
2020-08-13,Jefferson,1,143,338,24695
2020-08-14,Jefferson,0,143,303,24998
2020-08-15,Jefferson,0,143,161,25159
2020-08-16,Jefferson,0,143,102,25261
2020-08-17,Jefferson,0,143,203,25464
2020-08-18,Jefferson,0,143,255,25719
2020-08-19,Jefferson,0,143,440,26159
2020-08-20,Jefferson,1,144,279,26438
2020-08-21,Jefferson,0,144,289,26727
2020-08-22,Jefferson,1,145,142,26869
2020-08-23,Jefferson,0,145,135,27004
2020-08-24,Jefferson,1,146,184,27188
2020-08-25,Jefferson,0,146,139,27327
2020-08-26,Jefferson,2,148,394,27721
2020-08-27,Jefferson,1,149,302,28023
2020-08-28,Jefferson,0,149,192,28215
2020-08-29,Jefferson,1,150,183,28398
2020-08-30,Jefferson,0,150,96,28494
2020-08-31,Jefferson,0,150,204,28698
2020-09-01,Jefferson,0,150,294,28992
2020-09-02,Jefferson,4,154,819,29811
2020-09-03,Jefferson,0,154,146,29957
2020-09-04,Jefferson,0,154,119,30076
2020-09-05,Jefferson,0,154,134,30210
2020-09-06,Jefferson,2,156,136,30346
2020-09-07,Jefferson,0,156,160,30506
2020-09-08,Jefferson,0,156,126,30632
2020-09-09,Jefferson,0,156,92,30724
2020-09-10,Jefferson,1,157,341,31065
2020-09-11,Jefferson,0,157,360,31425
2020-09-12,Jefferson,0,157,306,31731
2020-09-13,Jefferson,1,158,82,31813
2020-09-14,Jefferson,0,158,134,31947
2020-09-15,Jefferson,0,158,306,32253
2020-09-16,Jefferson,1,159,424,32677
2020-09-17,Jefferson,1,160,244,32921
2020-09-18,Jefferson,1,161,239,33160
2020-09-19,Jefferson,2,163,261,33421
2020-09-20,Jefferson,0,163,222,33643
2020-09-21,Jefferson,1,164,145,33788
2020-09-22,Jefferson,0,164,241,34029
2020-09-23,Jefferson,1,165,428,34457
2020-09-24,Jefferson,2,167,364,34821
2020-09-25,Jefferson,0,167,298,35119
2020-09-26,Jefferson,3,170,292,35411
2020-09-27,Jefferson,0,170,162,35573
2020-09-28,Jefferson,0,170,194,35767
2020-09-29,Jefferson,2,172,343,36110
2020-09-30,Jefferson,0,172,180,36290
2020-10-01,Jefferson,2,174,646,36936
2020-10-02,Jefferson,2,176,413,37349
2020-10-03,Jefferson,0,176,261,37610
2020-10-04,Jefferson,0,176,174,37784
2020-10-05,Jefferson,0,176,392,38176
2020-10-06,Jefferson,0,176,473,38649
2020-10-07,Jefferson,1,177,461,39110
2020-10-08,Jefferson,3,180,321,39431
2020-10-09,Jefferson,1,181,275,39706
2020-10-10,Jefferson,3,184,301,40007
2020-10-11,Jefferson,1,185,179,40186
2020-10-12,Jefferson,1,186,268,40454
2020-10-13,Jefferson,0,186,217,40671
2020-10-14,Jefferson,0,186,503,41174
2020-10-15,Jefferson,0,186,288,41462
2020-10-16,Jefferson,0,186,295,41757
2020-10-17,Jefferson,2,188,206,41963
2020-10-18,Jefferson,3,191,183,42146
2020-10-19,Jefferson,1,192,186,42332
2020-10-20,Jefferson,1,193,243,42575
2020-10-21,Jefferson,1,194,365,42940
2020-10-22,Jefferson,3,197,375,43315
2020-10-23,Jefferson,2,199,359,43674
2020-10-24,Jefferson,3,202,242,43916
2020-10-25,Jefferson,1,203,81,43997
2020-10-26,Jefferson,3,206,312,44309
2020-10-27,Jefferson,1,207,289,44598
2020-10-28,Jefferson,4,211,495,45093
2020-10-29,Jefferson,3,214,420,45513
2020-10-30,Jefferson,6,220,394,45907
2020-10-31,Jefferson,2,222,227,46134
2020-11-01,Jefferson,9,231,149,46283
2020-11-02,Jefferson,6,237,400,46683
2020-11-03,Jefferson,4,241,282,46965
2020-11-04,Jefferson,8,249,475,47440
2020-11-05,Jefferson,11,260,500,47940
2020-11-06,Jefferson,2,262,316,48256
2020-11-07,Jefferson,6,268,319,48575
2020-11-08,Jefferson,9,277,190,48765
2020-11-09,Jefferson,5,282,246,49011
2020-11-10,Jefferson,6,288,310,49321
2020-11-11,Jefferson,4,292,519,49840
2020-11-12,Jefferson,15,307,521,50361
2020-11-13,Jefferson,9,316,313,50674
2020-11-14,Jefferson,8,324,267,50941
2020-11-15,Jefferson,8,332,133,51074
2020-11-16,Jefferson,7,339,668,51742
2020-11-17,Jefferson,6,345,435,52177
2020-11-18,Jefferson,9,354,549,52726
2020-11-19,Jefferson,22,376,915,53641
2020-11-20,Jefferson,31,407,764,54405
2020-11-21,Jefferson,11,418,412,54817
2020-11-22,Jefferson,17,435,467,55284
2020-11-23,Jefferson,22,457,400,55684
2020-11-24,Jefferson,14,471,309,55993
2020-11-25,Jefferson,16,487,639,56632
2020-11-26,Jefferson,13,500,543,57175
2020-11-27,Jefferson,11,511,310,57485
2020-11-28,Jefferson,40,551,847,58332
2020-11-29,Jefferson,15,566,517,58849
2020-11-30,Jefferson,20,586,314,59163
2020-12-01,Jefferson,25,611,388,59551
2020-12-02,Jefferson,42,653,666,60217
2020-12-03,Jefferson,41,694,638,60855
2020-12-04,Jefferson,63,757,803,61658
2020-12-05,Jefferson,24,781,670,62328
2020-12-06,Jefferson,15,796,258,62586
2020-12-07,Jefferson,32,828,418,63004
2020-12-08,Jefferson,33,861,457,63461
2020-12-09,Jefferson,17,878,680,64141
2020-12-10,Jefferson,44,922,983,65124
2020-12-11,Jefferson,40,962,1182,66306
2020-12-12,Jefferson,48,1010,751,67057
2020-12-13,Jefferson,37,1047,422,67479
2020-12-14,Jefferson,38,1085,346,67825
2020-12-15,Jefferson,36,1121,333,68158
2020-12-16,Jefferson,40,1161,848,69006
2020-12-17,Jefferson,55,1216,872,69878
2020-12-18,Jefferson,49,1265,772,70650
2020-12-19,Jefferson,37,1302,641,71291
2020-12-20,Jefferson,42,1344,500,71791
2020-12-21,Jefferson,35,1379,273,72064
2020-12-22,Jefferson,43,1422,483,72547
2020-12-23,Jefferson,46,1468,660,73207
2020-12-24,Jefferson,52,1520,871,74078
2020-12-25,Jefferson,28,1548,692,74770
2020-12-26,Jefferson,25,1573,310,75080
2020-12-27,Jefferson,50,1623,457,75537
2020-12-28,Jefferson,44,1667,250,75787
2020-12-29,Jefferson,62,1729,489,76276
2020-12-30,Jefferson,54,1783,815,77091
2020-12-31,Jefferson,76,1859,689,77780
2021-01-01,Jefferson,35,1894,802,78582
2021-01-02,Jefferson,53,1947,391,78973
2021-01-03,Jefferson,85,2032,496,79469
2021-01-04,Jefferson,59,2091,431,79900
2021-01-05,Jefferson,61,2152,426,80326
2021-01-06,Jefferson,93,2245,1323,81649
2021-01-07,Jefferson,103,2348,941,82590
2021-01-08,Jefferson,75,2423,963,83553
2021-01-09,Jefferson,70,2493,732,84285
2021-01-10,Jefferson,79,2572,652,84937
2021-01-11,Jefferson,80,2652,581,85518
2021-01-12,Jefferson,73,2725,467,85985
2021-01-13,Jefferson,116,2841,1055,87040
2021-01-14,Jefferson,101,2942,1194,88234
2021-01-15,Jefferson,89,3031,1360,89594
2021-01-16,Jefferson,63,3094,525,90119
2021-01-17,Jefferson,51,3145,424,90543
2021-01-18,Jefferson,69,3214,412,90955
2021-01-19,Jefferson,58,3272,436,91391
2021-01-20,Jefferson,59,3331,1014,92405
2021-01-21,Jefferson,57,3388,905,93310
2021-01-22,Jefferson,88,3476,1470,94780
2021-01-23,Jefferson,86,3562,856,95636
2021-01-24,Jefferson,56,3618,398,96034
2021-01-25,Jefferson,56,3674,519,96553
2021-01-26,Jefferson,68,3742,516,97069
2021-01-27,Jefferson,60,3802,1160,98229
2021-01-28,Jefferson,43,3845,727,98956
2021-01-29,Jefferson,63,3908,1217,100173
2021-01-30,Jefferson,52,3960,593,100766
2021-01-31,Jefferson,18,3978,328,101094
2021-02-01,Jefferson,43,4021,532,101626
2021-02-02,Jefferson,37,4058,426,102052
2021-02-03,Jefferson,30,4088,834,102886
2021-02-04,Jefferson,59,4147,718,103604
2021-02-05,Jefferson,40,4187,894,104498
2021-02-06,Jefferson,39,4226,538,105036
2021-02-07,Jefferson,30,4256,494,105530
2021-02-08,Jefferson,20,4276,521,106051
2021-02-09,Jefferson,44,4320,594,106645
2021-02-10,Jefferson,32,4352,935,107580
2021-02-11,Jefferson,32,4384,786,108366
2021-02-12,Jefferson,29,4413,1126,109492
2021-02-13,Jefferson,34,4447,556,110048
2021-02-14,Jefferson,26,4473,368,110416
2021-02-15,Jefferson,21,4494,285,110701
2021-02-16,Jefferson,23,4517,372,111073
2021-02-17,Jefferson,28,4545,830,111903
2021-02-18,Jefferson,17,4562,485,112388
2021-02-19,Jefferson,20,4582,1135,113523
2021-02-20,Jefferson,40,4622,486,114009
2021-02-21,Jefferson,19,4641,389,114398
2021-02-22,Jefferson,26,4667,472,114870
2021-02-23,Jefferson,14,4681,508,115378
2021-02-24,Jefferson,43,4724,922,116300
2021-02-25,Jefferson,19,4743,714,117014
2021-02-26,Jefferson,21,4764,1189,118203
2021-02-27,Jefferson,20,4784,544,118747
2021-02-28,Jefferson,22,4806,325,119072
2021-03-01,Jefferson,10,4816,479,119551
2021-03-02,Jefferson,20,4836,415,119966
2021-03-03,Jefferson,16,4852,776,120742
2021-03-04,Jefferson,20,4872,603,121345
2021-03-05,Jefferson,19,4891,947,122292
2021-03-06,Jefferson,19,4910,502,122794
2021-03-07,Jefferson,10,4920,296,123090
2021-03-08,Jefferson,24,4944,345,123435
2021-03-09,Jefferson,9,4953,318,123753
2021-03-10,Jefferson,12,4965,670,124423
2021-03-11,Jefferson,28,4993,770,125193
2021-03-12,Jefferson,12,5005,1074,126267
2021-03-13,Jefferson,7,5012,390,126657
2021-03-14,Jefferson,12,5024,290,126947
2021-03-15,Jefferson,18,5042,490,127437
2021-03-16,Jefferson,8,5050,338,127775
2021-03-17,Jefferson,13,5063,610,128385
2021-03-18,Jefferson,10,5073,569,128954
2021-03-19,Jefferson,11,5084,961,129915
2021-03-20,Jefferson,17,5101,462,130377
2021-03-21,Jefferson,4,5105,224,130601
2021-03-22,Jefferson,16,5121,484,131085
2021-03-23,Jefferson,14,5135,331,131416
2021-03-24,Jefferson,18,5153,796,132212
2021-03-25,Jefferson,8,5161,837,133049
2021-03-26,Jefferson,15,5176,824,133873
2021-03-27,Jefferson,15,5191,416,134289
2021-03-28,Jefferson,3,5194,373,134662
2021-03-29,Jefferson,9,5203,360,135022
2021-03-30,Jefferson,13,5216,595,135617
2021-03-31,Jefferson,15,5231,691,136308
2021-04-01,Jefferson,13,5244,968,137276
2021-04-02,Jefferson,13,5257,717,137993
2021-04-03,Jefferson,17,5274,529,138522
2021-04-04,Jefferson,5,5279,493,139015
2021-04-05,Jefferson,10,5289,339,139354
2021-04-06,Jefferson,16,5305,552,139906
2021-04-07,Jefferson,26,5331,521,140427
2021-04-08,Jefferson,14,5345,856,141283
2021-04-09,Jefferson,17,5362,930,142213
2021-04-10,Jefferson,15,5377,480,142693
2021-04-11,Jefferson,4,5381,196,142889
2021-04-12,Jefferson,11,5392,478,143367
2021-04-13,Jefferson,16,5408,541,143908
2021-04-14,Jefferson,16,5424,864,144772
2021-04-15,Jefferson,17,5441,642,145414
2021-04-16,Jefferson,14,5455,846,146260
2021-04-17,Jefferson,10,5465,609,146869
2021-04-18,Jefferson,6,5471,249,147118
2021-04-19,Jefferson,4,5475,313,147431
2021-04-20,Jefferson,12,5487,895,148326
2021-04-21,Jefferson,26,5513,683,149009
2021-04-22,Jefferson,18,5531,880,149889
2021-04-23,Jefferson,6,5537,768,150657
2021-04-24,Jefferson,7,5544,354,151011
2021-04-25,Jefferson,5,5549,296,151307
2021-04-26,Jefferson,12,5561,362,151669
2021-04-27,Jefferson,12,5573,519,152188
2021-04-28,Jefferson,33,5606,1042,153230
2021-04-29,Jefferson,29,5635,872,154102
2021-04-30,Jefferson,33,5668,929,155031
2021-05-01,Jefferson,8,5676,580,155611
2021-05-02,Jefferson,14,5690,362,155973
2021-05-03,Jefferson,17,5707,515,156488
2021-05-04,Jefferson,21,5728,508,156996
2021-05-05,Jefferson,18,5746,751,157747
2021-05-06,Jefferson,21,5767,524,158271
2021-05-07,Jefferson,36,5803,787,159058
2021-05-08,Jefferson,18,5821,352,159410
2021-05-09,Jefferson,8,5829,253,159663
2021-05-10,Jefferson,18,5847,346,160009
2021-05-11,Jefferson,15,5862,804,160813
2021-05-12,Jefferson,22,5884,618,161431
2021-05-13,Jefferson,19,5903,639,162070
2021-05-14,Jefferson,28,5931,927,162997
2021-05-15,Jefferson,11,5942,400,163397
2021-05-16,Jefferson,11,5953,378,163775
2021-05-17,Jefferson,11,5964,260,164035
2021-05-18,Jefferson,20,5984,957,164992
2021-05-19,Jefferson,16,6000,577,165569
2021-05-20,Jefferson,8,6008,639,166208
2021-05-21,Jefferson,7,6015,1056,167264
2021-05-22,Jefferson,12,6027,399,167663
2021-05-23,Jefferson,6,6033,198,167861
2021-05-24,Jefferson,8,6041,303,168164
2021-05-25,Jefferson,6,6047,717,168881
2021-05-26,Jefferson,7,6054,569,169450
2021-05-27,Jefferson,4,6058,321,169771
2021-05-28,Jefferson,10,6068,727,170498
2021-05-29,Jefferson,5,6073,293,170791
2021-05-30,Jefferson,5,6078,191,170982
2021-05-31,Jefferson,2,6080,249,171231
2021-06-01,Jefferson,1,6081,154,171385
2021-06-02,Jefferson,6,6087,342,171727
2021-06-03,Jefferson,3,6090,828,172555
2021-06-04,Jefferson,5,6095,798,173353
2021-06-05,Jefferson,3,6098,727,174080
2021-06-06,Jefferson,3,6101,218,174298
2021-06-07,Jefferson,7,6108,227,174525
2021-06-08,Jefferson,5,6113,499,175024
2021-06-09,Jefferson,4,6117,540,175564
2021-06-10,Jefferson,5,6122,316,175880
2021-06-11,Jefferson,6,6128,502,176382
2021-06-12,Jefferson,2,6130,250,176632
2021-06-13,Jefferson,1,6131,112,176744
2021-06-14,Jefferson,5,6136,208,176952
2021-06-15,Jefferson,3,6139,493,177445
2021-06-16,Jefferson,10,6149,512,177957
2021-06-17,Jefferson,0,6149,210,178167
2021-06-18,Jefferson,6,6155,352,178519
2021-06-19,Jefferson,0,6155,213,178732
2021-06-20,Jefferson,1,6156,152,178884
2021-06-21,Jefferson,1,6157,278,179162
2021-06-22,Jefferson,2,6159,237,179399
2021-06-23,Jefferson,1,6160,281,179680
2021-06-24,Jefferson,2,6162,266,179946
2021-06-25,Jefferson,1,6163,287,180233
2021-06-26,Jefferson,3,6166,288,180521
2021-06-27,Jefferson,3,6169,220,180741
2021-06-28,Jefferson,2,6171,167,180908
2021-06-29,Jefferson,3,6174,270,181178
2021-06-30,Jefferson,2,6176,236,181414
2021-07-01,Jefferson,5,6181,270,181684
2021-07-02,Jefferson,2,6183,243,181927
2021-07-03,Jefferson,2,6185,204,182131
2021-07-04,Jefferson,2,6187,176,182307
2021-07-05,Jefferson,5,6192,136,182443
2021-07-06,Jefferson,0,6192,128,182571
2021-07-07,Jefferson,0,6192,249,182820
2021-07-08,Jefferson,2,6194,271,183091
2021-07-09,Jefferson,0,6194,250,183341
2021-07-10,Jefferson,1,6195,167,183508
2021-07-11,Jefferson,2,6197,246,183754
2021-07-12,Jefferson,3,6200,142,183896
2021-07-13,Jefferson,2,6202,202,184098
2021-07-14,Jefferson,6,6208,255,184353
2021-07-15,Jefferson,3,6211,145,184498
2021-07-16,Jefferson,1,6212,216,184714
2021-07-17,Jefferson,2,6214,242,184956
2021-07-18,Jefferson,0,6214,143,185099
2020-03-01,Kings,0,0,0,0
2020-03-02,Kings,0,0,0,0
2020-03-03,Kings,0,0,2,2
2020-03-04,Kings,1,1,4,6
2020-03-05,Kings,0,1,7,13
2020-03-06,Kings,3,4,12,25
2020-03-07,Kings,0,4,9,34
2020-03-08,Kings,2,6,10,44
2020-03-09,Kings,1,7,31,75
2020-03-10,Kings,7,14,29,104
2020-03-11,Kings,2,16,24,128
2020-03-12,Kings,8,24,59,187
2020-03-13,Kings,17,41,136,323
2020-03-14,Kings,17,58,99,422
2020-03-15,Kings,26,84,166,588
2020-03-16,Kings,39,123,171,759
2020-03-17,Kings,264,387,741,1500
2020-03-18,Kings,273,660,795,2295
2020-03-19,Kings,674,1334,1553,3848
2020-03-20,Kings,538,1872,1378,5226
2020-03-21,Kings,893,2765,1941,7167
2020-03-22,Kings,702,3467,1506,8673
2020-03-23,Kings,700,4167,1422,10095
2020-03-24,Kings,779,4946,1474,11569
2020-03-25,Kings,755,5701,1550,13119
2020-03-26,Kings,1106,6807,1905,15024
2020-03-27,Kings,1238,8045,2254,17278
2020-03-28,Kings,973,9018,1790,19068
2020-03-29,Kings,1011,10029,1627,20695
2020-03-30,Kings,1888,11917,3113,23808
2020-03-31,Kings,1198,13115,2011,25819
2020-04-01,Kings,1189,14304,2041,27860
2020-04-02,Kings,1396,15700,2512,30372
2020-04-03,Kings,1804,17504,3234,33606
2020-04-04,Kings,1054,18558,1990,35596
2020-04-05,Kings,1144,19702,2013,37609
2020-04-06,Kings,1177,20879,2245,39854
2020-04-07,Kings,1203,22082,2607,42461
2020-04-08,Kings,1312,23394,2565,45026
2020-04-09,Kings,1321,24715,2578,47604
2020-04-10,Kings,1528,26243,2887,50491
2020-04-11,Kings,1228,27471,2670,53161
2020-04-12,Kings,933,28404,2029,55190
2020-04-13,Kings,902,29306,2055,57245
2020-04-14,Kings,2663,31969,5103,62348
2020-04-15,Kings,1552,33521,3724,66072
2020-04-16,Kings,1184,34705,3347,69419
2020-04-17,Kings,1058,35763,3016,72435
2020-04-18,Kings,719,36482,2390,74825
2020-04-19,Kings,548,37030,1835,76660
2020-04-20,Kings,664,37694,2300,78960
2020-04-21,Kings,787,38481,2827,81787
2020-04-22,Kings,873,39354,3526,85313
2020-04-23,Kings,1294,40648,5030,90343
2020-04-24,Kings,1012,41660,4021,94364
2020-04-25,Kings,827,42487,3685,98049
2020-04-26,Kings,527,43014,2684,100733
2020-04-27,Kings,573,43587,2940,103673
2020-04-28,Kings,649,44236,3873,107546
2020-04-29,Kings,636,44872,3944,111490
2020-04-30,Kings,647,45519,3927,115417
2020-05-01,Kings,756,46275,4717,120134
2020-05-02,Kings,564,46839,3804,123938
2020-05-03,Kings,344,47183,2545,126483
2020-05-04,Kings,396,47579,3364,129847
2020-05-05,Kings,395,47974,3597,133444
2020-05-06,Kings,576,48550,5284,138728
2020-05-07,Kings,448,48998,4582,143310
2020-05-08,Kings,463,49461,4747,148057
2020-05-09,Kings,356,49817,3682,151739
2020-05-10,Kings,255,50072,2825,154564
2020-05-11,Kings,259,50331,2984,157548
2020-05-12,Kings,336,50667,4615,162163
2020-05-13,Kings,428,51095,6107,168270
2020-05-14,Kings,486,51581,5741,174011
2020-05-15,Kings,410,51991,5793,179804
2020-05-16,Kings,307,52298,4377,184181
2020-05-17,Kings,187,52485,3052,187233
2020-05-18,Kings,196,52681,4133,191366
2020-05-19,Kings,208,52889,3890,195256
2020-05-20,Kings,496,53385,7252,202508
2020-05-21,Kings,254,53639,5372,207880
2020-05-22,Kings,263,53902,6189,214069
2020-05-23,Kings,273,54175,6813,220882
2020-05-24,Kings,185,54360,4990,225872
2020-05-25,Kings,200,54560,5214,231086
2020-05-26,Kings,219,54779,5940,237026
2020-05-27,Kings,368,55147,10938,247964
2020-05-28,Kings,299,55446,10686,258650
2020-05-29,Kings,281,55727,9619,268269
2020-05-30,Kings,173,55900,7167,275436
2020-05-31,Kings,153,56053,5765,281201
2020-06-01,Kings,189,56242,7500,288701
2020-06-02,Kings,163,56405,7485,296186
2020-06-03,Kings,182,56587,7880,304066
2020-06-04,Kings,183,56770,7659,311725
2020-06-05,Kings,196,56966,9370,321095
2020-06-06,Kings,165,57131,8378,329473
2020-06-07,Kings,129,57260,7254,336727
2020-06-08,Kings,107,57367,5499,342226
2020-06-09,Kings,117,57484,8815,351041
2020-06-10,Kings,121,57605,6515,357556
2020-06-11,Kings,128,57733,8670,366226
2020-06-12,Kings,186,57919,10217,376443
2020-06-13,Kings,140,58059,9012,385455
2020-06-14,Kings,118,58177,8880,394335
2020-06-15,Kings,97,58274,8034,402369
2020-06-16,Kings,112,58386,8472,410841
2020-06-17,Kings,116,58502,10052,420893
2020-06-18,Kings,132,58634,10964,431857
2020-06-19,Kings,127,58761,10520,442377
2020-06-20,Kings,113,58874,9864,452241
2020-06-21,Kings,75,58949,7192,459433
2020-06-22,Kings,98,59047,5819,465252
2020-06-23,Kings,64,59111,6732,471984
2020-06-24,Kings,95,59206,7602,479586
2020-06-25,Kings,105,59311,7450,487036
2020-06-26,Kings,109,59420,10239,497275
2020-06-27,Kings,87,59507,8508,505783
2020-06-28,Kings,69,59576,5378,511161
2020-06-29,Kings,74,59650,6646,517807
2020-06-30,Kings,92,59742,7756,525563
2020-07-01,Kings,113,59855,9252,534815
2020-07-02,Kings,102,59957,8649,543464
2020-07-03,Kings,121,60078,7506,550970
2020-07-04,Kings,71,60149,7534,558504
2020-07-05,Kings,62,60211,7273,565777
2020-07-06,Kings,70,60281,7673,573450
2020-07-07,Kings,105,60386,6914,580364
2020-07-08,Kings,75,60461,7228,587592
2020-07-09,Kings,99,60560,8795,596387
2020-07-10,Kings,87,60647,7543,603930
2020-07-11,Kings,101,60748,7261,611191
2020-07-12,Kings,67,60815,5925,617116
2020-07-13,Kings,89,60904,5637,622753
2020-07-14,Kings,108,61012,7601,630354
2020-07-15,Kings,112,61124,8189,638543
2020-07-16,Kings,109,61233,10677,649220
2020-07-17,Kings,118,61351,9343,658563
2020-07-18,Kings,81,61432,6260,664823
2020-07-19,Kings,56,61488,5904,670727
2020-07-20,Kings,80,61568,8084,678811
2020-07-21,Kings,94,61662,8182,686993
2020-07-22,Kings,90,61752,8779,695772
2020-07-23,Kings,72,61824,9523,705295
2020-07-24,Kings,102,61926,7669,712964
2020-07-25,Kings,62,61988,6610,719574
2020-07-26,Kings,65,62053,7052,726626
2020-07-27,Kings,57,62110,6374,733000
2020-07-28,Kings,84,62194,8815,741815
2020-07-29,Kings,101,62295,9160,750975
2020-07-30,Kings,90,62385,9095,760070
2020-07-31,Kings,109,62494,10667,770737
2020-08-01,Kings,83,62577,7441,778178
2020-08-02,Kings,64,62641,6911,785089
2020-08-03,Kings,74,62715,7510,792599
2020-08-04,Kings,75,62790,8138,800737
2020-08-05,Kings,100,62890,8929,809666
2020-08-06,Kings,109,62999,8735,818401
2020-08-07,Kings,87,63086,9201,827602
2020-08-08,Kings,69,63155,7685,835287
2020-08-09,Kings,68,63223,6590,841877
2020-08-10,Kings,85,63308,7833,849710
2020-08-11,Kings,102,63410,13378,863088
2020-08-12,Kings,132,63542,11994,875082
2020-08-13,Kings,94,63636,11535,886617
2020-08-14,Kings,143,63779,11157,897774
2020-08-15,Kings,82,63861,9558,907332
2020-08-16,Kings,52,63913,7179,914511
2020-08-17,Kings,89,64002,6633,921144
2020-08-18,Kings,80,64082,9135,930279
2020-08-19,Kings,80,64162,8865,939144
2020-08-20,Kings,74,64236,10187,949331
2020-08-21,Kings,65,64301,10756,960087
2020-08-22,Kings,74,64375,9136,969223
2020-08-23,Kings,47,64422,7826,977049
2020-08-24,Kings,73,64495,7208,984257
2020-08-25,Kings,77,64572,7983,992240
2020-08-26,Kings,92,64664,9336,1001576
2020-08-27,Kings,90,64754,12225,1013801
2020-08-28,Kings,103,64857,10972,1024773
2020-08-29,Kings,73,64930,11050,1035823
2020-08-30,Kings,68,64998,6957,1042780
2020-08-31,Kings,120,65118,9322,1052102
2020-09-01,Kings,83,65201,9607,1061709
2020-09-02,Kings,127,65328,10442,1072151
2020-09-03,Kings,112,65440,13256,1085407
2020-09-04,Kings,100,65540,10629,1096036
2020-09-05,Kings,86,65626,11109,1107145
2020-09-06,Kings,74,65700,7350,1114495
2020-09-07,Kings,57,65757,6683,1121178
2020-09-08,Kings,62,65819,8221,1129399
2020-09-09,Kings,110,65929,9082,1138481
2020-09-10,Kings,80,66009,9839,1148320
2020-09-11,Kings,115,66124,11402,1159722
2020-09-12,Kings,73,66197,7592,1167314
2020-09-13,Kings,77,66274,7304,1174618
2020-09-14,Kings,107,66381,7997,1182615
2020-09-15,Kings,87,66468,9006,1191621
2020-09-16,Kings,118,66586,8620,1200241
2020-09-17,Kings,151,66737,10338,1210579
2020-09-18,Kings,234,66971,13785,1224364
2020-09-19,Kings,165,67136,12173,1236537
2020-09-20,Kings,91,67227,7210,1243747
2020-09-21,Kings,164,67391,11982,1255729
2020-09-22,Kings,119,67510,7472,1263201
2020-09-23,Kings,207,67717,11102,1274303
2020-09-24,Kings,175,67892,10044,1284347
2020-09-25,Kings,203,68095,12389,1296736
2020-09-26,Kings,184,68279,9241,1305977
2020-09-27,Kings,183,68462,6981,1312958
2020-09-28,Kings,196,68658,11496,1324454
2020-09-29,Kings,186,68844,10547,1335001
2020-09-30,Kings,218,69062,11390,1346391
2020-10-01,Kings,257,69319,13484,1359875
2020-10-02,Kings,358,69677,15896,1375771
2020-10-03,Kings,256,69933,10882,1386653
2020-10-04,Kings,198,70131,7790,1394443
2020-10-05,Kings,223,70354,10652,1405095
2020-10-06,Kings,262,70616,11670,1416765
2020-10-07,Kings,283,70899,17061,1433826
2020-10-08,Kings,300,71199,15913,1449739
2020-10-09,Kings,236,71435,16528,1466267
2020-10-10,Kings,200,71635,13012,1479279
2020-10-11,Kings,121,71756,10104,1489383
2020-10-12,Kings,185,71941,12300,1501683
2020-10-13,Kings,218,72159,11198,1512881
2020-10-14,Kings,210,72369,17754,1530635
2020-10-15,Kings,229,72598,16348,1546983
2020-10-16,Kings,296,72894,20191,1567174
2020-10-17,Kings,229,73123,15572,1582746
2020-10-18,Kings,140,73263,9451,1592197
2020-10-19,Kings,170,73433,9545,1601742
2020-10-20,Kings,333,73766,15168,1616910
2020-10-21,Kings,169,73935,14185,1631095
2020-10-22,Kings,179,74114,17870,1648965
2020-10-23,Kings,225,74339,16840,1665805
2020-10-24,Kings,214,74553,14425,1680230
2020-10-25,Kings,150,74703,9490,1689720
2020-10-26,Kings,200,74903,11831,1701551
2020-10-27,Kings,266,75169,16524,1718075
2020-10-28,Kings,348,75517,20517,1738592
2020-10-29,Kings,262,75779,16919,1755511
2020-10-30,Kings,206,75985,14343,1769854
2020-10-31,Kings,253,76238,17552,1787406
2020-11-01,Kings,208,76446,11520,1798926
2020-11-02,Kings,217,76663,15312,1814238
2020-11-03,Kings,325,76988,20383,1834621
2020-11-04,Kings,353,77341,20703,1855324
2020-11-05,Kings,368,77709,18826,1874150
2020-11-06,Kings,349,78058,19342,1893492
2020-11-07,Kings,356,78414,18824,1912316
2020-11-08,Kings,331,78745,13287,1925603
2020-11-09,Kings,328,79073,17228,1942831
2020-11-10,Kings,485,79558,17933,1960764
2020-11-11,Kings,450,80008,19871,1980635
2020-11-12,Kings,483,80491,21782,2002417
2020-11-13,Kings,455,80946,21871,2024288
2020-11-14,Kings,425,81371,19932,2044220
2020-11-15,Kings,315,81686,16712,2060932
2020-11-16,Kings,404,82090,17493,2078425
2020-11-17,Kings,453,82543,17351,2095776
2020-11-18,Kings,540,83083,22956,2118732
2020-11-19,Kings,525,83608,24164,2142896
2020-11-20,Kings,522,84130,21922,2164818
2020-11-21,Kings,479,84609,24041,2188859
2020-11-22,Kings,499,85108,18796,2207655
2020-11-23,Kings,453,85561,18642,2226297
2020-11-24,Kings,491,86052,19803,2246100
2020-11-25,Kings,576,86628,25758,2271858
2020-11-26,Kings,759,87387,27307,2299165
2020-11-27,Kings,592,87979,20412,2319577
2020-11-28,Kings,502,88481,17394,2336971
2020-11-29,Kings,646,89127,18455,2355426
2020-11-30,Kings,624,89751,15853,2371279
2020-12-01,Kings,841,90592,20366,2391645
2020-12-02,Kings,1055,91647,24518,2416163
2020-12-03,Kings,948,92595,21790,2437953
2020-12-04,Kings,913,93508,22968,2460921
2020-12-05,Kings,804,94312,22710,2483631
2020-12-06,Kings,735,95047,18400,2502031
2020-12-07,Kings,973,96020,21118,2523149
2020-12-08,Kings,1073,97093,27802,2550951
2020-12-09,Kings,952,98045,22420,2573371
2020-12-10,Kings,869,98914,22770,2596141
2020-12-11,Kings,1227,100141,32482,2628623
2020-12-12,Kings,861,101002,22250,2650873
2020-12-13,Kings,830,101832,19132,2670005
2020-12-14,Kings,1163,102995,25232,2695237
2020-12-15,Kings,974,103969,19301,2714538
2020-12-16,Kings,1037,105006,23680,2738218
2020-12-17,Kings,1349,106355,33608,2771826
2020-12-18,Kings,1037,107392,24094,2795920
2020-12-19,Kings,938,108330,23164,2819084
2020-12-20,Kings,1009,109339,20487,2839571
2020-12-21,Kings,988,110327,20288,2859859
2020-12-22,Kings,1346,111673,28213,2888072
2020-12-23,Kings,1452,113125,29663,2917735
2020-12-24,Kings,1177,114302,25299,2943034
2020-12-25,Kings,1225,115527,27620,2970654
2020-12-26,Kings,856,116383,15330,2985984
2020-12-27,Kings,1034,117417,15197,3001181
2020-12-28,Kings,1335,118752,23317,3024498
2020-12-29,Kings,1456,120208,20606,3045104
2020-12-30,Kings,1767,121975,26297,3071401
2020-12-31,Kings,1449,123424,24505,3095906
2021-01-01,Kings,1385,124809,23897,3119803
2021-01-02,Kings,846,125655,16005,3135808
2021-01-03,Kings,1028,126683,16433,3152241
2021-01-04,Kings,1384,128067,19498,3171739
2021-01-05,Kings,1572,129639,22417,3194156
2021-01-06,Kings,1858,131497,27980,3222136
2021-01-07,Kings,1788,133285,27561,3249697
2021-01-08,Kings,1678,134963,30912,3280609
2021-01-09,Kings,1522,136485,31661,3312270
2021-01-10,Kings,1474,137959,25639,3337909
2021-01-11,Kings,1713,139672,25260,3363169
2021-01-12,Kings,1863,141535,26897,3390066
2021-01-13,Kings,1543,143078,26312,3416378
2021-01-14,Kings,2346,145424,41508,3457886
2021-01-15,Kings,1828,147252,34529,3492415
2021-01-16,Kings,1668,148920,31524,3523939
2021-01-17,Kings,1543,150463,24613,3548552
2021-01-18,Kings,1510,151973,23319,3571871
2021-01-19,Kings,1870,153843,28694,3600565
2021-01-20,Kings,1581,155424,25534,3626099
2021-01-21,Kings,1836,157260,34873,3660972
2021-01-22,Kings,1596,158856,31588,3692560
2021-01-23,Kings,1513,160369,31974,3724534
2021-01-24,Kings,1595,161964,27854,3752388
2021-01-25,Kings,1372,163336,19888,3772276
2021-01-26,Kings,1600,164936,28205,3800481
2021-01-27,Kings,1831,166767,33526,3834007
2021-01-28,Kings,1738,168505,32535,3866542
2021-01-29,Kings,1810,170315,34295,3900837
2021-01-30,Kings,1521,171836,31525,3932362
2021-01-31,Kings,1231,173067,22449,3954811
2021-02-01,Kings,1274,174341,20989,3975800
2021-02-02,Kings,808,175149,14483,3990283
2021-02-03,Kings,990,176139,17610,4007893
2021-02-04,Kings,1217,177356,21930,4029823
2021-02-05,Kings,1538,178894,30118,4059941
2021-02-06,Kings,1456,180350,29899,4089840
2021-02-07,Kings,1261,181611,23679,4113519
2021-02-08,Kings,1357,182968,18559,4132078
2021-02-09,Kings,1026,183994,21307,4153385
2021-02-10,Kings,1609,185603,32570,4185955
2021-02-11,Kings,1154,186757,31166,4217121
2021-02-12,Kings,1315,188072,30357,4247478
2021-02-13,Kings,1105,189177,27414,4274892
2021-02-14,Kings,961,190138,19665,4294557
2021-02-15,Kings,1137,191275,19882,4314439
2021-02-16,Kings,965,192240,21613,4336052
2021-02-17,Kings,1029,193269,29725,4365777
2021-02-18,Kings,1414,194683,29887,4395664
2021-02-19,Kings,1274,195957,28792,4424456
2021-02-20,Kings,1029,196986,22306,4446762
2021-02-21,Kings,947,197933,18765,4465527
2021-02-22,Kings,1039,198972,16448,4481975
2021-02-23,Kings,1299,200271,33093,4515068
2021-02-24,Kings,1311,201582,30725,4545793
2021-02-25,Kings,1374,202956,35255,4581048
2021-02-26,Kings,1306,204262,33471,4614519
2021-02-27,Kings,1134,205396,31529,4646048
2021-02-28,Kings,1025,206421,22226,4668274
2021-03-01,Kings,966,207387,14684,4682958
2021-03-02,Kings,1478,208865,31341,4714299
2021-03-03,Kings,1209,210074,31249,4745548
2021-03-04,Kings,1439,211513,40837,4786385
2021-03-05,Kings,1273,212786,34297,4820682
2021-03-06,Kings,1049,213835,23868,4844550
2021-03-07,Kings,776,214611,15966,4860516
2021-03-08,Kings,1158,215769,27198,4887714
2021-03-09,Kings,1066,216835,28091,4915805
2021-03-10,Kings,1173,218008,29740,4945545
2021-03-11,Kings,1572,219580,35816,4981361
2021-03-12,Kings,1109,220689,26066,5007427
2021-03-13,Kings,925,221614,21098,5028525
2021-03-14,Kings,908,222522,14958,5043483
2021-03-15,Kings,1079,223601,21838,5065321
2021-03-16,Kings,1711,225312,46316,5111637
2021-03-17,Kings,1226,226538,29446,5141083
2021-03-18,Kings,1400,227938,33521,5174604
2021-03-19,Kings,1075,229013,31215,5205819
2021-03-20,Kings,1244,230257,27757,5233576
2021-03-21,Kings,950,231207,18730,5252306
2021-03-22,Kings,1182,232389,23351,5275657
2021-03-23,Kings,1209,233598,28869,5304526
2021-03-24,Kings,1318,234916,29788,5334314
2021-03-25,Kings,1425,236341,34957,5369271
2021-03-26,Kings,1092,237433,27109,5396380
2021-03-27,Kings,1547,238980,35139,5431519
2021-03-28,Kings,1014,239994,22432,5453951
2021-03-29,Kings,920,240914,20616,5474567
2021-03-30,Kings,1202,242116,25207,5499774
2021-03-31,Kings,1266,243382,28051,5527825
2021-04-01,Kings,1113,244495,27592,5555417
2021-04-02,Kings,1118,245613,26945,5582362
2021-04-03,Kings,1097,246710,24418,5606780
2021-04-04,Kings,880,247590,19069,5625849
2021-04-05,Kings,985,248575,17879,5643728
2021-04-06,Kings,1130,249705,27505,5671233
2021-04-07,Kings,1079,250784,31690,5702923
2021-04-08,Kings,1369,252153,35206,5738129
2021-04-09,Kings,979,253132,33331,5771460
2021-04-10,Kings,1006,254138,30267,5801727
2021-04-11,Kings,679,254817,15612,5817339
2021-04-12,Kings,739,255556,14811,5832150
2021-04-13,Kings,1174,256730,31012,5863162
2021-04-14,Kings,866,257596,22794,5885956
2021-04-15,Kings,1154,258750,32068,5918024
2021-04-16,Kings,1367,260117,47155,5965179
2021-04-17,Kings,815,260932,28330,5993509
2021-04-18,Kings,667,261599,17888,6011397
2021-04-19,Kings,576,262175,13823,6025220
2021-04-20,Kings,679,262854,25867,6051087
2021-04-21,Kings,680,263534,27737,6078824
2021-04-22,Kings,780,264314,31263,6110087
2021-04-23,Kings,639,264953,29683,6139770
2021-04-24,Kings,674,265627,29105,6168875
2021-04-25,Kings,469,266096,14811,6183686
2021-04-26,Kings,425,266521,12305,6195991
2021-04-27,Kings,466,266987,26832,6222823
2021-04-28,Kings,535,267522,27431,6250254
2021-04-29,Kings,554,268076,25104,6275358
2021-04-30,Kings,549,268625,28976,6304334
2021-05-01,Kings,458,269083,24301,6328635
2021-05-02,Kings,297,269380,12337,6340972
2021-05-03,Kings,282,269662,13302,6354274
2021-05-04,Kings,372,270034,22288,6376562
2021-05-05,Kings,343,270377,24118,6400680
2021-05-06,Kings,297,270674,23825,6424505
2021-05-07,Kings,413,271087,32297,6456802
2021-05-08,Kings,289,271376,22437,6479239
2021-05-09,Kings,197,271573,12574,6491813
2021-05-10,Kings,165,271738,12608,6504421
2021-05-11,Kings,227,271965,28507,6532928
2021-05-12,Kings,294,272259,24881,6557809
2021-05-13,Kings,249,272508,25254,6583063
2021-05-14,Kings,198,272706,23055,6606118
2021-05-15,Kings,174,272880,22705,6628823
2021-05-16,Kings,159,273039,11680,6640503
2021-05-17,Kings,121,273160,11688,6652191
2021-05-18,Kings,167,273327,19737,6671928
2021-05-19,Kings,154,273481,24618,6696546
2021-05-20,Kings,245,273726,25395,6721941
2021-05-21,Kings,156,273882,22684,6744625
2021-05-22,Kings,154,274036,20407,6765032
2021-05-23,Kings,106,274142,10926,6775958
2021-05-24,Kings,95,274237,9747,6785705
2021-05-25,Kings,104,274341,21992,6807697
2021-05-26,Kings,126,274467,23698,6831395
2021-05-27,Kings,114,274581,22676,6854071
2021-05-28,Kings,81,274662,20011,6874082
2021-05-29,Kings,82,274744,18026,6892108
2021-05-30,Kings,56,274800,8645,6900753
2021-05-31,Kings,53,274853,7516,6908269
2021-06-01,Kings,57,274910,16703,6924972
2021-06-02,Kings,81,274991,19910,6944882
2021-06-03,Kings,102,275093,27291,6972173
2021-06-04,Kings,68,275161,16502,6988675
2021-06-05,Kings,72,275233,19124,7007799
2021-06-06,Kings,38,275271,9250,7017049
2021-06-07,Kings,59,275330,9510,7026559
2021-06-08,Kings,64,275394,18579,7045138
2021-06-09,Kings,83,275477,20623,7065761
2021-06-10,Kings,68,275545,18495,7084256
2021-06-11,Kings,71,275616,21137,7105393
2021-06-12,Kings,43,275659,18068,7123461
2021-06-13,Kings,36,275695,8305,7131766
2021-06-14,Kings,47,275742,8544,7140310
2021-06-15,Kings,54,275796,17933,7158243
2021-06-16,Kings,48,275844,19203,7177446
2021-06-17,Kings,56,275900,18850,7196296
2021-06-18,Kings,47,275947,17847,7214143
2021-06-19,Kings,48,275995,15313,7229456
2021-06-20,Kings,41,276036,8295,7237751
2021-06-21,Kings,38,276074,8156,7245907
2021-06-22,Kings,49,276123,16269,7262176
2021-06-23,Kings,52,276175,19082,7281258
2021-06-24,Kings,57,276232,14710,7295968
2021-06-25,Kings,65,276297,15024,7310992
2021-06-26,Kings,55,276352,12857,7323849
2021-06-27,Kings,43,276395,8379,7332228
2021-06-28,Kings,54,276449,7915,7340143
2021-06-29,Kings,49,276498,14201,7354344
2021-06-30,Kings,70,276568,12483,7366827
2021-07-01,Kings,69,276637,11577,7378404
2021-07-02,Kings,92,276729,13954,7392358
2021-07-03,Kings,62,276791,11080,7403438
2021-07-04,Kings,61,276852,8012,7411450
2021-07-05,Kings,35,276887,5890,7417340
2021-07-06,Kings,84,276971,7885,7425225
2021-07-07,Kings,138,277109,16936,7442161
2021-07-08,Kings,184,277293,14728,7456889
2021-07-09,Kings,119,277412,13321,7470210
2021-07-10,Kings,123,277535,12216,7482426
2021-07-11,Kings,111,277646,8380,7490806
2021-07-12,Kings,107,277753,8838,7499644
2021-07-13,Kings,159,277912,13199,7512843
2021-07-14,Kings,185,278097,14297,7527140
2021-07-15,Kings,208,278305,14977,7542117
2021-07-16,Kings,262,278567,13938,7556055
2021-07-17,Kings,200,278767,13387,7569442
2021-07-18,Kings,141,278908,23240,7592682
2020-03-01,Lewis,0,0,0,0
2020-03-02,Lewis,0,0,0,0
2020-03-03,Lewis,0,0,0,0
2020-03-04,Lewis,0,0,0,0
2020-03-05,Lewis,0,0,0,0
2020-03-06,Lewis,0,0,0,0
2020-03-07,Lewis,0,0,0,0
2020-03-08,Lewis,0,0,0,0
2020-03-09,Lewis,0,0,0,0
2020-03-10,Lewis,0,0,0,0
2020-03-11,Lewis,0,0,0,0
2020-03-12,Lewis,0,0,0,0
2020-03-13,Lewis,0,0,1,1
2020-03-14,Lewis,0,0,0,1
2020-03-15,Lewis,0,0,2,3
2020-03-16,Lewis,0,0,0,3
2020-03-17,Lewis,0,0,1,4
2020-03-18,Lewis,0,0,0,4
2020-03-19,Lewis,0,0,2,6
2020-03-20,Lewis,0,0,1,7
2020-03-21,Lewis,0,0,4,11
2020-03-22,Lewis,0,0,4,15
2020-03-23,Lewis,0,0,5,20
2020-03-24,Lewis,0,0,0,20
2020-03-25,Lewis,0,0,5,25
2020-03-26,Lewis,0,0,5,30
2020-03-27,Lewis,0,0,6,36
2020-03-28,Lewis,2,2,7,43
2020-03-29,Lewis,0,2,16,59
2020-03-30,Lewis,0,2,5,64
2020-03-31,Lewis,0,2,3,67
2020-04-01,Lewis,0,2,5,72
2020-04-02,Lewis,0,2,5,77
2020-04-03,Lewis,0,2,5,82
2020-04-04,Lewis,1,3,19,101
2020-04-05,Lewis,3,6,11,112
2020-04-06,Lewis,0,6,11,123
2020-04-07,Lewis,0,6,6,129
2020-04-08,Lewis,0,6,8,137
2020-04-09,Lewis,0,6,23,160
2020-04-10,Lewis,0,6,0,160
2020-04-11,Lewis,0,6,6,166
2020-04-12,Lewis,0,6,3,169
2020-04-13,Lewis,1,7,11,180
2020-04-14,Lewis,0,7,0,180
2020-04-15,Lewis,1,8,7,187
2020-04-16,Lewis,0,8,2,189
2020-04-17,Lewis,0,8,0,189
2020-04-18,Lewis,0,8,14,203
2020-04-19,Lewis,1,9,7,210
2020-04-20,Lewis,0,9,1,211
2020-04-21,Lewis,0,9,1,212
2020-04-22,Lewis,0,9,8,220
2020-04-23,Lewis,0,9,3,223
2020-04-24,Lewis,0,9,41,264
2020-04-25,Lewis,0,9,12,276
2020-04-26,Lewis,0,9,14,290
2020-04-27,Lewis,0,9,6,296
2020-04-28,Lewis,0,9,4,300
2020-04-29,Lewis,0,9,14,314
2020-04-30,Lewis,0,9,4,318
2020-05-01,Lewis,0,9,12,330
2020-05-02,Lewis,0,9,1,331
2020-05-03,Lewis,0,9,9,340
2020-05-04,Lewis,0,9,6,346
2020-05-05,Lewis,0,9,4,350
2020-05-06,Lewis,1,10,25,375
2020-05-07,Lewis,0,10,20,395
2020-05-08,Lewis,1,11,85,480
2020-05-09,Lewis,0,11,95,575
2020-05-10,Lewis,0,11,65,640
2020-05-11,Lewis,0,11,16,656
2020-05-12,Lewis,0,11,10,666
2020-05-13,Lewis,1,12,31,697
2020-05-14,Lewis,0,12,236,933
2020-05-15,Lewis,1,13,108,1041
2020-05-16,Lewis,3,16,62,1103
2020-05-17,Lewis,1,17,123,1226
2020-05-18,Lewis,1,18,27,1253
2020-05-19,Lewis,0,18,34,1287
2020-05-20,Lewis,0,18,176,1463
2020-05-21,Lewis,1,19,101,1564
2020-05-22,Lewis,0,19,62,1626
2020-05-23,Lewis,0,19,77,1703
2020-05-24,Lewis,0,19,43,1746
2020-05-25,Lewis,1,20,25,1771
2020-05-26,Lewis,0,20,22,1793
2020-05-27,Lewis,0,20,34,1827
2020-05-28,Lewis,0,20,148,1975
2020-05-29,Lewis,0,20,77,2052
2020-05-30,Lewis,0,20,51,2103
2020-05-31,Lewis,0,20,64,2167
2020-06-01,Lewis,0,20,70,2237
2020-06-02,Lewis,0,20,93,2330
2020-06-03,Lewis,0,20,72,2402
2020-06-04,Lewis,0,20,178,2580
2020-06-05,Lewis,0,20,109,2689
2020-06-06,Lewis,0,20,59,2748
2020-06-07,Lewis,0,20,115,2863
2020-06-08,Lewis,0,20,29,2892
2020-06-09,Lewis,0,20,64,2956
2020-06-10,Lewis,0,20,138,3094
2020-06-11,Lewis,0,20,126,3220
2020-06-12,Lewis,0,20,71,3291
2020-06-13,Lewis,0,20,64,3355
2020-06-14,Lewis,0,20,70,3425
2020-06-15,Lewis,0,20,21,3446
2020-06-16,Lewis,1,21,32,3478
2020-06-17,Lewis,0,21,109,3587
2020-06-18,Lewis,0,21,94,3681
2020-06-19,Lewis,1,22,74,3755
2020-06-20,Lewis,1,23,61,3816
2020-06-21,Lewis,0,23,76,3892
2020-06-22,Lewis,1,24,18,3910
2020-06-23,Lewis,0,24,32,3942
2020-06-24,Lewis,1,25,89,4031
2020-06-25,Lewis,1,26,91,4122
2020-06-26,Lewis,0,26,56,4178
2020-06-27,Lewis,3,29,89,4267
2020-06-28,Lewis,1,30,61,4328
2020-06-29,Lewis,0,30,13,4341
2020-06-30,Lewis,0,30,25,4366
2020-07-01,Lewis,0,30,38,4404
2020-07-02,Lewis,0,30,85,4489
2020-07-03,Lewis,1,31,64,4553
2020-07-04,Lewis,0,31,42,4595
2020-07-05,Lewis,0,31,17,4612
2020-07-06,Lewis,0,31,41,4653
2020-07-07,Lewis,0,31,77,4730
2020-07-08,Lewis,0,31,56,4786
2020-07-09,Lewis,0,31,33,4819
2020-07-10,Lewis,0,31,51,4870
2020-07-11,Lewis,0,31,42,4912
2020-07-12,Lewis,0,31,103,5015
2020-07-13,Lewis,1,32,23,5038
2020-07-14,Lewis,0,32,72,5110
2020-07-15,Lewis,0,32,46,5156
2020-07-16,Lewis,0,32,78,5234
2020-07-17,Lewis,0,32,68,5302
2020-07-18,Lewis,1,33,46,5348
2020-07-19,Lewis,0,33,32,5380
2020-07-20,Lewis,0,33,76,5456
2020-07-21,Lewis,0,33,80,5536
2020-07-22,Lewis,1,34,173,5709
2020-07-23,Lewis,0,34,65,5774
2020-07-24,Lewis,0,34,99,5873
2020-07-25,Lewis,0,34,119,5992
2020-07-26,Lewis,0,34,94,6086
2020-07-27,Lewis,0,34,35,6121
2020-07-28,Lewis,0,34,55,6176
2020-07-29,Lewis,0,34,128,6304
2020-07-30,Lewis,0,34,49,6353
2020-07-31,Lewis,0,34,65,6418
2020-08-01,Lewis,1,35,55,6473
2020-08-02,Lewis,0,35,16,6489
2020-08-03,Lewis,2,37,70,6559
2020-08-04,Lewis,0,37,34,6593
2020-08-05,Lewis,2,39,100,6693
2020-08-06,Lewis,0,39,18,6711
2020-08-07,Lewis,2,41,38,6749
2020-08-08,Lewis,0,41,56,6805
2020-08-09,Lewis,0,41,16,6821
2020-08-10,Lewis,4,45,111,6932
2020-08-11,Lewis,1,46,61,6993
2020-08-12,Lewis,1,47,48,7041
2020-08-13,Lewis,0,47,36,7077
2020-08-14,Lewis,0,47,106,7183
2020-08-15,Lewis,0,47,82,7265
2020-08-16,Lewis,0,47,14,7279
2020-08-17,Lewis,0,47,45,7324
2020-08-18,Lewis,0,47,79,7403
2020-08-19,Lewis,0,47,71,7474
2020-08-20,Lewis,0,47,76,7550
2020-08-21,Lewis,0,47,103,7653
2020-08-22,Lewis,0,47,81,7734
2020-08-23,Lewis,0,47,23,7757
2020-08-24,Lewis,0,47,40,7797
2020-08-25,Lewis,1,48,85,7882
2020-08-26,Lewis,0,48,77,7959
2020-08-27,Lewis,0,48,75,8034
2020-08-28,Lewis,0,48,85,8119
2020-08-29,Lewis,1,49,109,8228
2020-08-30,Lewis,0,49,37,8265
2020-08-31,Lewis,0,49,66,8331
2020-09-01,Lewis,0,49,68,8399
2020-09-02,Lewis,0,49,74,8473
2020-09-03,Lewis,0,49,29,8502
2020-09-04,Lewis,0,49,42,8544
2020-09-05,Lewis,0,49,31,8575
2020-09-06,Lewis,0,49,110,8685
2020-09-07,Lewis,0,49,107,8792
2020-09-08,Lewis,1,50,35,8827
2020-09-09,Lewis,0,50,26,8853
2020-09-10,Lewis,0,50,57,8910
2020-09-11,Lewis,0,50,95,9005
2020-09-12,Lewis,0,50,54,9059
2020-09-13,Lewis,0,50,59,9118
2020-09-14,Lewis,0,50,102,9220
2020-09-15,Lewis,0,50,49,9269
2020-09-16,Lewis,0,50,57,9326
2020-09-17,Lewis,0,50,67,9393
2020-09-18,Lewis,0,50,43,9436
2020-09-19,Lewis,0,50,127,9563
2020-09-20,Lewis,0,50,70,9633
2020-09-21,Lewis,0,50,24,9657
2020-09-22,Lewis,0,50,105,9762
2020-09-23,Lewis,0,50,50,9812
2020-09-24,Lewis,0,50,70,9882
2020-09-25,Lewis,0,50,107,9989
2020-09-26,Lewis,0,50,110,10099
2020-09-27,Lewis,0,50,66,10165
2020-09-28,Lewis,0,50,49,10214
2020-09-29,Lewis,0,50,68,10282
2020-09-30,Lewis,0,50,39,10321
2020-10-01,Lewis,1,51,178,10499
2020-10-02,Lewis,0,51,121,10620
2020-10-03,Lewis,0,51,69,10689
2020-10-04,Lewis,2,53,111,10800
2020-10-05,Lewis,0,53,43,10843
2020-10-06,Lewis,0,53,203,11046
2020-10-07,Lewis,1,54,68,11114
2020-10-08,Lewis,0,54,66,11180
2020-10-09,Lewis,1,55,89,11269
2020-10-10,Lewis,0,55,117,11386
2020-10-11,Lewis,0,55,96,11482
2020-10-12,Lewis,0,55,37,11519
2020-10-13,Lewis,0,55,213,11732
2020-10-14,Lewis,0,55,48,11780
2020-10-15,Lewis,0,55,52,11832
2020-10-16,Lewis,0,55,129,11961
2020-10-17,Lewis,1,56,131,12092
2020-10-18,Lewis,0,56,36,12128
2020-10-19,Lewis,1,57,70,12198
2020-10-20,Lewis,5,62,49,12247
2020-10-21,Lewis,2,64,69,12316
2020-10-22,Lewis,4,68,102,12418
2020-10-23,Lewis,24,92,147,12565
2020-10-24,Lewis,16,108,114,12679
2020-10-25,Lewis,7,115,168,12847
2020-10-26,Lewis,5,120,123,12970
2020-10-27,Lewis,7,127,339,13309
2020-10-28,Lewis,7,134,238,13547
2020-10-29,Lewis,5,139,250,13797
2020-10-30,Lewis,7,146,357,14154
2020-10-31,Lewis,2,148,159,14313
2020-11-01,Lewis,5,153,92,14405
2020-11-02,Lewis,2,155,165,14570
2020-11-03,Lewis,10,165,109,14679
2020-11-04,Lewis,2,167,109,14788
2020-11-05,Lewis,4,171,62,14850
2020-11-06,Lewis,2,173,179,15029
2020-11-07,Lewis,7,180,145,15174
2020-11-08,Lewis,5,185,192,15366
2020-11-09,Lewis,1,186,139,15505
2020-11-10,Lewis,9,195,88,15593
2020-11-11,Lewis,15,210,165,15758
2020-11-12,Lewis,9,219,69,15827
2020-11-13,Lewis,15,234,119,15946
2020-11-14,Lewis,3,237,91,16037
2020-11-15,Lewis,10,247,77,16114
2020-11-16,Lewis,6,253,284,16398
2020-11-17,Lewis,12,265,264,16662
2020-11-18,Lewis,10,275,129,16791
2020-11-19,Lewis,9,284,75,16866
2020-11-20,Lewis,16,300,206,17072
2020-11-21,Lewis,0,300,53,17125
2020-11-22,Lewis,6,306,272,17397
2020-11-23,Lewis,9,315,96,17493
2020-11-24,Lewis,11,326,146,17639
2020-11-25,Lewis,11,337,330,17969
2020-11-26,Lewis,8,345,148,18117
2020-11-27,Lewis,6,351,136,18253
2020-11-28,Lewis,9,360,268,18521
2020-11-29,Lewis,8,368,164,18685
2020-11-30,Lewis,12,380,134,18819
2020-12-01,Lewis,24,404,137,18956
2020-12-02,Lewis,26,430,245,19201
2020-12-03,Lewis,20,450,135,19336
2020-12-04,Lewis,9,459,249,19585
2020-12-05,Lewis,8,467,120,19705
2020-12-06,Lewis,8,475,73,19778
2020-12-07,Lewis,25,500,240,20018
2020-12-08,Lewis,10,510,195,20213
2020-12-09,Lewis,11,521,125,20338
2020-12-10,Lewis,19,540,259,20597
2020-12-11,Lewis,12,552,203,20800
2020-12-12,Lewis,15,567,131,20931
2020-12-13,Lewis,7,574,173,21104
2020-12-14,Lewis,13,587,246,21350
2020-12-15,Lewis,16,603,117,21467
2020-12-16,Lewis,14,617,192,21659
2020-12-17,Lewis,13,630,214,21873
2020-12-18,Lewis,8,638,133,22006
2020-12-19,Lewis,17,655,163,22169
2020-12-20,Lewis,18,673,307,22476
2020-12-21,Lewis,11,684,159,22635
2020-12-22,Lewis,30,714,290,22925
2020-12-23,Lewis,36,750,242,23167
2020-12-24,Lewis,26,776,200,23367
2020-12-25,Lewis,23,799,135,23502
2020-12-26,Lewis,19,818,232,23734
2020-12-27,Lewis,14,832,133,23867
2020-12-28,Lewis,9,841,109,23976
2020-12-29,Lewis,16,857,100,24076
2020-12-30,Lewis,53,910,256,24332
2020-12-31,Lewis,34,944,284,24616
2021-01-01,Lewis,20,964,226,24842
2021-01-02,Lewis,19,983,144,24986
2021-01-03,Lewis,18,1001,148,25134
2021-01-04,Lewis,32,1033,128,25262
2021-01-05,Lewis,41,1074,175,25437
2021-01-06,Lewis,43,1117,329,25766
2021-01-07,Lewis,30,1147,292,26058
2021-01-08,Lewis,44,1191,226,26284
2021-01-09,Lewis,25,1216,240,26524
2021-01-10,Lewis,9,1225,136,26660
2021-01-11,Lewis,31,1256,218,26878
2021-01-12,Lewis,57,1313,243,27121
2021-01-13,Lewis,27,1340,182,27303
2021-01-14,Lewis,48,1388,347,27650
2021-01-15,Lewis,31,1419,288,27938
2021-01-16,Lewis,32,1451,291,28229
2021-01-17,Lewis,8,1459,118,28347
2021-01-18,Lewis,36,1495,262,28609
2021-01-19,Lewis,45,1540,232,28841
2021-01-20,Lewis,18,1558,205,29046
2021-01-21,Lewis,24,1582,218,29264
2021-01-22,Lewis,31,1613,292,29556
2021-01-23,Lewis,32,1645,338,29894
2021-01-24,Lewis,10,1655,161,30055
2021-01-25,Lewis,22,1677,187,30242
2021-01-26,Lewis,18,1695,145,30387
2021-01-27,Lewis,18,1713,280,30667
2021-01-28,Lewis,13,1726,182,30849
2021-01-29,Lewis,14,1740,235,31084
2021-01-30,Lewis,15,1755,229,31313
2021-01-31,Lewis,2,1757,107,31420
2021-02-01,Lewis,9,1766,104,31524
2021-02-02,Lewis,11,1777,128,31652
2021-02-03,Lewis,16,1793,253,31905
2021-02-04,Lewis,18,1811,214,32119
2021-02-05,Lewis,30,1841,233,32352
2021-02-06,Lewis,7,1848,117,32469
2021-02-07,Lewis,12,1860,203,32672
2021-02-08,Lewis,6,1866,101,32773
2021-02-09,Lewis,12,1878,140,32913
2021-02-10,Lewis,13,1891,218,33131
2021-02-11,Lewis,5,1896,102,33233
2021-02-12,Lewis,20,1916,238,33471
2021-02-13,Lewis,13,1929,169,33640
2021-02-14,Lewis,12,1941,227,33867
2021-02-15,Lewis,8,1949,117,33984
2021-02-16,Lewis,7,1956,120,34104
2021-02-17,Lewis,12,1968,160,34264
2021-02-18,Lewis,19,1987,197,34461
2021-02-19,Lewis,9,1996,190,34651
2021-02-20,Lewis,9,2005,208,34859
2021-02-21,Lewis,8,2013,199,35058
2021-02-22,Lewis,7,2020,122,35180
2021-02-23,Lewis,6,2026,139,35319
2021-02-24,Lewis,20,2046,231,35550
2021-02-25,Lewis,4,2050,143,35693
2021-02-26,Lewis,10,2060,248,35941
2021-02-27,Lewis,6,2066,240,36181
2021-02-28,Lewis,1,2067,169,36350
2021-03-01,Lewis,6,2073,94,36444
2021-03-02,Lewis,1,2074,106,36550
2021-03-03,Lewis,6,2080,244,36794
2021-03-04,Lewis,5,2085,186,36980
2021-03-05,Lewis,11,2096,164,37144
2021-03-06,Lewis,7,2103,193,37337
2021-03-07,Lewis,4,2107,137,37474
2021-03-08,Lewis,3,2110,86,37560
2021-03-09,Lewis,4,2114,154,37714
2021-03-10,Lewis,4,2118,262,37976
2021-03-11,Lewis,10,2128,184,38160
2021-03-12,Lewis,11,2139,203,38363
2021-03-13,Lewis,5,2144,216,38579
2021-03-14,Lewis,3,2147,153,38732
2021-03-15,Lewis,9,2156,153,38885
2021-03-16,Lewis,11,2167,165,39050
2021-03-17,Lewis,14,2181,263,39313
2021-03-18,Lewis,11,2192,191,39504
2021-03-19,Lewis,8,2200,245,39749
2021-03-20,Lewis,2,2202,175,39924
2021-03-21,Lewis,10,2212,159,40083
2021-03-22,Lewis,13,2225,116,40199
2021-03-23,Lewis,8,2233,176,40375
2021-03-24,Lewis,9,2242,199,40574
2021-03-25,Lewis,15,2257,303,40877
2021-03-26,Lewis,17,2274,232,41109
2021-03-27,Lewis,11,2285,219,41328
2021-03-28,Lewis,17,2302,196,41524
2021-03-29,Lewis,9,2311,98,41622
2021-03-30,Lewis,10,2321,161,41783
2021-03-31,Lewis,11,2332,322,42105
2021-04-01,Lewis,5,2337,168,42273
2021-04-02,Lewis,8,2345,201,42474
2021-04-03,Lewis,6,2351,210,42684
2021-04-04,Lewis,7,2358,91,42775
2021-04-05,Lewis,7,2365,72,42847
2021-04-06,Lewis,6,2371,109,42956
2021-04-07,Lewis,7,2378,181,43137
2021-04-08,Lewis,13,2391,230,43367
2021-04-09,Lewis,11,2402,217,43584
2021-04-10,Lewis,4,2406,164,43748
2021-04-11,Lewis,2,2408,97,43845
2021-04-12,Lewis,12,2420,100,43945
2021-04-13,Lewis,3,2423,177,44122
2021-04-14,Lewis,9,2432,137,44259
2021-04-15,Lewis,9,2441,239,44498
2021-04-16,Lewis,12,2453,203,44701
2021-04-17,Lewis,4,2457,219,44920
2021-04-18,Lewis,4,2461,160,45080
2021-04-19,Lewis,17,2478,120,45200
2021-04-20,Lewis,3,2481,201,45401
2021-04-21,Lewis,7,2488,202,45603
2021-04-22,Lewis,6,2494,219,45822
2021-04-23,Lewis,5,2499,242,46064
2021-04-24,Lewis,5,2504,172,46236
2021-04-25,Lewis,3,2507,120,46356
2021-04-26,Lewis,11,2518,59,46415
2021-04-27,Lewis,7,2525,252,46667
2021-04-28,Lewis,15,2540,194,46861
2021-04-29,Lewis,5,2545,181,47042
2021-04-30,Lewis,12,2557,258,47300
2021-05-01,Lewis,4,2561,132,47432
2021-05-02,Lewis,5,2566,149,47581
2021-05-03,Lewis,3,2569,53,47634
2021-05-04,Lewis,11,2580,139,47773
2021-05-05,Lewis,10,2590,155,47928
2021-05-06,Lewis,17,2607,107,48035
2021-05-07,Lewis,19,2626,281,48316
2021-05-08,Lewis,8,2634,179,48495
2021-05-09,Lewis,4,2638,148,48643
2021-05-10,Lewis,17,2655,72,48715
2021-05-11,Lewis,4,2659,197,48912
2021-05-12,Lewis,17,2676,192,49104
2021-05-13,Lewis,11,2687,144,49248
2021-05-14,Lewis,20,2707,220,49468
2021-05-15,Lewis,4,2711,172,49640
2021-05-16,Lewis,5,2716,101,49741
2021-05-17,Lewis,3,2719,39,49780
2021-05-18,Lewis,17,2736,223,50003
2021-05-19,Lewis,11,2747,297,50300
2021-05-20,Lewis,8,2755,150,50450
2021-05-21,Lewis,3,2758,173,50623
2021-05-22,Lewis,2,2760,97,50720
2021-05-23,Lewis,3,2763,80,50800
2021-05-24,Lewis,4,2767,93,50893
2021-05-25,Lewis,3,2770,204,51097
2021-05-26,Lewis,3,2773,169,51266
2021-05-27,Lewis,6,2779,114,51380
2021-05-28,Lewis,4,2783,100,51480
2021-05-29,Lewis,0,2783,104,51584
2021-05-30,Lewis,3,2786,63,51647
2021-05-31,Lewis,1,2787,31,51678
2021-06-01,Lewis,3,2790,168,51846
2021-06-02,Lewis,2,2792,152,51998
2021-06-03,Lewis,3,2795,163,52161
2021-06-04,Lewis,5,2800,154,52315
2021-06-05,Lewis,0,2800,119,52434
2021-06-06,Lewis,0,2800,60,52494
2021-06-07,Lewis,1,2801,95,52589
2021-06-08,Lewis,1,2802,193,52782
2021-06-09,Lewis,1,2803,146,52928
2021-06-10,Lewis,2,2805,121,53049
2021-06-11,Lewis,0,2805,107,53156
2021-06-12,Lewis,2,2807,76,53232
2021-06-13,Lewis,1,2808,53,53285
2021-06-14,Lewis,0,2808,60,53345
2021-06-15,Lewis,0,2808,93,53438
2021-06-16,Lewis,0,2808,62,53500
2021-06-17,Lewis,2,2810,75,53575
2021-06-18,Lewis,1,2811,76,53651
2021-06-19,Lewis,0,2811,48,53699
2021-06-20,Lewis,0,2811,50,53749
2021-06-21,Lewis,0,2811,42,53791
2021-06-22,Lewis,0,2811,99,53890
2021-06-23,Lewis,2,2813,106,53996
2021-06-24,Lewis,3,2816,229,54225
2021-06-25,Lewis,3,2819,97,54322
2021-06-26,Lewis,2,2821,63,54385
2021-06-27,Lewis,1,2822,52,54437
2021-06-28,Lewis,0,2822,72,54509
2021-06-29,Lewis,1,2823,84,54593
2021-06-30,Lewis,1,2824,92,54685
2021-07-01,Lewis,1,2825,185,54870
2021-07-02,Lewis,1,2826,35,54905
2021-07-03,Lewis,0,2826,53,54958
2021-07-04,Lewis,1,2827,72,55030
2021-07-05,Lewis,0,2827,33,55063
2021-07-06,Lewis,0,2827,64,55127
2021-07-07,Lewis,0,2827,111,55238
2021-07-08,Lewis,0,2827,133,55371
2021-07-09,Lewis,0,2827,69,55440
2021-07-10,Lewis,0,2827,37,55477
2021-07-11,Lewis,1,2828,46,55523
2021-07-12,Lewis,0,2828,14,55537
2021-07-13,Lewis,0,2828,37,55574
2021-07-14,Lewis,0,2828,43,55617
2021-07-15,Lewis,0,2828,35,55652
2021-07-16,Lewis,1,2829,43,55695
2021-07-17,Lewis,0,2829,41,55736
2021-07-18,Lewis,0,2829,19,55755
2020-03-01,Livingston,0,0,0,0
2020-03-02,Livingston,0,0,0,0
2020-03-03,Livingston,0,0,0,0
2020-03-04,Livingston,0,0,0,0
2020-03-05,Livingston,0,0,0,0
2020-03-06,Livingston,0,0,0,0
2020-03-07,Livingston,0,0,0,0
2020-03-08,Livingston,0,0,0,0
2020-03-09,Livingston,0,0,0,0
2020-03-10,Livingston,0,0,1,1
2020-03-11,Livingston,0,0,0,1
2020-03-12,Livingston,0,0,0,1
2020-03-13,Livingston,0,0,0,1
2020-03-14,Livingston,0,0,0,1
2020-03-15,Livingston,0,0,0,1
2020-03-16,Livingston,0,0,0,1
2020-03-17,Livingston,0,0,4,5
2020-03-18,Livingston,0,0,5,10
2020-03-19,Livingston,1,1,11,21
2020-03-20,Livingston,1,2,13,34
2020-03-21,Livingston,0,2,5,39
2020-03-22,Livingston,1,3,3,42
2020-03-23,Livingston,0,3,1,43
2020-03-24,Livingston,0,3,9,52
2020-03-25,Livingston,0,3,15,67
2020-03-26,Livingston,0,3,8,75
2020-03-27,Livingston,2,5,11,86
2020-03-28,Livingston,5,10,17,103
2020-03-29,Livingston,2,12,10,113
2020-03-30,Livingston,1,13,10,123
2020-03-31,Livingston,1,14,24,147
2020-04-01,Livingston,0,14,17,164
2020-04-02,Livingston,2,16,12,176
2020-04-03,Livingston,2,18,18,194
2020-04-04,Livingston,1,19,27,221
2020-04-05,Livingston,3,22,14,235
2020-04-06,Livingston,1,23,18,253
2020-04-07,Livingston,2,25,23,276
2020-04-08,Livingston,1,26,17,293
2020-04-09,Livingston,3,29,26,319
2020-04-10,Livingston,1,30,7,326
2020-04-11,Livingston,0,30,6,332
2020-04-12,Livingston,0,30,5,337
2020-04-13,Livingston,1,31,20,357
2020-04-14,Livingston,0,31,8,365
2020-04-15,Livingston,1,32,8,373
2020-04-16,Livingston,2,34,18,391
2020-04-17,Livingston,3,37,20,411
2020-04-18,Livingston,2,39,30,441
2020-04-19,Livingston,0,39,7,448
2020-04-20,Livingston,0,39,21,469
2020-04-21,Livingston,0,39,15,484
2020-04-22,Livingston,2,41,22,506
2020-04-23,Livingston,3,44,54,560
2020-04-24,Livingston,14,58,295,855
2020-04-25,Livingston,2,60,61,916
2020-04-26,Livingston,2,62,15,931
2020-04-27,Livingston,3,65,24,955
2020-04-28,Livingston,2,67,36,991
2020-04-29,Livingston,2,69,34,1025
2020-04-30,Livingston,4,73,43,1068
2020-05-01,Livingston,3,76,44,1112
2020-05-02,Livingston,7,83,52,1164
2020-05-03,Livingston,2,85,26,1190
2020-05-04,Livingston,1,86,52,1242
2020-05-05,Livingston,3,89,52,1294
2020-05-06,Livingston,6,95,100,1394
2020-05-07,Livingston,5,100,56,1450
2020-05-08,Livingston,1,101,49,1499
2020-05-09,Livingston,1,102,58,1557
2020-05-10,Livingston,0,102,46,1603
2020-05-11,Livingston,0,102,180,1783
2020-05-12,Livingston,1,103,197,1980
2020-05-13,Livingston,3,106,113,2093
2020-05-14,Livingston,0,106,76,2169
2020-05-15,Livingston,1,107,75,2244
2020-05-16,Livingston,3,110,77,2321
2020-05-17,Livingston,0,110,50,2371
2020-05-18,Livingston,1,111,67,2438
2020-05-19,Livingston,0,111,95,2533
2020-05-20,Livingston,3,114,105,2638
2020-05-21,Livingston,0,114,75,2713
2020-05-22,Livingston,0,114,84,2797
2020-05-23,Livingston,0,114,65,2862
2020-05-24,Livingston,1,115,196,3058
2020-05-25,Livingston,3,118,74,3132
2020-05-26,Livingston,0,118,69,3201
2020-05-27,Livingston,0,118,129,3330
2020-05-28,Livingston,0,118,122,3452
2020-05-29,Livingston,0,118,107,3559
2020-05-30,Livingston,1,119,128,3687
2020-05-31,Livingston,0,119,136,3823
2020-06-01,Livingston,0,119,218,4041
2020-06-02,Livingston,1,120,233,4274
2020-06-03,Livingston,0,120,172,4446
2020-06-04,Livingston,1,121,263,4709
2020-06-05,Livingston,0,121,167,4876
2020-06-06,Livingston,0,121,133,5009
2020-06-07,Livingston,0,121,177,5186
2020-06-08,Livingston,0,121,122,5308
2020-06-09,Livingston,0,121,216,5524
2020-06-10,Livingston,0,121,162,5686
2020-06-11,Livingston,0,121,237,5923
2020-06-12,Livingston,1,122,239,6162
2020-06-13,Livingston,1,123,135,6297
2020-06-14,Livingston,0,123,171,6468
2020-06-15,Livingston,0,123,111,6579
2020-06-16,Livingston,0,123,292,6871
2020-06-17,Livingston,0,123,171,7042
2020-06-18,Livingston,0,123,268,7310
2020-06-19,Livingston,0,123,109,7419
2020-06-20,Livingston,0,123,95,7514
2020-06-21,Livingston,1,124,108,7622
2020-06-22,Livingston,1,125,134,7756
2020-06-23,Livingston,0,125,130,7886
2020-06-24,Livingston,1,126,105,7991
2020-06-25,Livingston,0,126,254,8245
2020-06-26,Livingston,0,126,122,8367
2020-06-27,Livingston,2,128,86,8453
2020-06-28,Livingston,0,128,91,8544
2020-06-29,Livingston,1,129,165,8709
2020-06-30,Livingston,1,130,148,8857
2020-07-01,Livingston,0,130,273,9130
2020-07-02,Livingston,0,130,109,9239
2020-07-03,Livingston,1,131,175,9414
2020-07-04,Livingston,1,132,127,9541
2020-07-05,Livingston,1,133,133,9674
2020-07-06,Livingston,1,134,113,9787
2020-07-07,Livingston,3,137,161,9948
2020-07-08,Livingston,3,140,140,10088
2020-07-09,Livingston,4,144,126,10214
2020-07-10,Livingston,1,145,163,10377
2020-07-11,Livingston,2,147,203,10580
2020-07-12,Livingston,0,147,119,10699
2020-07-13,Livingston,4,151,170,10869
2020-07-14,Livingston,0,151,144,11013
2020-07-15,Livingston,2,153,171,11184
2020-07-16,Livingston,2,155,189,11373
2020-07-17,Livingston,2,157,246,11619
2020-07-18,Livingston,1,158,203,11822
2020-07-19,Livingston,1,159,111,11933
2020-07-20,Livingston,1,160,144,12077
2020-07-21,Livingston,1,161,175,12252
2020-07-22,Livingston,0,161,263,12515
2020-07-23,Livingston,0,161,167,12682
2020-07-24,Livingston,1,162,201,12883
2020-07-25,Livingston,0,162,240,13123
2020-07-26,Livingston,0,162,232,13355
2020-07-27,Livingston,0,162,162,13517
2020-07-28,Livingston,1,163,178,13695
2020-07-29,Livingston,1,164,201,13896
2020-07-30,Livingston,1,165,375,14271
2020-07-31,Livingston,1,166,246,14517
2020-08-01,Livingston,1,167,130,14647
2020-08-02,Livingston,0,167,141,14788
2020-08-03,Livingston,3,170,109,14897
2020-08-04,Livingston,1,171,169,15066
2020-08-05,Livingston,2,173,222,15288
2020-08-06,Livingston,1,174,321,15609
2020-08-07,Livingston,2,176,172,15781
2020-08-08,Livingston,0,176,174,15955
2020-08-09,Livingston,0,176,185,16140
2020-08-10,Livingston,0,176,146,16286
2020-08-11,Livingston,0,176,188,16474
2020-08-12,Livingston,0,176,249,16723
2020-08-13,Livingston,2,178,290,17013
2020-08-14,Livingston,0,178,223,17236
2020-08-15,Livingston,0,178,199,17435
2020-08-16,Livingston,0,178,105,17540
2020-08-17,Livingston,0,178,183,17723
2020-08-18,Livingston,0,178,160,17883
2020-08-19,Livingston,0,178,144,18027
2020-08-20,Livingston,0,178,424,18451
2020-08-21,Livingston,1,179,188,18639
2020-08-22,Livingston,1,180,255,18894
2020-08-23,Livingston,0,180,185,19079
2020-08-24,Livingston,1,181,133,19212
2020-08-25,Livingston,0,181,195,19407
2020-08-26,Livingston,0,181,167,19574
2020-08-27,Livingston,0,181,253,19827
2020-08-28,Livingston,1,182,238,20065
2020-08-29,Livingston,0,182,223,20288
2020-08-30,Livingston,1,183,94,20382
2020-08-31,Livingston,0,183,143,20525
2020-09-01,Livingston,1,184,141,20666
2020-09-02,Livingston,3,187,152,20818
2020-09-03,Livingston,1,188,146,20964
2020-09-04,Livingston,0,188,289,21253
2020-09-05,Livingston,1,189,200,21453
2020-09-06,Livingston,0,189,141,21594
2020-09-07,Livingston,0,189,78,21672
2020-09-08,Livingston,1,190,169,21841
2020-09-09,Livingston,0,190,102,21943
2020-09-10,Livingston,0,190,54,21997
2020-09-11,Livingston,4,194,177,22174
2020-09-12,Livingston,2,196,91,22265
2020-09-13,Livingston,0,196,178,22443
2020-09-14,Livingston,0,196,229,22672
2020-09-15,Livingston,1,197,270,22942
2020-09-16,Livingston,2,199,239,23181
2020-09-17,Livingston,2,201,450,23631
2020-09-18,Livingston,0,201,209,23840
2020-09-19,Livingston,0,201,418,24258
2020-09-20,Livingston,0,201,157,24415
2020-09-21,Livingston,1,202,376,24791
2020-09-22,Livingston,0,202,151,24942
2020-09-23,Livingston,3,205,227,25169
2020-09-24,Livingston,1,206,288,25457
2020-09-25,Livingston,1,207,203,25660
2020-09-26,Livingston,0,207,205,25865
2020-09-27,Livingston,0,207,158,26023
2020-09-28,Livingston,0,207,160,26183
2020-09-29,Livingston,1,208,598,26781
2020-09-30,Livingston,0,208,464,27245
2020-10-01,Livingston,1,209,357,27602
2020-10-02,Livingston,1,210,230,27832
2020-10-03,Livingston,1,211,181,28013
2020-10-04,Livingston,0,211,97,28110
2020-10-05,Livingston,1,212,305,28415
2020-10-06,Livingston,1,213,556,28971
2020-10-07,Livingston,3,216,196,29167
2020-10-08,Livingston,3,219,643,29810
2020-10-09,Livingston,0,219,218,30028
2020-10-10,Livingston,3,222,297,30325
2020-10-11,Livingston,3,225,223,30548
2020-10-12,Livingston,2,227,235,30783
2020-10-13,Livingston,0,227,453,31236
2020-10-14,Livingston,5,232,205,31441
2020-10-15,Livingston,2,234,218,31659
2020-10-16,Livingston,5,239,373,32032
2020-10-17,Livingston,0,239,170,32202
2020-10-18,Livingston,4,243,249,32451
2020-10-19,Livingston,7,250,315,32766
2020-10-20,Livingston,6,256,174,32940
2020-10-21,Livingston,5,261,569,33509
2020-10-22,Livingston,5,266,285,33794
2020-10-23,Livingston,6,272,343,34137
2020-10-24,Livingston,8,280,269,34406
2020-10-25,Livingston,18,298,237,34643
2020-10-26,Livingston,5,303,223,34866
2020-10-27,Livingston,2,305,175,35041
2020-10-28,Livingston,8,313,1042,36083
2020-10-29,Livingston,14,327,386,36469
2020-10-30,Livingston,5,332,330,36799
2020-10-31,Livingston,18,350,211,37010
2020-11-01,Livingston,6,356,267,37277
2020-11-02,Livingston,3,359,271,37548
2020-11-03,Livingston,9,368,647,38195
2020-11-04,Livingston,7,375,447,38642
2020-11-05,Livingston,18,393,922,39564
2020-11-06,Livingston,9,402,999,40563
2020-11-07,Livingston,4,406,582,41145
2020-11-08,Livingston,2,408,109,41254
2020-11-09,Livingston,24,432,724,41978
2020-11-10,Livingston,11,443,693,42671
2020-11-11,Livingston,8,451,242,42913
2020-11-12,Livingston,15,466,613,43526
2020-11-13,Livingston,15,481,458,43984
2020-11-14,Livingston,7,488,187,44171
2020-11-15,Livingston,11,499,233,44404
2020-11-16,Livingston,10,509,380,44784
2020-11-17,Livingston,18,527,666,45450
2020-11-18,Livingston,15,542,1293,46743
2020-11-19,Livingston,7,549,1023,47766
2020-11-20,Livingston,28,577,1411,49177
2020-11-21,Livingston,6,583,1377,50554
2020-11-22,Livingston,34,617,1471,52025
2020-11-23,Livingston,7,624,649,52674
2020-11-24,Livingston,18,642,571,53245
2020-11-25,Livingston,13,655,522,53767
2020-11-26,Livingston,16,671,751,54518
2020-11-27,Livingston,12,683,225,54743
2020-11-28,Livingston,17,700,369,55112
2020-11-29,Livingston,14,714,457,55569
2020-11-30,Livingston,24,738,404,55973
2020-12-01,Livingston,26,764,510,56483
2020-12-02,Livingston,25,789,984,57467
2020-12-03,Livingston,26,815,824,58291
2020-12-04,Livingston,40,855,537,58828
2020-12-05,Livingston,40,895,518,59346
2020-12-06,Livingston,11,906,245,59591
2020-12-07,Livingston,17,923,387,59978
2020-12-08,Livingston,48,971,667,60645
2020-12-09,Livingston,46,1017,553,61198
2020-12-10,Livingston,32,1049,1005,62203
2020-12-11,Livingston,28,1077,554,62757
2020-12-12,Livingston,34,1111,421,63178
2020-12-13,Livingston,24,1135,295,63473
2020-12-14,Livingston,33,1168,546,64019
2020-12-15,Livingston,38,1206,433,64452
2020-12-16,Livingston,64,1270,1075,65527
2020-12-17,Livingston,48,1318,1061,66588
2020-12-18,Livingston,34,1352,623,67211
2020-12-19,Livingston,46,1398,579,67790
2020-12-20,Livingston,34,1432,341,68131
2020-12-21,Livingston,51,1483,425,68556
2020-12-22,Livingston,60,1543,502,69058
2020-12-23,Livingston,36,1579,355,69413
2020-12-24,Livingston,71,1650,525,69938
2020-12-25,Livingston,41,1691,349,70287
2020-12-26,Livingston,23,1714,317,70604
2020-12-27,Livingston,36,1750,286,70890
2020-12-28,Livingston,28,1778,419,71309
2020-12-29,Livingston,33,1811,315,71624
2020-12-30,Livingston,52,1863,337,71961
2020-12-31,Livingston,65,1928,528,72489
2021-01-01,Livingston,44,1972,456,72945
2021-01-02,Livingston,34,2006,383,73328
2021-01-03,Livingston,36,2042,270,73598
2021-01-04,Livingston,37,2079,389,73987
2021-01-05,Livingston,43,2122,408,74395
2021-01-06,Livingston,73,2195,455,74850
2021-01-07,Livingston,64,2259,550,75400
2021-01-08,Livingston,35,2294,808,76208
2021-01-09,Livingston,77,2371,598,76806
2021-01-10,Livingston,14,2385,249,77055
2021-01-11,Livingston,47,2432,486,77541
2021-01-12,Livingston,33,2465,311,77852
2021-01-13,Livingston,45,2510,834,78686
2021-01-14,Livingston,51,2561,671,79357
2021-01-15,Livingston,44,2605,590,79947
2021-01-16,Livingston,40,2645,432,80379
2021-01-17,Livingston,32,2677,315,80694
2021-01-18,Livingston,27,2704,343,81037
2021-01-19,Livingston,33,2737,374,81411
2021-01-20,Livingston,30,2767,390,81801
2021-01-21,Livingston,48,2815,988,82789
2021-01-22,Livingston,29,2844,560,83349
2021-01-23,Livingston,33,2877,460,83809
2021-01-24,Livingston,17,2894,278,84087
2021-01-25,Livingston,17,2911,282,84369
2021-01-26,Livingston,23,2934,547,84916
2021-01-27,Livingston,24,2958,464,85380
2021-01-28,Livingston,29,2987,646,86026
2021-01-29,Livingston,16,3003,507,86533
2021-01-30,Livingston,17,3020,758,87291
2021-01-31,Livingston,11,3031,260,87551
2021-02-01,Livingston,11,3042,232,87783
2021-02-02,Livingston,27,3069,328,88111
2021-02-03,Livingston,28,3097,327,88438
2021-02-04,Livingston,30,3127,258,88696
2021-02-05,Livingston,27,3154,444,89140
2021-02-06,Livingston,42,3196,1348,90488
2021-02-07,Livingston,7,3203,914,91402
2021-02-08,Livingston,15,3218,816,92218
2021-02-09,Livingston,30,3248,284,92502
2021-02-10,Livingston,30,3278,1382,93884
2021-02-11,Livingston,24,3302,574,94458
2021-02-12,Livingston,31,3333,1431,95889
2021-02-13,Livingston,21,3354,1370,97259
2021-02-14,Livingston,12,3366,278,97537
2021-02-15,Livingston,8,3374,178,97715
2021-02-16,Livingston,15,3389,151,97866
2021-02-17,Livingston,13,3402,314,98180
2021-02-18,Livingston,18,3420,1086,99266
2021-02-19,Livingston,14,3434,2230,101496
2021-02-20,Livingston,18,3452,385,101881
2021-02-21,Livingston,5,3457,180,102061
2021-02-22,Livingston,7,3464,404,102465
2021-02-23,Livingston,14,3478,397,102862
2021-02-24,Livingston,6,3484,2051,104913
2021-02-25,Livingston,31,3515,1401,106314
2021-02-26,Livingston,16,3531,2198,108512
2021-02-27,Livingston,15,3546,302,108814
2021-02-28,Livingston,4,3550,182,108996
2021-03-01,Livingston,8,3558,246,109242
2021-03-02,Livingston,10,3568,303,109545
2021-03-03,Livingston,8,3576,1852,111397
2021-03-04,Livingston,13,3589,442,111839
2021-03-05,Livingston,10,3599,1285,113124
2021-03-06,Livingston,12,3611,1352,114476
2021-03-07,Livingston,3,3614,211,114687
2021-03-08,Livingston,4,3618,204,114891
2021-03-09,Livingston,7,3625,1183,116074
2021-03-10,Livingston,11,3636,1224,117298
2021-03-11,Livingston,9,3645,1290,118588
2021-03-12,Livingston,14,3659,477,119065
2021-03-13,Livingston,5,3664,425,119490
2021-03-14,Livingston,4,3668,184,119674
2021-03-15,Livingston,6,3674,241,119915
2021-03-16,Livingston,11,3685,1193,121108
2021-03-17,Livingston,10,3695,320,121428
2021-03-18,Livingston,10,3705,2140,123568
2021-03-19,Livingston,7,3712,1393,124961
2021-03-20,Livingston,9,3721,434,125395
2021-03-21,Livingston,4,3725,198,125593
2021-03-22,Livingston,9,3734,229,125822
2021-03-23,Livingston,10,3744,1212,127034
2021-03-24,Livingston,12,3756,320,127354
2021-03-25,Livingston,8,3764,1430,128784
2021-03-26,Livingston,6,3770,1379,130163
2021-03-27,Livingston,7,3777,1600,131763
2021-03-28,Livingston,3,3780,480,132243
2021-03-29,Livingston,11,3791,277,132520
2021-03-30,Livingston,8,3799,1108,133628
2021-03-31,Livingston,15,3814,413,134041
2021-04-01,Livingston,14,3828,399,134440
2021-04-02,Livingston,10,3838,1540,135980
2021-04-03,Livingston,10,3848,561,136541
2021-04-04,Livingston,3,3851,202,136743
2021-04-05,Livingston,5,3856,1062,137805
2021-04-06,Livingston,7,3863,1028,138833
2021-04-07,Livingston,13,3876,392,139225
2021-04-08,Livingston,14,3890,1731,140956
2021-04-09,Livingston,12,3902,506,141462
2021-04-10,Livingston,14,3916,619,142081
2021-04-11,Livingston,10,3926,210,142291
2021-04-12,Livingston,10,3936,432,142723
2021-04-13,Livingston,7,3943,1126,143849
2021-04-14,Livingston,27,3970,454,144303
2021-04-15,Livingston,9,3979,1336,145639
2021-04-16,Livingston,18,3997,399,146038
2021-04-17,Livingston,21,4018,763,146801
2021-04-18,Livingston,4,4022,244,147045
2021-04-19,Livingston,8,4030,371,147416
2021-04-20,Livingston,8,4038,1180,148596
2021-04-21,Livingston,12,4050,480,149076
2021-04-22,Livingston,12,4062,482,149558
2021-04-23,Livingston,14,4076,739,150297
2021-04-24,Livingston,21,4097,552,150849
2021-04-25,Livingston,17,4114,363,151212
2021-04-26,Livingston,4,4118,316,151528
2021-04-27,Livingston,13,4131,356,151884
2021-04-28,Livingston,23,4154,442,152326
2021-04-29,Livingston,18,4172,516,152842
2021-04-30,Livingston,17,4189,679,153521
2021-05-01,Livingston,10,4199,650,154171
2021-05-02,Livingston,17,4216,266,154437
2021-05-03,Livingston,14,4230,280,154717
2021-05-04,Livingston,3,4233,351,155068
2021-05-05,Livingston,12,4245,557,155625
2021-05-06,Livingston,11,4256,546,156171
2021-05-07,Livingston,21,4277,562,156733
2021-05-08,Livingston,7,4284,605,157338
2021-05-09,Livingston,6,4290,198,157536
2021-05-10,Livingston,17,4307,300,157836
2021-05-11,Livingston,16,4323,401,158237
2021-05-12,Livingston,13,4336,564,158801
2021-05-13,Livingston,22,4358,520,159321
2021-05-14,Livingston,13,4371,661,159982
2021-05-15,Livingston,10,4381,462,160444
2021-05-16,Livingston,8,4389,193,160637
2021-05-17,Livingston,13,4402,340,160977
2021-05-18,Livingston,17,4419,312,161289
2021-05-19,Livingston,13,4432,481,161770
2021-05-20,Livingston,15,4447,535,162305
2021-05-21,Livingston,11,4458,503,162808
2021-05-22,Livingston,4,4462,341,163149
2021-05-23,Livingston,8,4470,185,163334
2021-05-24,Livingston,3,4473,226,163560
2021-05-25,Livingston,4,4477,328,163888
2021-05-26,Livingston,7,4484,316,164204
2021-05-27,Livingston,5,4489,540,164744
2021-05-28,Livingston,4,4493,344,165088
2021-05-29,Livingston,3,4496,208,165296
2021-05-30,Livingston,1,4497,158,165454
2021-05-31,Livingston,1,4498,144,165598
2021-06-01,Livingston,1,4499,170,165768
2021-06-02,Livingston,0,4499,352,166120
2021-06-03,Livingston,5,4504,494,166614
2021-06-04,Livingston,4,4508,400,167014
2021-06-05,Livingston,2,4510,235,167249
2021-06-06,Livingston,2,4512,160,167409
2021-06-07,Livingston,1,4513,119,167528
2021-06-08,Livingston,2,4515,361,167889
2021-06-09,Livingston,0,4515,292,168181
2021-06-10,Livingston,2,4517,601,168782
2021-06-11,Livingston,1,4518,266,169048
2021-06-12,Livingston,2,4520,233,169281
2021-06-13,Livingston,0,4520,156,169437
2021-06-14,Livingston,0,4520,96,169533
2021-06-15,Livingston,1,4521,169,169702
2021-06-16,Livingston,2,4523,160,169862
2021-06-17,Livingston,0,4523,297,170159
2021-06-18,Livingston,1,4524,150,170309
2021-06-19,Livingston,0,4524,157,170466
2021-06-20,Livingston,0,4524,80,170546
2021-06-21,Livingston,1,4525,78,170624
2021-06-22,Livingston,2,4527,173,170797
2021-06-23,Livingston,1,4528,134,170931
2021-06-24,Livingston,0,4528,304,171235
2021-06-25,Livingston,1,4529,158,171393
2021-06-26,Livingston,0,4529,113,171506
2021-06-27,Livingston,3,4532,94,171600
2021-06-28,Livingston,1,4533,99,171699
2021-06-29,Livingston,2,4535,121,171820
2021-06-30,Livingston,1,4536,139,171959
2021-07-01,Livingston,3,4539,163,172122
2021-07-02,Livingston,1,4540,106,172228
2021-07-03,Livingston,0,4540,107,172335
2021-07-04,Livingston,0,4540,79,172414
2021-07-05,Livingston,0,4540,48,172462
2021-07-06,Livingston,0,4540,44,172506
2021-07-07,Livingston,1,4541,92,172598
2021-07-08,Livingston,2,4543,135,172733
2021-07-09,Livingston,0,4543,111,172844
2021-07-10,Livingston,0,4543,81,172925
2021-07-11,Livingston,0,4543,94,173019
2021-07-12,Livingston,1,4544,63,173082
2021-07-13,Livingston,0,4544,51,173133
2021-07-14,Livingston,0,4544,119,173252
2021-07-15,Livingston,1,4545,140,173392
2021-07-16,Livingston,0,4545,96,173488
2021-07-17,Livingston,0,4545,89,173577
2021-07-18,Livingston,0,4545,49,173626
2020-03-01,Madison,0,0,0,0
2020-03-02,Madison,0,0,0,0
2020-03-03,Madison,0,0,0,0
2020-03-04,Madison,0,0,0,0
2020-03-05,Madison,0,0,0,0
2020-03-06,Madison,0,0,0,0
2020-03-07,Madison,0,0,0,0
2020-03-08,Madison,0,0,0,0
2020-03-09,Madison,0,0,0,0
2020-03-10,Madison,0,0,0,0
2020-03-11,Madison,0,0,0,0
2020-03-12,Madison,0,0,0,0
2020-03-13,Madison,0,0,1,1
2020-03-14,Madison,0,0,1,2
2020-03-15,Madison,0,0,1,3
2020-03-16,Madison,0,0,1,4
2020-03-17,Madison,0,0,0,4
2020-03-18,Madison,0,0,7,11
2020-03-19,Madison,0,0,4,15
2020-03-20,Madison,0,0,9,24
2020-03-21,Madison,1,1,9,33
2020-03-22,Madison,3,4,14,47
2020-03-23,Madison,1,5,10,57
2020-03-24,Madison,2,7,15,72
2020-03-25,Madison,2,9,28,100
2020-03-26,Madison,8,17,23,123
2020-03-27,Madison,2,19,28,151
2020-03-28,Madison,5,24,34,185
2020-03-29,Madison,10,34,30,215
2020-03-30,Madison,7,41,39,254
2020-03-31,Madison,10,51,55,309
2020-04-01,Madison,9,60,67,376
2020-04-02,Madison,10,70,70,446
2020-04-03,Madison,4,74,20,466
2020-04-04,Madison,5,79,28,494
2020-04-05,Madison,3,82,13,507
2020-04-06,Madison,6,88,64,571
2020-04-07,Madison,2,90,43,614
2020-04-08,Madison,1,91,12,626
2020-04-09,Madison,8,99,54,680
2020-04-10,Madison,0,99,7,687
2020-04-11,Madison,2,101,9,696
2020-04-12,Madison,0,101,7,703
2020-04-13,Madison,3,104,50,753
2020-04-14,Madison,1,105,4,757
2020-04-15,Madison,0,105,7,764
2020-04-16,Madison,0,105,2,766
2020-04-17,Madison,0,105,6,772
2020-04-18,Madison,1,106,7,779
2020-04-19,Madison,0,106,4,783
2020-04-20,Madison,0,106,1,784
2020-04-21,Madison,0,106,3,787
2020-04-22,Madison,0,106,7,794
2020-04-23,Madison,0,106,4,798
2020-04-24,Madison,15,121,294,1092
2020-04-25,Madison,2,123,22,1114
2020-04-26,Madison,1,124,16,1130
2020-04-27,Madison,2,126,26,1156
2020-04-28,Madison,0,126,47,1203
2020-04-29,Madison,5,131,12,1215
2020-04-30,Madison,8,139,51,1266
2020-05-01,Madison,10,149,54,1320
2020-05-02,Madison,2,151,26,1346
2020-05-03,Madison,66,217,141,1487
2020-05-04,Madison,6,223,43,1530
2020-05-05,Madison,8,231,192,1722
2020-05-06,Madison,15,246,204,1926
2020-05-07,Madison,3,249,95,2021
2020-05-08,Madison,1,250,50,2071
2020-05-09,Madison,1,251,37,2108
2020-05-10,Madison,0,251,23,2131
2020-05-11,Madison,0,251,17,2148
2020-05-12,Madison,2,253,79,2227
2020-05-13,Madison,2,255,61,2288
2020-05-14,Madison,1,256,30,2318
2020-05-15,Madison,2,258,53,2371
2020-05-16,Madison,0,258,56,2427
2020-05-17,Madison,0,258,44,2471
2020-05-18,Madison,2,260,103,2574
2020-05-19,Madison,32,292,201,2775
2020-05-20,Madison,2,294,101,2876
2020-05-21,Madison,3,297,135,3011
2020-05-22,Madison,4,301,200,3211
2020-05-23,Madison,0,301,105,3316
2020-05-24,Madison,2,303,67,3383
2020-05-25,Madison,0,303,179,3562
2020-05-26,Madison,7,310,330,3892
2020-05-27,Madison,0,310,67,3959
2020-05-28,Madison,0,310,141,4100
2020-05-29,Madison,1,311,187,4287
2020-05-30,Madison,5,316,316,4603
2020-05-31,Madison,0,316,138,4741
2020-06-01,Madison,1,317,98,4839
2020-06-02,Madison,2,319,222,5061
2020-06-03,Madison,0,319,242,5303
2020-06-04,Madison,4,323,279,5582
2020-06-05,Madison,2,325,336,5918
2020-06-06,Madison,2,327,123,6041
2020-06-07,Madison,0,327,148,6189
2020-06-08,Madison,4,331,157,6346
2020-06-09,Madison,0,331,418,6764
2020-06-10,Madison,2,333,234,6998
2020-06-11,Madison,0,333,184,7182
2020-06-12,Madison,0,333,121,7303
2020-06-13,Madison,1,334,297,7600
2020-06-14,Madison,1,335,78,7678
2020-06-15,Madison,1,336,191,7869
2020-06-16,Madison,2,338,104,7973
2020-06-17,Madison,3,341,186,8159
2020-06-18,Madison,1,342,253,8412
2020-06-19,Madison,1,343,242,8654
2020-06-20,Madison,2,345,137,8791
2020-06-21,Madison,2,347,126,8917
2020-06-22,Madison,0,347,204,9121
2020-06-23,Madison,0,347,194,9315
2020-06-24,Madison,2,349,174,9489
2020-06-25,Madison,2,351,278,9767
2020-06-26,Madison,0,351,229,9996
2020-06-27,Madison,1,352,90,10086
2020-06-28,Madison,1,353,130,10216
2020-06-29,Madison,4,357,123,10339
2020-06-30,Madison,0,357,233,10572
2020-07-01,Madison,2,359,188,10760
2020-07-02,Madison,1,360,148,10908
2020-07-03,Madison,3,363,182,11090
2020-07-04,Madison,0,363,111,11201
2020-07-05,Madison,1,364,96,11297
2020-07-06,Madison,3,367,255,11552
2020-07-07,Madison,1,368,307,11859
2020-07-08,Madison,0,368,189,12048
2020-07-09,Madison,3,371,144,12192
2020-07-10,Madison,3,374,159,12351
2020-07-11,Madison,0,374,121,12472
2020-07-12,Madison,1,375,331,12803
2020-07-13,Madison,1,376,214,13017
2020-07-14,Madison,0,376,255,13272
2020-07-15,Madison,1,377,221,13493
2020-07-16,Madison,2,379,206,13699
2020-07-17,Madison,3,382,256,13955
2020-07-18,Madison,1,383,70,14025
2020-07-19,Madison,1,384,186,14211
2020-07-20,Madison,3,387,197,14408
2020-07-21,Madison,1,388,286,14694
2020-07-22,Madison,0,388,163,14857
2020-07-23,Madison,2,390,406,15263
2020-07-24,Madison,0,390,152,15415
2020-07-25,Madison,0,390,185,15600
2020-07-26,Madison,0,390,120,15720
2020-07-27,Madison,1,391,156,15876
2020-07-28,Madison,2,393,304,16180
2020-07-29,Madison,3,396,162,16342
2020-07-30,Madison,2,398,250,16592
2020-07-31,Madison,1,399,187,16779
2020-08-01,Madison,1,400,142,16921
2020-08-02,Madison,1,401,80,17001
2020-08-03,Madison,4,405,282,17283
2020-08-04,Madison,1,406,202,17485
2020-08-05,Madison,3,409,238,17723
2020-08-06,Madison,3,412,374,18097
2020-08-07,Madison,0,412,122,18219
2020-08-08,Madison,0,412,107,18326
2020-08-09,Madison,0,412,78,18404
2020-08-10,Madison,1,413,462,18866
2020-08-11,Madison,1,414,323,19189
2020-08-12,Madison,3,417,125,19314
2020-08-13,Madison,2,419,340,19654
2020-08-14,Madison,2,421,268,19922
2020-08-15,Madison,0,421,149,20071
2020-08-16,Madison,0,421,147,20218
2020-08-17,Madison,2,423,302,20520
2020-08-18,Madison,1,424,256,20776
2020-08-19,Madison,0,424,228,21004
2020-08-20,Madison,7,431,1008,22012
2020-08-21,Madison,1,432,473,22485
2020-08-22,Madison,0,432,111,22596
2020-08-23,Madison,0,432,140,22736
2020-08-24,Madison,2,434,468,23204
2020-08-25,Madison,1,435,236,23440
2020-08-26,Madison,4,439,546,23986
2020-08-27,Madison,17,456,1671,25657
2020-08-28,Madison,3,459,993,26650
2020-08-29,Madison,2,461,197,26847
2020-08-30,Madison,0,461,247,27094
2020-08-31,Madison,0,461,272,27366
2020-09-01,Madison,0,461,206,27572
2020-09-02,Madison,6,467,1767,29339
2020-09-03,Madison,7,474,1108,30447
2020-09-04,Madison,0,474,295,30742
2020-09-05,Madison,0,474,255,30997
2020-09-06,Madison,1,475,77,31074
2020-09-07,Madison,0,475,149,31223
2020-09-08,Madison,0,475,304,31527
2020-09-09,Madison,0,475,97,31624
2020-09-10,Madison,1,476,362,31986
2020-09-11,Madison,2,478,341,32327
2020-09-12,Madison,0,478,260,32587
2020-09-13,Madison,0,478,94,32681
2020-09-14,Madison,2,480,126,32807
2020-09-15,Madison,0,480,362,33169
2020-09-16,Madison,0,480,164,33333
2020-09-17,Madison,4,484,318,33651
2020-09-18,Madison,2,486,284,33935
2020-09-19,Madison,1,487,301,34236
2020-09-20,Madison,1,488,110,34346
2020-09-21,Madison,1,489,124,34470
2020-09-22,Madison,0,489,389,34859
2020-09-23,Madison,3,492,375,35234
2020-09-24,Madison,0,492,251,35485
2020-09-25,Madison,1,493,386,35871
2020-09-26,Madison,0,493,198,36069
2020-09-27,Madison,0,493,155,36224
2020-09-28,Madison,4,497,288,36512
2020-09-29,Madison,0,497,484,36996
2020-09-30,Madison,1,498,370,37366
2020-10-01,Madison,3,501,367,37733
2020-10-02,Madison,2,503,476,38209
2020-10-03,Madison,0,503,140,38349
2020-10-04,Madison,0,503,94,38443
2020-10-05,Madison,2,505,241,38684
2020-10-06,Madison,0,505,469,39153
2020-10-07,Madison,0,505,448,39601
2020-10-08,Madison,4,509,523,40124
2020-10-09,Madison,0,509,377,40501
2020-10-10,Madison,2,511,211,40712
2020-10-11,Madison,0,511,134,40846
2020-10-12,Madison,4,515,376,41222
2020-10-13,Madison,2,517,297,41519
2020-10-14,Madison,4,521,638,42157
2020-10-15,Madison,7,528,396,42553
2020-10-16,Madison,3,531,520,43073
2020-10-17,Madison,2,533,211,43284
2020-10-18,Madison,3,536,123,43407
2020-10-19,Madison,1,537,421,43828
2020-10-20,Madison,4,541,691,44519
2020-10-21,Madison,4,545,512,45031
2020-10-22,Madison,7,552,552,45583
2020-10-23,Madison,5,557,472,46055
2020-10-24,Madison,2,559,212,46267
2020-10-25,Madison,0,559,99,46366
2020-10-26,Madison,4,563,279,46645
2020-10-27,Madison,2,565,444,47089
2020-10-28,Madison,5,570,351,47440
2020-10-29,Madison,7,577,531,47971
2020-10-30,Madison,7,584,521,48492
2020-10-31,Madison,9,593,241,48733
2020-11-01,Madison,4,597,176,48909
2020-11-02,Madison,4,601,314,49223
2020-11-03,Madison,8,609,302,49525
2020-11-04,Madison,7,616,722,50247
2020-11-05,Madison,11,627,573,50820
2020-11-06,Madison,16,643,515,51335
2020-11-07,Madison,9,652,287,51622
2020-11-08,Madison,6,658,209,51831
2020-11-09,Madison,8,666,334,52165
2020-11-10,Madison,6,672,798,52963
2020-11-11,Madison,12,684,1399,54362
2020-11-12,Madison,12,696,569,54931
2020-11-13,Madison,13,709,517,55448
2020-11-14,Madison,9,718,194,55642
2020-11-15,Madison,9,727,146,55788
2020-11-16,Madison,12,739,304,56092
2020-11-17,Madison,14,753,745,56837
2020-11-18,Madison,13,766,592,57429
2020-11-19,Madison,10,776,632,58061
2020-11-20,Madison,19,795,516,58577
2020-11-21,Madison,2,797,142,58719
2020-11-22,Madison,24,821,842,59561
2020-11-23,Madison,15,836,468,60029
2020-11-24,Madison,25,861,458,60487
2020-11-25,Madison,17,878,495,60982
2020-11-26,Madison,20,898,437,61419
2020-11-27,Madison,15,913,363,61782
2020-11-28,Madison,31,944,496,62278
2020-11-29,Madison,7,951,259,62537
2020-11-30,Madison,12,963,302,62839
2020-12-01,Madison,29,992,596,63435
2020-12-02,Madison,51,1043,816,64251
2020-12-03,Madison,37,1080,599,64850
2020-12-04,Madison,47,1127,680,65530
2020-12-05,Madison,52,1179,686,66216
2020-12-06,Madison,30,1209,307,66523
2020-12-07,Madison,47,1256,333,66856
2020-12-08,Madison,69,1325,629,67485
2020-12-09,Madison,56,1381,581,68066
2020-12-10,Madison,82,1463,581,68647
2020-12-11,Madison,42,1505,715,69362
2020-12-12,Madison,67,1572,788,70150
2020-12-13,Madison,20,1592,414,70564
2020-12-14,Madison,29,1621,375,70939
2020-12-15,Madison,63,1684,420,71359
2020-12-16,Madison,40,1724,723,72082
2020-12-17,Madison,37,1761,601,72683
2020-12-18,Madison,59,1820,657,73340
2020-12-19,Madison,45,1865,654,73994
2020-12-20,Madison,32,1897,347,74341
2020-12-21,Madison,15,1912,451,74792
2020-12-22,Madison,41,1953,520,75312
2020-12-23,Madison,64,2017,734,76046
2020-12-24,Madison,42,2059,733,76779
2020-12-25,Madison,24,2083,368,77147
2020-12-26,Madison,23,2106,241,77388
2020-12-27,Madison,44,2150,344,77732
2020-12-28,Madison,36,2186,347,78079
2020-12-29,Madison,54,2240,440,78519
2020-12-30,Madison,49,2289,585,79104
2020-12-31,Madison,48,2337,633,79737
2021-01-01,Madison,40,2377,543,80280
2021-01-02,Madison,40,2417,382,80662
2021-01-03,Madison,41,2458,302,80964
2021-01-04,Madison,24,2482,341,81305
2021-01-05,Madison,71,2553,647,81952
2021-01-06,Madison,49,2602,840,82792
2021-01-07,Madison,80,2682,723,83515
2021-01-08,Madison,64,2746,850,84365
2021-01-09,Madison,61,2807,665,85030
2021-01-10,Madison,42,2849,338,85368
2021-01-11,Madison,36,2885,400,85768
2021-01-12,Madison,26,2911,559,86327
2021-01-13,Madison,31,2942,783,87110
2021-01-14,Madison,43,2985,1259,88369
2021-01-15,Madison,62,3047,1251,89620
2021-01-16,Madison,26,3073,803,90423
2021-01-17,Madison,35,3108,406,90829
2021-01-18,Madison,41,3149,380,91209
2021-01-19,Madison,24,3173,671,91880
2021-01-20,Madison,36,3209,657,92537
2021-01-21,Madison,34,3243,618,93155
2021-01-22,Madison,45,3288,816,93971
2021-01-23,Madison,39,3327,801,94772
2021-01-24,Madison,8,3335,471,95243
2021-01-25,Madison,19,3354,278,95521
2021-01-26,Madison,25,3379,1467,96988
2021-01-27,Madison,24,3403,1528,98516
2021-01-28,Madison,23,3426,1306,99822
2021-01-29,Madison,32,3458,850,100672
2021-01-30,Madison,26,3484,555,101227
2021-01-31,Madison,13,3497,376,101603
2021-02-01,Madison,13,3510,256,101859
2021-02-02,Madison,16,3526,495,102354
2021-02-03,Madison,13,3539,550,102904
2021-02-04,Madison,18,3557,460,103364
2021-02-05,Madison,15,3572,744,104108
2021-02-06,Madison,29,3601,3093,107201
2021-02-07,Madison,12,3613,616,107817
2021-02-08,Madison,8,3621,580,108397
2021-02-09,Madison,22,3643,727,109124
2021-02-10,Madison,14,3657,1753,110877
2021-02-11,Madison,12,3669,1033,111910
2021-02-12,Madison,13,3682,610,112520
2021-02-13,Madison,11,3693,829,113349
2021-02-14,Madison,11,3704,631,113980
2021-02-15,Madison,6,3710,463,114443
2021-02-16,Madison,14,3724,834,115277
2021-02-17,Madison,11,3735,456,115733
2021-02-18,Madison,5,3740,645,116378
2021-02-19,Madison,15,3755,1132,117510
2021-02-20,Madison,10,3765,706,118216
2021-02-21,Madison,10,3775,280,118496
2021-02-22,Madison,8,3783,1080,119576
2021-02-23,Madison,9,3792,1314,120890
2021-02-24,Madison,14,3806,1136,122026
2021-02-25,Madison,11,3817,2727,124753
2021-02-26,Madison,16,3833,786,125539
2021-02-27,Madison,11,3844,1137,126676
2021-02-28,Madison,4,3848,556,127232
2021-03-01,Madison,6,3854,233,127465
2021-03-02,Madison,9,3863,997,128462
2021-03-03,Madison,6,3869,1770,130232
2021-03-04,Madison,13,3882,1726,131958
2021-03-05,Madison,11,3893,917,132875
2021-03-06,Madison,3,3896,597,133472
2021-03-07,Madison,2,3898,592,134064
2021-03-08,Madison,3,3901,549,134613
2021-03-09,Madison,7,3908,855,135468
2021-03-10,Madison,5,3913,1913,137381
2021-03-11,Madison,8,3921,1648,139029
2021-03-12,Madison,2,3923,805,139834
2021-03-13,Madison,14,3937,898,140732
2021-03-14,Madison,7,3944,384,141116
2021-03-15,Madison,5,3949,695,141811
2021-03-16,Madison,7,3956,891,142702
2021-03-17,Madison,11,3967,1948,144650
2021-03-18,Madison,7,3974,1457,146107
2021-03-19,Madison,8,3982,880,146987
2021-03-20,Madison,11,3993,607,147594
2021-03-21,Madison,2,3995,761,148355
2021-03-22,Madison,6,4001,247,148602
2021-03-23,Madison,16,4017,915,149517
2021-03-24,Madison,12,4029,1861,151378
2021-03-25,Madison,18,4047,1875,153253
2021-03-26,Madison,22,4069,1841,155094
2021-03-27,Madison,12,4081,769,155863
2021-03-28,Madison,5,4086,442,156305
2021-03-29,Madison,8,4094,726,157031
2021-03-30,Madison,11,4105,577,157608
2021-03-31,Madison,11,4116,1366,158974
2021-04-01,Madison,14,4130,1905,160879
2021-04-02,Madison,8,4138,1388,162267
2021-04-03,Madison,8,4146,441,162708
2021-04-04,Madison,9,4155,334,163042
2021-04-05,Madison,6,4161,616,163658
2021-04-06,Madison,12,4173,941,164599
2021-04-07,Madison,15,4188,1885,166484
2021-04-08,Madison,13,4201,1734,168218
2021-04-09,Madison,17,4218,1219,169437
2021-04-10,Madison,6,4224,787,170224
2021-04-11,Madison,7,4231,506,170730
2021-04-12,Madison,7,4238,610,171340
2021-04-13,Madison,19,4257,937,172277
2021-04-14,Madison,16,4273,1839,174116
2021-04-15,Madison,4,4277,1348,175464
2021-04-16,Madison,15,4292,824,176288
2021-04-17,Madison,10,4302,1260,177548
2021-04-18,Madison,7,4309,439,177987
2021-04-19,Madison,7,4316,723,178710
2021-04-20,Madison,5,4321,971,179681
2021-04-21,Madison,5,4326,1737,181418
2021-04-22,Madison,10,4336,837,182255
2021-04-23,Madison,9,4345,1306,183561
2021-04-24,Madison,6,4351,684,184245
2021-04-25,Madison,5,4356,419,184664
2021-04-26,Madison,3,4359,588,185252
2021-04-27,Madison,5,4364,764,186016
2021-04-28,Madison,8,4372,925,186941
2021-04-29,Madison,6,4378,1107,188048
2021-04-30,Madison,7,4385,1277,189325
2021-05-01,Madison,11,4396,712,190037
2021-05-02,Madison,2,4398,507,190544
2021-05-03,Madison,2,4400,161,190705
2021-05-04,Madison,4,4404,562,191267
2021-05-05,Madison,7,4411,714,191981
2021-05-06,Madison,3,4414,464,192445
2021-05-07,Madison,7,4421,712,193157
2021-05-08,Madison,5,4426,447,193604
2021-05-09,Madison,8,4434,292,193896
2021-05-10,Madison,6,4440,400,194296
2021-05-11,Madison,9,4449,477,194773
2021-05-12,Madison,9,4458,565,195338
2021-05-13,Madison,7,4465,866,196204
2021-05-14,Madison,6,4471,508,196712
2021-05-15,Madison,6,4477,353,197065
2021-05-16,Madison,5,4482,147,197212
2021-05-17,Madison,3,4485,173,197385
2021-05-18,Madison,9,4494,547,197932
2021-05-19,Madison,3,4497,334,198266
2021-05-20,Madison,5,4502,484,198750
2021-05-21,Madison,4,4506,287,199037
2021-05-22,Madison,7,4513,359,199396
2021-05-23,Madison,4,4517,138,199534
2021-05-24,Madison,2,4519,136,199670
2021-05-25,Madison,7,4526,435,200105
2021-05-26,Madison,6,4532,316,200421
2021-05-27,Madison,1,4533,517,200938
2021-05-28,Madison,6,4539,342,201280
2021-05-29,Madison,2,4541,201,201481
2021-05-30,Madison,5,4546,96,201577
2021-05-31,Madison,0,4546,56,201633
2021-06-01,Madison,0,4546,169,201802
2021-06-02,Madison,0,4546,443,202245
2021-06-03,Madison,2,4548,509,202754
2021-06-04,Madison,4,4552,415,203169
2021-06-05,Madison,1,4553,178,203347
2021-06-06,Madison,0,4553,118,203465
2021-06-07,Madison,1,4554,244,203709
2021-06-08,Madison,2,4556,351,204060
2021-06-09,Madison,4,4560,305,204365
2021-06-10,Madison,0,4560,387,204752
2021-06-11,Madison,0,4560,221,204973
2021-06-12,Madison,2,4562,270,205243
2021-06-13,Madison,0,4562,78,205321
2021-06-14,Madison,0,4562,95,205416
2021-06-15,Madison,0,4562,237,205653
2021-06-16,Madison,2,4564,230,205883
2021-06-17,Madison,0,4564,218,206101
2021-06-18,Madison,1,4565,204,206305
2021-06-19,Madison,0,4565,116,206421
2021-06-20,Madison,0,4565,56,206477
2021-06-21,Madison,1,4566,120,206597
2021-06-22,Madison,1,4567,219,206816
2021-06-23,Madison,1,4568,199,207015
2021-06-24,Madison,0,4568,115,207130
2021-06-25,Madison,2,4570,224,207354
2021-06-26,Madison,0,4570,166,207520
2021-06-27,Madison,0,4570,60,207580
2021-06-28,Madison,0,4570,77,207657
2021-06-29,Madison,0,4570,106,207763
2021-06-30,Madison,0,4570,123,207886
2021-07-01,Madison,0,4570,194,208080
2021-07-02,Madison,0,4570,232,208312
2021-07-03,Madison,1,4571,103,208415
2021-07-04,Madison,0,4571,47,208462
2021-07-05,Madison,0,4571,54,208516
2021-07-06,Madison,1,4572,66,208582
2021-07-07,Madison,0,4572,178,208760
2021-07-08,Madison,1,4573,183,208943
2021-07-09,Madison,1,4574,201,209144
2021-07-10,Madison,0,4574,87,209231
2021-07-11,Madison,3,4577,84,209315
2021-07-12,Madison,2,4579,73,209388
2021-07-13,Madison,3,4582,111,209499
2021-07-14,Madison,2,4584,230,209729
2021-07-15,Madison,1,4585,139,209868
2021-07-16,Madison,1,4586,84,209952
2021-07-17,Madison,4,4590,131,210083
2021-07-18,Madison,2,4592,36,210119
2020-03-01,Monroe,0,0,0,0
2020-03-02,Monroe,0,0,0,0
2020-03-03,Monroe,0,0,0,0
2020-03-04,Monroe,0,0,0,0
2020-03-05,Monroe,0,0,0,0
2020-03-06,Monroe,0,0,0,0
2020-03-07,Monroe,0,0,2,2
2020-03-08,Monroe,0,0,1,3
2020-03-09,Monroe,0,0,0,3
2020-03-10,Monroe,0,0,0,3
2020-03-11,Monroe,0,0,0,3
2020-03-12,Monroe,1,1,10,13
2020-03-13,Monroe,1,2,4,17
2020-03-14,Monroe,0,2,2,19
2020-03-15,Monroe,7,9,39,58
2020-03-16,Monroe,1,10,29,87
2020-03-17,Monroe,4,14,75,162
2020-03-18,Monroe,13,27,153,315
2020-03-19,Monroe,5,32,193,508
2020-03-20,Monroe,10,42,148,656
2020-03-21,Monroe,15,57,246,902
2020-03-22,Monroe,19,76,416,1318
2020-03-23,Monroe,20,96,219,1537
2020-03-24,Monroe,22,118,172,1709
2020-03-25,Monroe,21,139,255,1964
2020-03-26,Monroe,21,160,232,2196
2020-03-27,Monroe,32,192,253,2449
2020-03-28,Monroe,27,219,282,2731
2020-03-29,Monroe,23,242,129,2860
2020-03-30,Monroe,50,292,383,3243
2020-03-31,Monroe,57,349,356,3599
2020-04-01,Monroe,71,420,381,3980
2020-04-02,Monroe,44,464,336,4316
2020-04-03,Monroe,48,512,328,4644
2020-04-04,Monroe,36,548,277,4921
2020-04-05,Monroe,26,574,225,5146
2020-04-06,Monroe,22,596,305,5451
2020-04-07,Monroe,55,651,420,5871
2020-04-08,Monroe,47,698,382,6253
2020-04-09,Monroe,44,742,380,6633
2020-04-10,Monroe,25,767,284,6917
2020-04-11,Monroe,31,798,220,7137
2020-04-12,Monroe,25,823,157,7294
2020-04-13,Monroe,27,850,304,7598
2020-04-14,Monroe,34,884,353,7951
2020-04-15,Monroe,48,932,259,8210
2020-04-16,Monroe,43,975,296,8506
2020-04-17,Monroe,33,1008,260,8766
2020-04-18,Monroe,24,1032,202,8968
2020-04-19,Monroe,22,1054,188,9156
2020-04-20,Monroe,16,1070,229,9385
2020-04-21,Monroe,42,1112,409,9794
2020-04-22,Monroe,40,1152,500,10294
2020-04-23,Monroe,47,1199,470,10764
2020-04-24,Monroe,86,1285,1134,11898
2020-04-25,Monroe,31,1316,341,12239
2020-04-26,Monroe,15,1331,234,12473
2020-04-27,Monroe,40,1371,543,13016
2020-04-28,Monroe,33,1404,530,13546
2020-04-29,Monroe,37,1441,469,14015
2020-04-30,Monroe,37,1478,579,14594
2020-05-01,Monroe,56,1534,520,15114
2020-05-02,Monroe,32,1566,571,15685
2020-05-03,Monroe,29,1595,914,16599
2020-05-04,Monroe,28,1623,721,17320
2020-05-05,Monroe,32,1655,842,18162
2020-05-06,Monroe,33,1688,1088,19250
2020-05-07,Monroe,47,1735,1042,20292
2020-05-08,Monroe,40,1775,1114,21406
2020-05-09,Monroe,46,1821,1148,22554
2020-05-10,Monroe,29,1850,864,23418
2020-05-11,Monroe,40,1890,797,24215
2020-05-12,Monroe,69,1959,1423,25638
2020-05-13,Monroe,60,2019,1401,27039
2020-05-14,Monroe,72,2091,1332,28371
2020-05-15,Monroe,101,2192,1427,29798
2020-05-16,Monroe,66,2258,1508,31306
2020-05-17,Monroe,45,2303,1324,32630
2020-05-18,Monroe,73,2376,1304,33934
2020-05-19,Monroe,89,2465,2033,35967
2020-05-20,Monroe,65,2530,1852,37819
2020-05-21,Monroe,71,2601,2061,39880
2020-05-22,Monroe,60,2661,1198,41078
2020-05-23,Monroe,36,2697,846,41924
2020-05-24,Monroe,36,2733,1729,43653
2020-05-25,Monroe,29,2762,1595,45248
2020-05-26,Monroe,29,2791,1297,46545
2020-05-27,Monroe,33,2824,1632,48177
2020-05-28,Monroe,36,2860,1127,49304
2020-05-29,Monroe,49,2909,1322,50626
2020-05-30,Monroe,33,2942,2828,53454
2020-05-31,Monroe,22,2964,1994,55448
2020-06-01,Monroe,25,2989,2340,57788
2020-06-02,Monroe,59,3048,3979,61767
2020-06-03,Monroe,33,3081,2854,64621
2020-06-04,Monroe,36,3117,2438,67059
2020-06-05,Monroe,50,3167,4685,71744
2020-06-06,Monroe,23,3190,3231,74975
2020-06-07,Monroe,13,3203,2881,77856
2020-06-08,Monroe,40,3243,3245,81101
2020-06-09,Monroe,12,3255,2985,84086
2020-06-10,Monroe,38,3293,2680,86766
2020-06-11,Monroe,27,3320,3200,89966
2020-06-12,Monroe,20,3340,2748,92714
2020-06-13,Monroe,30,3370,3306,96020
2020-06-14,Monroe,10,3380,2541,98561
2020-06-15,Monroe,22,3402,2556,101117
2020-06-16,Monroe,16,3418,2668,103785
2020-06-17,Monroe,21,3439,1704,105489
2020-06-18,Monroe,22,3461,1725,107214
2020-06-19,Monroe,26,3487,2028,109242
2020-06-20,Monroe,11,3498,2118,111360
2020-06-21,Monroe,14,3512,1708,113068
2020-06-22,Monroe,28,3540,2314,115382
2020-06-23,Monroe,27,3567,1882,117264
2020-06-24,Monroe,35,3602,2174,119438
2020-06-25,Monroe,39,3641,2194,121632
2020-06-26,Monroe,35,3676,2250,123882
2020-06-27,Monroe,14,3690,2107,125989
2020-06-28,Monroe,19,3709,2132,128121
2020-06-29,Monroe,33,3742,2744,130865
2020-06-30,Monroe,38,3780,2184,133049
2020-07-01,Monroe,53,3833,2715,135764
2020-07-02,Monroe,52,3885,2605,138369
2020-07-03,Monroe,37,3922,4769,143138
2020-07-04,Monroe,31,3953,2830,145968
2020-07-05,Monroe,21,3974,1765,147733
2020-07-06,Monroe,30,4004,2481,150214
2020-07-07,Monroe,42,4046,2511,152725
2020-07-08,Monroe,28,4074,2744,155469
2020-07-09,Monroe,46,4120,2501,157970
2020-07-10,Monroe,33,4153,2660,160630
2020-07-11,Monroe,24,4177,2666,163296
2020-07-12,Monroe,23,4200,2037,165333
2020-07-13,Monroe,47,4247,3260,168593
2020-07-14,Monroe,34,4281,2854,171447
2020-07-15,Monroe,36,4317,3270,174717
2020-07-16,Monroe,36,4353,3172,177889
2020-07-17,Monroe,30,4383,3061,180950
2020-07-18,Monroe,18,4401,1762,182712
2020-07-19,Monroe,21,4422,2383,185095
2020-07-20,Monroe,30,4452,3247,188342
2020-07-21,Monroe,40,4492,2772,191114
2020-07-22,Monroe,19,4511,2471,193585
2020-07-23,Monroe,26,4537,3625,197210
2020-07-24,Monroe,32,4569,2654,199864
2020-07-25,Monroe,22,4591,2611,202475
2020-07-26,Monroe,29,4620,2887,205362
2020-07-27,Monroe,12,4632,3058,208420
2020-07-28,Monroe,24,4656,3644,212064
2020-07-29,Monroe,21,4677,2914,214978
2020-07-30,Monroe,33,4710,3785,218763
2020-07-31,Monroe,32,4742,2971,221734
2020-08-01,Monroe,26,4768,2679,224413
2020-08-02,Monroe,22,4790,2384,226797
2020-08-03,Monroe,31,4821,2308,229105
2020-08-04,Monroe,20,4841,3199,232304
2020-08-05,Monroe,27,4868,3627,235931
2020-08-06,Monroe,33,4901,3410,239341
2020-08-07,Monroe,21,4922,2608,241949
2020-08-08,Monroe,34,4956,3016,244965
2020-08-09,Monroe,20,4976,2581,247546
2020-08-10,Monroe,26,5002,3833,251379
2020-08-11,Monroe,33,5035,4321,255700
2020-08-12,Monroe,44,5079,5806,261506
2020-08-13,Monroe,43,5122,4457,265963
2020-08-14,Monroe,21,5143,4144,270107
2020-08-15,Monroe,22,5165,3599,273706
2020-08-16,Monroe,18,5183,2882,276588
2020-08-17,Monroe,30,5213,3645,280233
2020-08-18,Monroe,28,5241,3503,283736
2020-08-19,Monroe,15,5256,2807,286543
2020-08-20,Monroe,17,5273,4549,291092
2020-08-21,Monroe,24,5297,3649,294741
2020-08-22,Monroe,20,5317,3748,298489
2020-08-23,Monroe,13,5330,3752,302241
2020-08-24,Monroe,18,5348,2776,305017
2020-08-25,Monroe,16,5364,3000,308017
2020-08-26,Monroe,21,5385,2660,310677
2020-08-27,Monroe,13,5398,3205,313882
2020-08-28,Monroe,24,5422,3274,317156
2020-08-29,Monroe,21,5443,3244,320400
2020-08-30,Monroe,9,5452,2301,322701
2020-08-31,Monroe,10,5462,2325,325026
2020-09-01,Monroe,6,5468,2483,327509
2020-09-02,Monroe,34,5502,3345,330854
2020-09-03,Monroe,27,5529,3118,333972
2020-09-04,Monroe,22,5551,3310,337282
2020-09-05,Monroe,21,5572,3245,340527
2020-09-06,Monroe,13,5585,2535,343062
2020-09-07,Monroe,17,5602,2068,345130
2020-09-08,Monroe,13,5615,2543,347673
2020-09-09,Monroe,33,5648,2860,350533
2020-09-10,Monroe,28,5676,1976,352509
2020-09-11,Monroe,36,5712,3722,356231
2020-09-12,Monroe,15,5727,2553,358784
2020-09-13,Monroe,37,5764,3760,362544
2020-09-14,Monroe,29,5793,2933,365477
2020-09-15,Monroe,16,5809,2678,368155
2020-09-16,Monroe,30,5839,3927,372082
2020-09-17,Monroe,18,5857,3330,375412
2020-09-18,Monroe,19,5876,4380,379792
2020-09-19,Monroe,18,5894,3621,383413
2020-09-20,Monroe,17,5911,1855,385268
2020-09-21,Monroe,14,5925,3498,388766
2020-09-22,Monroe,15,5940,2959,391725
2020-09-23,Monroe,30,5970,3426,395151
2020-09-24,Monroe,15,5985,3473,398624
2020-09-25,Monroe,17,6002,4000,402624
2020-09-26,Monroe,24,6026,3194,405818
2020-09-27,Monroe,19,6045,2246,408064
2020-09-28,Monroe,29,6074,2901,410965
2020-09-29,Monroe,11,6085,4323,415288
2020-09-30,Monroe,36,6121,4670,419958
2020-10-01,Monroe,39,6160,3116,423074
2020-10-02,Monroe,26,6186,3983,427057
2020-10-03,Monroe,20,6206,2865,429922
2020-10-04,Monroe,14,6220,1451,431373
2020-10-05,Monroe,28,6248,4277,435650
2020-10-06,Monroe,18,6266,4216,439866
2020-10-07,Monroe,50,6316,3366,443232
2020-10-08,Monroe,33,6349,4287,447519
2020-10-09,Monroe,38,6387,4004,451523
2020-10-10,Monroe,34,6421,4015,455538
2020-10-11,Monroe,32,6453,3867,459405
2020-10-12,Monroe,37,6490,3713,463118
2020-10-13,Monroe,26,6516,4189,467307
2020-10-14,Monroe,56,6572,3748,471055
2020-10-15,Monroe,56,6628,3526,474581
2020-10-16,Monroe,43,6671,4877,479458
2020-10-17,Monroe,36,6707,3486,482944
2020-10-18,Monroe,37,6744,2606,485550
2020-10-19,Monroe,54,6798,4109,489659
2020-10-20,Monroe,52,6850,3269,492928
2020-10-21,Monroe,67,6917,4833,497761
2020-10-22,Monroe,75,6992,4453,502214
2020-10-23,Monroe,78,7070,4901,507115
2020-10-24,Monroe,41,7111,3243,510358
2020-10-25,Monroe,63,7174,3703,514061
2020-10-26,Monroe,82,7256,4344,518405
2020-10-27,Monroe,56,7312,3602,522007
2020-10-28,Monroe,74,7386,5031,527038
2020-10-29,Monroe,107,7493,4413,531451
2020-10-30,Monroe,103,7596,4792,536243
2020-10-31,Monroe,109,7705,4919,541162
2020-11-01,Monroe,112,7817,4323,545485
2020-11-02,Monroe,106,7923,4952,550437
2020-11-03,Monroe,102,8025,3012,553449
2020-11-04,Monroe,212,8237,4713,558162
2020-11-05,Monroe,161,8398,4536,562698
2020-11-06,Monroe,218,8616,5755,568453
2020-11-07,Monroe,208,8824,5635,574088
2020-11-08,Monroe,133,8957,2764,576852
2020-11-09,Monroe,284,9241,6957,583809
2020-11-10,Monroe,273,9514,5036,588845
2020-11-11,Monroe,249,9763,4509,593354
2020-11-12,Monroe,311,10074,6141,599495
2020-11-13,Monroe,255,10329,6077,605572
2020-11-14,Monroe,124,10453,2650,608222
2020-11-15,Monroe,227,10680,5488,613710
2020-11-16,Monroe,211,10891,5734,619444
2020-11-17,Monroe,257,11148,6461,625905
2020-11-18,Monroe,296,11444,9079,634984
2020-11-19,Monroe,289,11733,8283,643267
2020-11-20,Monroe,359,12092,8977,652244
2020-11-21,Monroe,314,12406,11508,663752
2020-11-22,Monroe,365,12771,9922,673674
2020-11-23,Monroe,283,13054,6746,680420
2020-11-24,Monroe,363,13417,5932,686352
2020-11-25,Monroe,400,13817,6396,692748
2020-11-26,Monroe,521,14338,8448,701196
2020-11-27,Monroe,365,14703,4539,705735
2020-11-28,Monroe,435,15138,5727,711462
2020-11-29,Monroe,522,15660,6761,718223
2020-11-30,Monroe,400,16060,6342,724565
2020-12-01,Monroe,528,16588,10830,735395
2020-12-02,Monroe,539,17127,7402,742797
2020-12-03,Monroe,783,17910,8227,751024
2020-12-04,Monroe,543,18453,8585,759609
2020-12-05,Monroe,621,19074,6493,766102
2020-12-06,Monroe,444,19518,4615,770717
2020-12-07,Monroe,353,19871,5032,775749
2020-12-08,Monroe,777,20648,8518,784267
2020-12-09,Monroe,619,21267,6542,790809
2020-12-10,Monroe,566,21833,7249,798058
2020-12-11,Monroe,720,22553,8921,806979
2020-12-12,Monroe,650,23203,6772,813751
2020-12-13,Monroe,542,23745,5678,819429
2020-12-14,Monroe,548,24293,6949,826378
2020-12-15,Monroe,653,24946,6809,833187
2020-12-16,Monroe,697,25643,7126,840313
2020-12-17,Monroe,746,26389,9182,849495
2020-12-18,Monroe,670,27059,8024,857519
2020-12-19,Monroe,689,27748,7677,865196
2020-12-20,Monroe,571,28319,7135,872331
2020-12-21,Monroe,443,28762,5483,877814
2020-12-22,Monroe,715,29477,7251,885065
2020-12-23,Monroe,574,30051,7040,892105
2020-12-24,Monroe,600,30651,9397,901502
2020-12-25,Monroe,426,31077,6032,907534
2020-12-26,Monroe,382,31459,4436,911970
2020-12-27,Monroe,540,31999,4245,916215
2020-12-28,Monroe,458,32457,4926,921141
2020-12-29,Monroe,602,33059,5463,926604
2020-12-30,Monroe,695,33754,6516,933120
2020-12-31,Monroe,838,34592,9702,942822
2021-01-01,Monroe,622,35214,6520,949342
2021-01-02,Monroe,564,35778,5220,954562
2021-01-03,Monroe,480,36258,4971,959533
2021-01-04,Monroe,447,36705,4766,964299
2021-01-05,Monroe,625,37330,5880,970179
2021-01-06,Monroe,723,38053,7782,977961
2021-01-07,Monroe,796,38849,8276,986237
2021-01-08,Monroe,706,39555,8648,994885
2021-01-09,Monroe,738,40293,8552,1003437
2021-01-10,Monroe,400,40693,5565,1009002
2021-01-11,Monroe,464,41157,6055,1015057
2021-01-12,Monroe,487,41644,5966,1021023
2021-01-13,Monroe,433,42077,6317,1027340
2021-01-14,Monroe,697,42774,11126,1038466
2021-01-15,Monroe,452,43226,8558,1047024
2021-01-16,Monroe,433,43659,6690,1053714
2021-01-17,Monroe,348,44007,5210,1058924
2021-01-18,Monroe,311,44318,5222,1064146
2021-01-19,Monroe,313,44631,4525,1068671
2021-01-20,Monroe,371,45002,7006,1075677
2021-01-21,Monroe,398,45400,8569,1084246
2021-01-22,Monroe,306,45706,7535,1091781
2021-01-23,Monroe,358,46064,7447,1099228
2021-01-24,Monroe,201,46265,5325,1104553
2021-01-25,Monroe,211,46476,5678,1110231
2021-01-26,Monroe,365,46841,6590,1116821
2021-01-27,Monroe,354,47195,8157,1124978
2021-01-28,Monroe,269,47464,10410,1135388
2021-01-29,Monroe,257,47721,9457,1144845
2021-01-30,Monroe,275,47996,7457,1152302
2021-01-31,Monroe,167,48163,5229,1157531
2021-02-01,Monroe,141,48304,4223,1161754
2021-02-02,Monroe,230,48534,7460,1169214
2021-02-03,Monroe,247,48781,9691,1178905
2021-02-04,Monroe,195,48976,7931,1186836
2021-02-05,Monroe,216,49192,9748,1196584
2021-02-06,Monroe,174,49366,7775,1204359
2021-02-07,Monroe,230,49596,6497,1210856
2021-02-08,Monroe,75,49671,4013,1214869
2021-02-09,Monroe,204,49875,7948,1222817
2021-02-10,Monroe,205,50080,9842,1232659
2021-02-11,Monroe,160,50240,8124,1240783
2021-02-12,Monroe,123,50363,9666,1250449
2021-02-13,Monroe,187,50550,7705,1258154
2021-02-14,Monroe,147,50697,5000,1263154
2021-02-15,Monroe,133,50830,4151,1267305
2021-02-16,Monroe,105,50935,5547,1272852
2021-02-17,Monroe,199,51134,7379,1280231
2021-02-18,Monroe,121,51255,7090,1287321
2021-02-19,Monroe,168,51423,9625,1296946
2021-02-20,Monroe,141,51564,8029,1304975
2021-02-21,Monroe,110,51674,4299,1309274
2021-02-22,Monroe,128,51802,4805,1314079
2021-02-23,Monroe,111,51913,7061,1321140
2021-02-24,Monroe,209,52122,9409,1330549
2021-02-25,Monroe,123,52245,10843,1341392
2021-02-26,Monroe,126,52371,9566,1350958
2021-02-27,Monroe,172,52543,8547,1359505
2021-02-28,Monroe,136,52679,4955,1364460
2021-03-01,Monroe,80,52759,4317,1368777
2021-03-02,Monroe,119,52878,7308,1376085
2021-03-03,Monroe,112,52990,8823,1384908
2021-03-04,Monroe,177,53167,10029,1394937
2021-03-05,Monroe,107,53274,9979,1404916
2021-03-06,Monroe,117,53391,7780,1412696
2021-03-07,Monroe,126,53517,4413,1417109
2021-03-08,Monroe,81,53598,4053,1421162
2021-03-09,Monroe,77,53675,6961,1428123
2021-03-10,Monroe,147,53822,8491,1436614
2021-03-11,Monroe,147,53969,10113,1446727
2021-03-12,Monroe,75,54044,9354,1456081
2021-03-13,Monroe,119,54163,8524,1464605
2021-03-14,Monroe,107,54270,3787,1468392
2021-03-15,Monroe,107,54377,4649,1473041
2021-03-16,Monroe,92,54469,7505,1480546
2021-03-17,Monroe,202,54671,10015,1490561
2021-03-18,Monroe,129,54800,8613,1499174
2021-03-19,Monroe,134,54934,10632,1509806
2021-03-20,Monroe,185,55119,8498,1518304
2021-03-21,Monroe,94,55213,4397,1522701
2021-03-22,Monroe,122,55335,4774,1527475
2021-03-23,Monroe,126,55461,7686,1535161
2021-03-24,Monroe,213,55674,9203,1544364
2021-03-25,Monroe,180,55854,9884,1554248
2021-03-26,Monroe,195,56049,11210,1565458
2021-03-27,Monroe,197,56246,9331,1574789
2021-03-28,Monroe,153,56399,5006,1579795
2021-03-29,Monroe,136,56535,4175,1583970
2021-03-30,Monroe,153,56688,7977,1591947
2021-03-31,Monroe,193,56881,7150,1599097
2021-04-01,Monroe,220,57101,9252,1608349
2021-04-02,Monroe,249,57350,10846,1619195
2021-04-03,Monroe,188,57538,9558,1628753
2021-04-04,Monroe,242,57780,4163,1632916
2021-04-05,Monroe,131,57911,4102,1637018
2021-04-06,Monroe,228,58139,8070,1645088
2021-04-07,Monroe,316,58455,9430,1654518
2021-04-08,Monroe,319,58774,11625,1666143
2021-04-09,Monroe,288,59062,11075,1677218
2021-04-10,Monroe,253,59315,8660,1685878
2021-04-11,Monroe,224,59539,3764,1689642
2021-04-12,Monroe,199,59738,5360,1695002
2021-04-13,Monroe,206,59944,8083,1703085
2021-04-14,Monroe,381,60325,10876,1713961
2021-04-15,Monroe,203,60528,7085,1721046
2021-04-16,Monroe,353,60881,10157,1731203
2021-04-17,Monroe,233,61114,10299,1741502
2021-04-18,Monroe,200,61314,4036,1745538
2021-04-19,Monroe,179,61493,4649,1750187
2021-04-20,Monroe,223,61716,8844,1759031
2021-04-21,Monroe,285,62001,9773,1768804
2021-04-22,Monroe,270,62271,8030,1776834
2021-04-23,Monroe,184,62455,9801,1786635
2021-04-24,Monroe,273,62728,10009,1796644
2021-04-25,Monroe,183,62911,4240,1800884
2021-04-26,Monroe,141,63052,4142,1805026
2021-04-27,Monroe,201,63253,7863,1812889
2021-04-28,Monroe,310,63563,8540,1821429
2021-04-29,Monroe,220,63783,8078,1829507
2021-04-30,Monroe,216,63999,8592,1838099
2021-05-01,Monroe,207,64206,9494,1847593
2021-05-02,Monroe,201,64407,4524,1852117
2021-05-03,Monroe,162,64569,4090,1856207
2021-05-04,Monroe,161,64730,7288,1863495
2021-05-05,Monroe,257,64987,8180,1871675
2021-05-06,Monroe,179,65166,7269,1878944
2021-05-07,Monroe,251,65417,9217,1888161
2021-05-08,Monroe,222,65639,6992,1895153
2021-05-09,Monroe,152,65791,4122,1899275
2021-05-10,Monroe,145,65936,2651,1901926
2021-05-11,Monroe,149,66085,4765,1906691
2021-05-12,Monroe,235,66320,7413,1914104
2021-05-13,Monroe,187,66507,6360,1920464
2021-05-14,Monroe,193,66700,7725,1928189
2021-05-15,Monroe,165,66865,4977,1933166
2021-05-16,Monroe,121,66986,3868,1937034
2021-05-17,Monroe,117,67103,3968,1941002
2021-05-18,Monroe,127,67230,4897,1945899
2021-05-19,Monroe,179,67409,6003,1951902
2021-05-20,Monroe,146,67555,5691,1957593
2021-05-21,Monroe,117,67672,5602,1963195
2021-05-22,Monroe,109,67781,3685,1966880
2021-05-23,Monroe,111,67892,3329,1970209
2021-05-24,Monroe,75,67967,2537,1972746
2021-05-25,Monroe,92,68059,4691,1977437
2021-05-26,Monroe,102,68161,4397,1981834
2021-05-27,Monroe,72,68233,5596,1987430
2021-05-28,Monroe,77,68310,4367,1991797
2021-05-29,Monroe,76,68386,3572,1995369
2021-05-30,Monroe,54,68440,2953,1998322
2021-05-31,Monroe,40,68480,1335,1999657
2021-06-01,Monroe,42,68522,2198,2001855
2021-06-02,Monroe,33,68555,4887,2006742
2021-06-03,Monroe,70,68625,6090,2012832
2021-06-04,Monroe,54,68679,5625,2018457
2021-06-05,Monroe,44,68723,3276,2021733
2021-06-06,Monroe,45,68768,2960,2024693
2021-06-07,Monroe,27,68795,2248,2026941
2021-06-08,Monroe,26,68821,4290,2031231
2021-06-09,Monroe,32,68853,3514,2034745
2021-06-10,Monroe,26,68879,5131,2039876
2021-06-11,Monroe,22,68901,3922,2043798
2021-06-12,Monroe,28,68929,3360,2047158
2021-06-13,Monroe,30,68959,2056,2049214
2021-06-14,Monroe,17,68976,1676,2050890
2021-06-15,Monroe,15,68991,3048,2053938
2021-06-16,Monroe,21,69012,3055,2056993
2021-06-17,Monroe,23,69035,3274,2060267
2021-06-18,Monroe,19,69054,3251,2063518
2021-06-19,Monroe,9,69063,2092,2065610
2021-06-20,Monroe,6,69069,1568,2067178
2021-06-21,Monroe,10,69079,1344,2068522
2021-06-22,Monroe,11,69090,2576,2071098
2021-06-23,Monroe,12,69102,2417,2073515
2021-06-24,Monroe,14,69116,2871,2076386
2021-06-25,Monroe,8,69124,2201,2078587
2021-06-26,Monroe,6,69130,2219,2080806
2021-06-27,Monroe,16,69146,1593,2082399
2021-06-28,Monroe,6,69152,1399,2083798
2021-06-29,Monroe,11,69163,2069,2085867
2021-06-30,Monroe,15,69178,2346,2088213
2021-07-01,Monroe,18,69196,2217,2090430
2021-07-02,Monroe,10,69206,1949,2092379
2021-07-03,Monroe,16,69222,2192,2094571
2021-07-04,Monroe,11,69233,1299,2095870
2021-07-05,Monroe,7,69240,784,2096654
2021-07-06,Monroe,19,69259,1325,2097979
2021-07-07,Monroe,14,69273,1995,2099974
2021-07-08,Monroe,16,69289,2373,2102347
2021-07-09,Monroe,15,69304,2121,2104468
2021-07-10,Monroe,11,69315,1835,2106303
2021-07-11,Monroe,10,69325,1262,2107565
2021-07-12,Monroe,11,69336,982,2108547
2021-07-13,Monroe,11,69347,1453,2110000
2021-07-14,Monroe,35,69382,2466,2112466
2021-07-15,Monroe,18,69400,1815,2114281
2021-07-16,Monroe,16,69416,1654,2115935
2021-07-17,Monroe,32,69448,1810,2117745
2021-07-18,Monroe,15,69463,1083,2118828
2020-03-01,Montgomery,0,0,0,0
2020-03-02,Montgomery,0,0,0,0
2020-03-03,Montgomery,0,0,0,0
2020-03-04,Montgomery,0,0,0,0
2020-03-05,Montgomery,0,0,0,0
2020-03-06,Montgomery,0,0,0,0
2020-03-07,Montgomery,0,0,0,0
2020-03-08,Montgomery,0,0,0,0
2020-03-09,Montgomery,0,0,0,0
2020-03-10,Montgomery,0,0,1,1
2020-03-11,Montgomery,0,0,1,2
2020-03-12,Montgomery,0,0,0,2
2020-03-13,Montgomery,0,0,0,2
2020-03-14,Montgomery,1,1,3,5
2020-03-15,Montgomery,0,1,4,9
2020-03-16,Montgomery,0,1,1,10
2020-03-17,Montgomery,1,2,14,24
2020-03-18,Montgomery,0,2,14,38
2020-03-19,Montgomery,0,2,4,42
2020-03-20,Montgomery,1,3,27,69
2020-03-21,Montgomery,0,3,20,89
2020-03-22,Montgomery,0,3,6,95
2020-03-23,Montgomery,0,3,5,100
2020-03-24,Montgomery,1,4,5,105
2020-03-25,Montgomery,1,5,5,110
2020-03-26,Montgomery,0,5,7,117
2020-03-27,Montgomery,0,5,10,127
2020-03-28,Montgomery,1,6,6,133
2020-03-29,Montgomery,0,6,2,135
2020-03-30,Montgomery,1,7,8,143
2020-03-31,Montgomery,0,7,4,147
2020-04-01,Montgomery,1,8,10,157
2020-04-02,Montgomery,2,10,8,165
2020-04-03,Montgomery,3,13,11,176
2020-04-04,Montgomery,2,15,14,190
2020-04-05,Montgomery,0,15,8,198
2020-04-06,Montgomery,3,18,20,218
2020-04-07,Montgomery,0,18,9,227
2020-04-08,Montgomery,10,28,24,251
2020-04-09,Montgomery,1,29,13,264
2020-04-10,Montgomery,0,29,8,272
2020-04-11,Montgomery,0,29,1,273
2020-04-12,Montgomery,0,29,2,275
2020-04-13,Montgomery,3,32,56,331
2020-04-14,Montgomery,0,32,0,331
2020-04-15,Montgomery,0,32,5,336
2020-04-16,Montgomery,1,33,10,346
2020-04-17,Montgomery,1,34,4,350
2020-04-18,Montgomery,1,35,4,354
2020-04-19,Montgomery,0,35,4,358
2020-04-20,Montgomery,2,37,3,361
2020-04-21,Montgomery,1,38,3,364
2020-04-22,Montgomery,1,39,7,371
2020-04-23,Montgomery,0,39,6,377
2020-04-24,Montgomery,7,46,226,603
2020-04-25,Montgomery,1,47,35,638
2020-04-26,Montgomery,0,47,9,647
2020-04-27,Montgomery,2,49,19,666
2020-04-28,Montgomery,2,51,18,684
2020-04-29,Montgomery,2,53,14,698
2020-04-30,Montgomery,1,54,29,727
2020-05-01,Montgomery,0,54,27,754
2020-05-02,Montgomery,2,56,53,807
2020-05-03,Montgomery,0,56,19,826
2020-05-04,Montgomery,5,61,28,854
2020-05-05,Montgomery,2,63,46,900
2020-05-06,Montgomery,0,63,34,934
2020-05-07,Montgomery,1,64,36,970
2020-05-08,Montgomery,2,66,36,1006
2020-05-09,Montgomery,1,67,33,1039
2020-05-10,Montgomery,0,67,30,1069
2020-05-11,Montgomery,0,67,62,1131
2020-05-12,Montgomery,1,68,115,1246
2020-05-13,Montgomery,1,69,177,1423
2020-05-14,Montgomery,3,72,46,1469
2020-05-15,Montgomery,3,75,93,1562
2020-05-16,Montgomery,0,75,52,1614
2020-05-17,Montgomery,0,75,38,1652
2020-05-18,Montgomery,0,75,25,1677
2020-05-19,Montgomery,0,75,43,1720
2020-05-20,Montgomery,2,77,96,1816
2020-05-21,Montgomery,0,77,130,1946
2020-05-22,Montgomery,0,77,79,2025
2020-05-23,Montgomery,2,79,131,2156
2020-05-24,Montgomery,0,79,159,2315
2020-05-25,Montgomery,1,80,41,2356
2020-05-26,Montgomery,2,82,47,2403
2020-05-27,Montgomery,0,82,341,2744
2020-05-28,Montgomery,2,84,182,2926
2020-05-29,Montgomery,5,89,222,3148
2020-05-30,Montgomery,2,91,95,3243
2020-05-31,Montgomery,0,91,186,3429
2020-06-01,Montgomery,2,93,104,3533
2020-06-02,Montgomery,1,94,213,3746
2020-06-03,Montgomery,2,96,311,4057
2020-06-04,Montgomery,0,96,314,4371
2020-06-05,Montgomery,2,98,370,4741
2020-06-06,Montgomery,2,100,226,4967
2020-06-07,Montgomery,0,100,246,5213
2020-06-08,Montgomery,0,100,240,5453
2020-06-09,Montgomery,0,100,149,5602
2020-06-10,Montgomery,1,101,235,5837
2020-06-11,Montgomery,2,103,327,6164
2020-06-12,Montgomery,0,103,218,6382
2020-06-13,Montgomery,1,104,178,6560
2020-06-14,Montgomery,0,104,137,6697
2020-06-15,Montgomery,0,104,125,6822
2020-06-16,Montgomery,0,104,76,6898
2020-06-17,Montgomery,1,105,151,7049
2020-06-18,Montgomery,1,106,224,7273
2020-06-19,Montgomery,0,106,156,7429
2020-06-20,Montgomery,0,106,221,7650
2020-06-21,Montgomery,2,108,237,7887
2020-06-22,Montgomery,1,109,162,8049
2020-06-23,Montgomery,1,110,63,8112
2020-06-24,Montgomery,1,111,160,8272
2020-06-25,Montgomery,2,113,163,8435
2020-06-26,Montgomery,3,116,210,8645
2020-06-27,Montgomery,2,118,312,8957
2020-06-28,Montgomery,0,118,174,9131
2020-06-29,Montgomery,0,118,127,9258
2020-06-30,Montgomery,0,118,83,9341
2020-07-01,Montgomery,1,119,179,9520
2020-07-02,Montgomery,0,119,169,9689
2020-07-03,Montgomery,0,119,167,9856
2020-07-04,Montgomery,0,119,242,10098
2020-07-05,Montgomery,1,120,170,10268
2020-07-06,Montgomery,1,121,169,10437
2020-07-07,Montgomery,0,121,76,10513
2020-07-08,Montgomery,4,125,174,10687
2020-07-09,Montgomery,3,128,202,10889
2020-07-10,Montgomery,2,130,202,11091
2020-07-11,Montgomery,2,132,229,11320
2020-07-12,Montgomery,1,133,131,11451
2020-07-13,Montgomery,8,141,230,11681
2020-07-14,Montgomery,0,141,94,11775
2020-07-15,Montgomery,0,141,133,11908
2020-07-16,Montgomery,0,141,380,12288
2020-07-17,Montgomery,2,143,252,12540
2020-07-18,Montgomery,0,143,125,12665
2020-07-19,Montgomery,0,143,123,12788
2020-07-20,Montgomery,1,144,137,12925
2020-07-21,Montgomery,0,144,156,13081
2020-07-22,Montgomery,1,145,124,13205
2020-07-23,Montgomery,1,146,190,13395
2020-07-24,Montgomery,1,147,188,13583
2020-07-25,Montgomery,1,148,187,13770
2020-07-26,Montgomery,0,148,150,13920
2020-07-27,Montgomery,4,152,68,13988
2020-07-28,Montgomery,0,152,102,14090
2020-07-29,Montgomery,0,152,142,14232
2020-07-30,Montgomery,2,154,198,14430
2020-07-31,Montgomery,1,155,211,14641
2020-08-01,Montgomery,2,157,293,14934
2020-08-02,Montgomery,3,160,202,15136
2020-08-03,Montgomery,0,160,196,15332
2020-08-04,Montgomery,1,161,168,15500
2020-08-05,Montgomery,8,169,142,15642
2020-08-06,Montgomery,1,170,339,15981
2020-08-07,Montgomery,2,172,202,16183
2020-08-08,Montgomery,4,176,251,16434
2020-08-09,Montgomery,1,177,124,16558
2020-08-10,Montgomery,0,177,164,16722
2020-08-11,Montgomery,0,177,122,16844
2020-08-12,Montgomery,2,179,157,17001
2020-08-13,Montgomery,2,181,175,17176
2020-08-14,Montgomery,3,184,260,17436
2020-08-15,Montgomery,3,187,254,17690
2020-08-16,Montgomery,1,188,130,17820
2020-08-17,Montgomery,0,188,192,18012
2020-08-18,Montgomery,1,189,166,18178
2020-08-19,Montgomery,1,190,145,18323
2020-08-20,Montgomery,3,193,362,18685
2020-08-21,Montgomery,0,193,199,18884
2020-08-22,Montgomery,1,194,190,19074
2020-08-23,Montgomery,2,196,163,19237
2020-08-24,Montgomery,0,196,92,19329
2020-08-25,Montgomery,1,197,169,19498
2020-08-26,Montgomery,1,198,138,19636
2020-08-27,Montgomery,2,200,263,19899
2020-08-28,Montgomery,2,202,218,20117
2020-08-29,Montgomery,0,202,217,20334
2020-08-30,Montgomery,4,206,293,20627
2020-08-31,Montgomery,1,207,326,20953
2020-09-01,Montgomery,1,208,65,21018
2020-09-02,Montgomery,3,211,158,21176
2020-09-03,Montgomery,1,212,242,21418
2020-09-04,Montgomery,2,214,222,21640
2020-09-05,Montgomery,1,215,213,21853
2020-09-06,Montgomery,0,215,169,22022
2020-09-07,Montgomery,0,215,163,22185
2020-09-08,Montgomery,0,215,75,22260
2020-09-09,Montgomery,0,215,137,22397
2020-09-10,Montgomery,2,217,276,22673
2020-09-11,Montgomery,1,218,259,22932
2020-09-12,Montgomery,0,218,260,23192
2020-09-13,Montgomery,0,218,322,23514
2020-09-14,Montgomery,0,218,169,23683
2020-09-15,Montgomery,0,218,190,23873
2020-09-16,Montgomery,1,219,177,24050
2020-09-17,Montgomery,0,219,213,24263
2020-09-18,Montgomery,4,223,244,24507
2020-09-19,Montgomery,4,227,287,24794
2020-09-20,Montgomery,0,227,254,25048
2020-09-21,Montgomery,2,229,434,25482
2020-09-22,Montgomery,1,230,86,25568
2020-09-23,Montgomery,2,232,155,25723
2020-09-24,Montgomery,0,232,251,25974
2020-09-25,Montgomery,0,232,159,26133
2020-09-26,Montgomery,0,232,144,26277
2020-09-27,Montgomery,0,232,70,26347
2020-09-28,Montgomery,2,234,217,26564
2020-09-29,Montgomery,1,235,75,26639
2020-09-30,Montgomery,0,235,100,26739
2020-10-01,Montgomery,1,236,272,27011
2020-10-02,Montgomery,1,237,354,27365
2020-10-03,Montgomery,1,238,310,27675
2020-10-04,Montgomery,0,238,214,27889
2020-10-05,Montgomery,3,241,180,28069
2020-10-06,Montgomery,0,241,71,28140
2020-10-07,Montgomery,1,242,300,28440
2020-10-08,Montgomery,2,244,289,28729
2020-10-09,Montgomery,1,245,300,29029
2020-10-10,Montgomery,0,245,173,29202
2020-10-11,Montgomery,0,245,269,29471
2020-10-12,Montgomery,4,249,149,29620
2020-10-13,Montgomery,0,249,65,29685
2020-10-14,Montgomery,1,250,299,29984
2020-10-15,Montgomery,2,252,403,30387
2020-10-16,Montgomery,2,254,269,30656
2020-10-17,Montgomery,0,254,223,30879
2020-10-18,Montgomery,1,255,216,31095
2020-10-19,Montgomery,1,256,142,31237
2020-10-20,Montgomery,1,257,111,31348
2020-10-21,Montgomery,2,259,206,31554
2020-10-22,Montgomery,2,261,211,31765
2020-10-23,Montgomery,0,261,328,32093
2020-10-24,Montgomery,0,261,239,32332
2020-10-25,Montgomery,1,262,190,32522
2020-10-26,Montgomery,4,266,99,32621
2020-10-27,Montgomery,2,268,118,32739
2020-10-28,Montgomery,2,270,372,33111
2020-10-29,Montgomery,2,272,360,33471
2020-10-30,Montgomery,1,273,422,33893
2020-10-31,Montgomery,0,273,220,34113
2020-11-01,Montgomery,3,276,147,34260
2020-11-02,Montgomery,5,281,196,34456
2020-11-03,Montgomery,2,283,93,34549
2020-11-04,Montgomery,0,283,242,34791
2020-11-05,Montgomery,9,292,318,35109
2020-11-06,Montgomery,3,295,270,35379
2020-11-07,Montgomery,1,296,348,35727
2020-11-08,Montgomery,0,296,258,35985
2020-11-09,Montgomery,0,296,97,36082
2020-11-10,Montgomery,4,300,124,36206
2020-11-11,Montgomery,4,304,297,36503
2020-11-12,Montgomery,3,307,225,36728
2020-11-13,Montgomery,12,319,207,36935
2020-11-14,Montgomery,3,322,183,37118
2020-11-15,Montgomery,3,325,270,37388
2020-11-16,Montgomery,6,331,379,37767
2020-11-17,Montgomery,18,349,316,38083
2020-11-18,Montgomery,13,362,312,38395
2020-11-19,Montgomery,2,364,171,38566
2020-11-20,Montgomery,12,376,403,38969
2020-11-21,Montgomery,2,378,97,39066
2020-11-22,Montgomery,18,396,829,39895
2020-11-23,Montgomery,17,413,390,40285
2020-11-24,Montgomery,29,442,339,40624
2020-11-25,Montgomery,18,460,430,41054
2020-11-26,Montgomery,6,466,227,41281
2020-11-27,Montgomery,6,472,213,41494
2020-11-28,Montgomery,12,484,288,41782
2020-11-29,Montgomery,10,494,458,42240
2020-11-30,Montgomery,16,510,463,42703
2020-12-01,Montgomery,12,522,312,43015
2020-12-02,Montgomery,12,534,172,43187
2020-12-03,Montgomery,25,559,307,43494
2020-12-04,Montgomery,42,601,802,44296
2020-12-05,Montgomery,22,623,393,44689
2020-12-06,Montgomery,5,628,274,44963
2020-12-07,Montgomery,25,653,417,45380
2020-12-08,Montgomery,18,671,355,45735
2020-12-09,Montgomery,12,683,293,46028
2020-12-10,Montgomery,34,717,586,46614
2020-12-11,Montgomery,31,748,462,47076
2020-12-12,Montgomery,18,766,536,47612
2020-12-13,Montgomery,30,796,361,47973
2020-12-14,Montgomery,32,828,388,48361
2020-12-15,Montgomery,29,857,346,48707
2020-12-16,Montgomery,11,868,249,48956
2020-12-17,Montgomery,24,892,355,49311
2020-12-18,Montgomery,16,908,293,49604
2020-12-19,Montgomery,40,948,375,49979
2020-12-20,Montgomery,25,973,300,50279
2020-12-21,Montgomery,58,1031,449,50728
2020-12-22,Montgomery,41,1072,395,51123
2020-12-23,Montgomery,19,1091,259,51382
2020-12-24,Montgomery,31,1122,361,51743
2020-12-25,Montgomery,72,1194,658,52401
2020-12-26,Montgomery,19,1213,194,52595
2020-12-27,Montgomery,27,1240,171,52766
2020-12-28,Montgomery,33,1273,266,53032
2020-12-29,Montgomery,9,1282,175,53207
2020-12-30,Montgomery,25,1307,268,53475
2020-12-31,Montgomery,86,1393,564,54039
2021-01-01,Montgomery,56,1449,491,54530
2021-01-02,Montgomery,43,1492,364,54894
2021-01-03,Montgomery,24,1516,204,55098
2021-01-04,Montgomery,43,1559,287,55385
2021-01-05,Montgomery,42,1601,424,55809
2021-01-06,Montgomery,32,1633,297,56106
2021-01-07,Montgomery,109,1742,489,56595
2021-01-08,Montgomery,79,1821,647,57242
2021-01-09,Montgomery,62,1883,552,57794
2021-01-10,Montgomery,40,1923,283,58077
2021-01-11,Montgomery,29,1952,386,58463
2021-01-12,Montgomery,15,1967,203,58666
2021-01-13,Montgomery,19,1986,287,58953
2021-01-14,Montgomery,83,2069,813,59766
2021-01-15,Montgomery,54,2123,727,60493
2021-01-16,Montgomery,44,2167,395,60888
2021-01-17,Montgomery,30,2197,435,61323
2021-01-18,Montgomery,33,2230,187,61510
2021-01-19,Montgomery,35,2265,431,61941
2021-01-20,Montgomery,33,2298,455,62396
2021-01-21,Montgomery,44,2342,489,62885
2021-01-22,Montgomery,58,2400,793,63678
2021-01-23,Montgomery,38,2438,544,64222
2021-01-24,Montgomery,25,2463,315,64537
2021-01-25,Montgomery,33,2496,226,64763
2021-01-26,Montgomery,27,2523,292,65055
2021-01-27,Montgomery,22,2545,341,65396
2021-01-28,Montgomery,70,2615,564,65960
2021-01-29,Montgomery,34,2649,694,66654
2021-01-30,Montgomery,25,2674,463,67117
2021-01-31,Montgomery,24,2698,367,67484
2021-02-01,Montgomery,14,2712,233,67717
2021-02-02,Montgomery,13,2725,222,67939
2021-02-03,Montgomery,12,2737,218,68157
2021-02-04,Montgomery,46,2783,461,68618
2021-02-05,Montgomery,36,2819,613,69231
2021-02-06,Montgomery,19,2838,591,69822
2021-02-07,Montgomery,14,2852,197,70019
2021-02-08,Montgomery,30,2882,341,70360
2021-02-09,Montgomery,9,2891,246,70606
2021-02-10,Montgomery,15,2906,307,70913
2021-02-11,Montgomery,20,2926,499,71412
2021-02-12,Montgomery,11,2937,425,71837
2021-02-13,Montgomery,37,2974,545,72382
2021-02-14,Montgomery,14,2988,208,72590
2021-02-15,Montgomery,14,3002,246,72836
2021-02-16,Montgomery,8,3010,193,73029
2021-02-17,Montgomery,19,3029,303,73332
2021-02-18,Montgomery,30,3059,478,73810
2021-02-19,Montgomery,20,3079,368,74178
2021-02-20,Montgomery,16,3095,457,74635
2021-02-21,Montgomery,7,3102,168,74803
2021-02-22,Montgomery,8,3110,252,75055
2021-02-23,Montgomery,11,3121,240,75295
2021-02-24,Montgomery,16,3137,351,75646
2021-02-25,Montgomery,12,3149,477,76123
2021-02-26,Montgomery,19,3168,435,76558
2021-02-27,Montgomery,14,3182,383,76941
2021-02-28,Montgomery,8,3190,271,77212
2021-03-01,Montgomery,9,3199,161,77373
2021-03-02,Montgomery,7,3206,342,77715
2021-03-03,Montgomery,13,3219,389,78104
2021-03-04,Montgomery,13,3232,511,78615
2021-03-05,Montgomery,12,3244,366,78981
2021-03-06,Montgomery,15,3259,479,79460
2021-03-07,Montgomery,10,3269,314,79774
2021-03-08,Montgomery,11,3280,221,79995
2021-03-09,Montgomery,4,3284,323,80318
2021-03-10,Montgomery,21,3305,302,80620
2021-03-11,Montgomery,10,3315,452,81072
2021-03-12,Montgomery,12,3327,364,81436
2021-03-13,Montgomery,3,3330,297,81733
2021-03-14,Montgomery,7,3337,434,82167
2021-03-15,Montgomery,6,3343,206,82373
2021-03-16,Montgomery,7,3350,218,82591
2021-03-17,Montgomery,12,3362,290,82881
2021-03-18,Montgomery,18,3380,532,83413
2021-03-19,Montgomery,20,3400,400,83813
2021-03-20,Montgomery,11,3411,302,84115
2021-03-21,Montgomery,8,3419,274,84389
2021-03-22,Montgomery,15,3434,387,84776
2021-03-23,Montgomery,14,3448,302,85078
2021-03-24,Montgomery,22,3470,332,85410
2021-03-25,Montgomery,31,3501,531,85941
2021-03-26,Montgomery,13,3514,457,86398
2021-03-27,Montgomery,15,3529,626,87024
2021-03-28,Montgomery,10,3539,143,87167
2021-03-29,Montgomery,21,3560,329,87496
2021-03-30,Montgomery,25,3585,647,88143
2021-03-31,Montgomery,34,3619,466,88609
2021-04-01,Montgomery,16,3635,594,89203
2021-04-02,Montgomery,18,3653,698,89901
2021-04-03,Montgomery,19,3672,485,90386
2021-04-04,Montgomery,13,3685,273,90659
2021-04-05,Montgomery,14,3699,329,90988
2021-04-06,Montgomery,12,3711,339,91327
2021-04-07,Montgomery,11,3722,325,91652
2021-04-08,Montgomery,27,3749,865,92517
2021-04-09,Montgomery,23,3772,414,92931
2021-04-10,Montgomery,18,3790,461,93392
2021-04-11,Montgomery,12,3802,135,93527
2021-04-12,Montgomery,15,3817,299,93826
2021-04-13,Montgomery,25,3842,378,94204
2021-04-14,Montgomery,19,3861,481,94685
2021-04-15,Montgomery,11,3872,527,95212
2021-04-16,Montgomery,9,3881,495,95707
2021-04-17,Montgomery,15,3896,406,96113
2021-04-18,Montgomery,15,3911,224,96337
2021-04-19,Montgomery,4,3915,185,96522
2021-04-20,Montgomery,8,3923,505,97027
2021-04-21,Montgomery,12,3935,283,97310
2021-04-22,Montgomery,15,3950,590,97900
2021-04-23,Montgomery,15,3965,413,98313
2021-04-24,Montgomery,29,3994,387,98700
2021-04-25,Montgomery,24,4018,235,98935
2021-04-26,Montgomery,12,4030,184,99119
2021-04-27,Montgomery,9,4039,376,99495
2021-04-28,Montgomery,9,4048,467,99962
2021-04-29,Montgomery,19,4067,627,100589
2021-04-30,Montgomery,12,4079,528,101117
2021-05-01,Montgomery,13,4092,398,101515
2021-05-02,Montgomery,6,4098,183,101698
2021-05-03,Montgomery,8,4106,254,101952
2021-05-04,Montgomery,12,4118,358,102310
2021-05-05,Montgomery,12,4130,375,102685
2021-05-06,Montgomery,16,4146,674,103359
2021-05-07,Montgomery,18,4164,576,103935
2021-05-08,Montgomery,11,4175,295,104230
2021-05-09,Montgomery,3,4178,239,104469
2021-05-10,Montgomery,0,4178,150,104619
2021-05-11,Montgomery,6,4184,355,104974
2021-05-12,Montgomery,4,4188,358,105332
2021-05-13,Montgomery,7,4195,443,105775
2021-05-14,Montgomery,8,4203,560,106335
2021-05-15,Montgomery,3,4206,223,106558
2021-05-16,Montgomery,3,4209,151,106709
2021-05-17,Montgomery,3,4212,128,106837
2021-05-18,Montgomery,5,4217,341,107178
2021-05-19,Montgomery,4,4221,367,107545
2021-05-20,Montgomery,5,4226,425,107970
2021-05-21,Montgomery,2,4228,556,108526
2021-05-22,Montgomery,3,4231,268,108794
2021-05-23,Montgomery,6,4237,100,108894
2021-05-24,Montgomery,3,4240,153,109047
2021-05-25,Montgomery,3,4243,166,109213
2021-05-26,Montgomery,1,4244,275,109488
2021-05-27,Montgomery,3,4247,584,110072
2021-05-28,Montgomery,0,4247,298,110370
2021-05-29,Montgomery,1,4248,428,110798
2021-05-30,Montgomery,0,4248,105,110903
2021-05-31,Montgomery,0,4248,71,110974
2021-06-01,Montgomery,1,4249,97,111071
2021-06-02,Montgomery,0,4249,415,111486
2021-06-03,Montgomery,2,4251,546,112032
2021-06-04,Montgomery,3,4254,350,112382
2021-06-05,Montgomery,0,4254,281,112663
2021-06-06,Montgomery,0,4254,102,112765
2021-06-07,Montgomery,0,4254,229,112994
2021-06-08,Montgomery,0,4254,234,113228
2021-06-09,Montgomery,0,4254,295,113523
2021-06-10,Montgomery,0,4254,541,114064
2021-06-11,Montgomery,0,4254,301,114365
2021-06-12,Montgomery,0,4254,153,114518
2021-06-13,Montgomery,0,4254,45,114563
2021-06-14,Montgomery,0,4254,192,114755
2021-06-15,Montgomery,0,4254,137,114892
2021-06-16,Montgomery,0,4254,207,115099
2021-06-17,Montgomery,0,4254,130,115229
2021-06-18,Montgomery,0,4254,194,115423
2021-06-19,Montgomery,0,4254,95,115518
2021-06-20,Montgomery,0,4254,88,115606
2021-06-21,Montgomery,0,4254,74,115680
2021-06-22,Montgomery,0,4254,65,115745
2021-06-23,Montgomery,0,4254,149,115894
2021-06-24,Montgomery,0,4254,131,116025
2021-06-25,Montgomery,0,4254,91,116116
2021-06-26,Montgomery,1,4255,86,116202
2021-06-27,Montgomery,1,4256,76,116278
2021-06-28,Montgomery,0,4256,63,116341
2021-06-29,Montgomery,1,4257,125,116466
2021-06-30,Montgomery,0,4257,102,116568
2021-07-01,Montgomery,0,4257,274,116842
2021-07-02,Montgomery,1,4258,145,116987
2021-07-03,Montgomery,1,4259,74,117061
2021-07-04,Montgomery,0,4259,62,117123
2021-07-05,Montgomery,0,4259,23,117146
2021-07-06,Montgomery,1,4260,74,117220
2021-07-07,Montgomery,0,4260,204,117424
2021-07-08,Montgomery,0,4260,158,117582
2021-07-09,Montgomery,0,4260,93,117675
2021-07-10,Montgomery,1,4261,68,117743
2021-07-11,Montgomery,0,4261,40,117783
2021-07-12,Montgomery,0,4261,66,117849
2021-07-13,Montgomery,1,4262,75,117924
2021-07-14,Montgomery,0,4262,232,118156
2021-07-15,Montgomery,2,4264,161,118317
2021-07-16,Montgomery,1,4265,79,118396
2021-07-17,Montgomery,0,4265,78,118474
2021-07-18,Montgomery,0,4265,37,118511
2020-03-01,Nassau,0,0,0,0
2020-03-02,Nassau,0,0,0,0
2020-03-03,Nassau,0,0,0,0
2020-03-04,Nassau,0,0,0,0
2020-03-05,Nassau,1,1,1,1
2020-03-06,Nassau,3,4,10,11
2020-03-07,Nassau,2,6,5,16
2020-03-08,Nassau,4,10,11,27
2020-03-09,Nassau,4,14,15,42
2020-03-10,Nassau,6,20,22,64
2020-03-11,Nassau,11,31,58,122
2020-03-12,Nassau,14,45,86,208
2020-03-13,Nassau,19,64,100,308
2020-03-14,Nassau,20,84,82,390
2020-03-15,Nassau,23,107,109,499
2020-03-16,Nassau,24,131,112,611
2020-03-17,Nassau,52,183,218,829
2020-03-18,Nassau,186,369,632,1461
2020-03-19,Nassau,385,754,1036,2497
2020-03-20,Nassau,479,1233,1706,4203
2020-03-21,Nassau,667,1900,1968,6171
2020-03-22,Nassau,542,2442,1323,7494
2020-03-23,Nassau,427,2869,993,8487
2020-03-24,Nassau,416,3285,896,9383
2020-03-25,Nassau,629,3914,1735,11118
2020-03-26,Nassau,743,4657,1412,12530
2020-03-27,Nassau,880,5537,1827,14357
2020-03-28,Nassau,908,6445,2107,16464
2020-03-29,Nassau,899,7344,1830,18294
2020-03-30,Nassau,1200,8544,2261,20555
2020-03-31,Nassau,1010,9554,1845,22400
2020-04-01,Nassau,1033,10587,1908,24308
2020-04-02,Nassau,1437,12024,2663,26971
2020-04-03,Nassau,1322,13346,2694,29665
2020-04-04,Nassau,1052,14398,2195,31860
2020-04-05,Nassau,1218,15616,2363,34223
2020-04-06,Nassau,994,16610,2097,36320
2020-04-07,Nassau,1938,18548,4179,40499
2020-04-08,Nassau,1592,20140,3598,44097
2020-04-09,Nassau,1372,21512,3021,47118
2020-04-10,Nassau,1072,22584,2527,49645
2020-04-11,Nassau,969,23553,2307,51952
2020-04-12,Nassau,805,24358,2072,54024
2020-04-13,Nassau,892,25250,2283,56307
2020-04-14,Nassau,1465,26715,3155,59462
2020-04-15,Nassau,1057,27772,2814,62276
2020-04-16,Nassau,767,28539,2386,64662
2020-04-17,Nassau,641,29180,1973,66635
2020-04-18,Nassau,833,30013,2658,69293
2020-04-19,Nassau,664,30677,2196,71489
2020-04-20,Nassau,402,31079,1385,72874
2020-04-21,Nassau,476,31555,1697,74571
2020-04-22,Nassau,569,32124,1980,76551
2020-04-23,Nassau,641,32765,2787,79338
2020-04-24,Nassau,1033,33798,4225,83563
2020-04-25,Nassau,724,34522,3334,86897
2020-04-26,Nassau,343,34865,1871,88768
2020-04-27,Nassau,220,35085,1499,90267
2020-04-28,Nassau,420,35505,2509,92776
2020-04-29,Nassau,349,35854,2424,95200
2020-04-30,Nassau,307,36161,2108,97308
2020-05-01,Nassau,358,36519,2384,99692
2020-05-02,Nassau,261,36780,2194,101886
2020-05-03,Nassau,185,36965,1736,103622
2020-05-04,Nassau,187,37152,1822,105444
2020-05-05,Nassau,198,37350,1765,107209
2020-05-06,Nassau,243,37593,2658,109867
2020-05-07,Nassau,219,37812,2050,111917
2020-05-08,Nassau,216,38028,2390,114307
2020-05-09,Nassau,189,38217,2260,116567
2020-05-10,Nassau,120,38337,1756,118323
2020-05-11,Nassau,97,38434,1558,119881
2020-05-12,Nassau,153,38587,2374,122255
2020-05-13,Nassau,156,38743,2633,124888
2020-05-14,Nassau,121,38864,2363,127251
2020-05-15,Nassau,169,39033,2478,129729
2020-05-16,Nassau,103,39136,2020,131749
2020-05-17,Nassau,89,39225,1749,133498
2020-05-18,Nassau,70,39295,1635,135133
2020-05-19,Nassau,73,39368,2281,137414
2020-05-20,Nassau,119,39487,3112,140526
2020-05-21,Nassau,121,39608,3097,143623
2020-05-22,Nassau,118,39726,4188,147811
2020-05-23,Nassau,111,39837,3739,151550
2020-05-24,Nassau,70,39907,2891,154441
2020-05-25,Nassau,67,39974,2269,156710
2020-05-26,Nassau,60,40034,2390,159100
2020-05-27,Nassau,106,40140,4664,163764
2020-05-28,Nassau,86,40226,4760,168524
2020-05-29,Nassau,81,40307,4710,173234
2020-05-30,Nassau,89,40396,4112,177346
2020-05-31,Nassau,83,40479,3878,181224
2020-06-01,Nassau,93,40572,3851,185075
2020-06-02,Nassau,72,40644,4433,189508
2020-06-03,Nassau,69,40713,5104,194612
2020-06-04,Nassau,84,40797,5177,199789
2020-06-05,Nassau,56,40853,5533,205322
2020-06-06,Nassau,51,40904,4119,209441
2020-06-07,Nassau,43,40947,4033,213474
2020-06-08,Nassau,33,40980,3159,216633
2020-06-09,Nassau,35,41015,4210,220843
2020-06-10,Nassau,45,41060,4869,225712
2020-06-11,Nassau,54,41114,4796,230508
2020-06-12,Nassau,58,41172,5228,235736
2020-06-13,Nassau,32,41204,4039,239775
2020-06-14,Nassau,36,41240,3939,243714
2020-06-15,Nassau,50,41290,4585,248299
2020-06-16,Nassau,30,41320,4270,252569
2020-06-17,Nassau,29,41349,5054,257623
2020-06-18,Nassau,38,41387,5646,263269
2020-06-19,Nassau,56,41443,4698,267967
2020-06-20,Nassau,36,41479,5000,272967
2020-06-21,Nassau,34,41513,4104,277071
2020-06-22,Nassau,31,41544,3374,280445
2020-06-23,Nassau,41,41585,3983,284428
2020-06-24,Nassau,61,41646,5618,290046
2020-06-25,Nassau,38,41684,3867,293913
2020-06-26,Nassau,41,41725,5282,299195
2020-06-27,Nassau,29,41754,5255,304450
2020-06-28,Nassau,26,41780,3856,308306
2020-06-29,Nassau,27,41807,3478,311784
2020-06-30,Nassau,46,41853,3842,315626
2020-07-01,Nassau,57,41910,5297,320923
2020-07-02,Nassau,37,41947,4562,325485
2020-07-03,Nassau,41,41988,4709,330194
2020-07-04,Nassau,43,42031,6290,336484
2020-07-05,Nassau,22,42053,3801,340285
2020-07-06,Nassau,35,42088,4066,344351
2020-07-07,Nassau,34,42122,3792,348143
2020-07-08,Nassau,42,42164,5038,353181
2020-07-09,Nassau,68,42232,6711,359892
2020-07-10,Nassau,35,42267,5718,365610
2020-07-11,Nassau,40,42307,5168,370778
2020-07-12,Nassau,47,42354,4319,375097
2020-07-13,Nassau,69,42423,3898,378995
2020-07-14,Nassau,39,42462,4295,383290
2020-07-15,Nassau,44,42506,5979,389269
2020-07-16,Nassau,49,42555,5567,394836
2020-07-17,Nassau,39,42594,4695,399531
2020-07-18,Nassau,28,42622,3006,402537
2020-07-19,Nassau,56,42678,3987,406524
2020-07-20,Nassau,51,42729,4724,411248
2020-07-21,Nassau,36,42765,3991,415239
2020-07-22,Nassau,51,42816,4594,419833
2020-07-23,Nassau,44,42860,5798,425631
2020-07-24,Nassau,55,42915,5712,431343
2020-07-25,Nassau,45,42960,3752,435095
2020-07-26,Nassau,57,43017,4176,439271
2020-07-27,Nassau,42,43059,4208,443479
2020-07-28,Nassau,41,43100,4616,448095
2020-07-29,Nassau,58,43158,5731,453826
2020-07-30,Nassau,45,43203,5138,458964
2020-07-31,Nassau,68,43271,7106,466070
2020-08-01,Nassau,51,43322,4727,470797
2020-08-02,Nassau,58,43380,3808,474605
2020-08-03,Nassau,56,43436,4606,479211
2020-08-04,Nassau,46,43482,5492,484703
2020-08-05,Nassau,52,43534,5304,490007
2020-08-06,Nassau,46,43580,5019,495026
2020-08-07,Nassau,48,43628,6525,501551
2020-08-08,Nassau,27,43655,5314,506865
2020-08-09,Nassau,35,43690,3823,510688
2020-08-10,Nassau,34,43724,5273,515961
2020-08-11,Nassau,37,43761,5160,521121
2020-08-12,Nassau,34,43795,5534,526655
2020-08-13,Nassau,45,43840,6693,533348
2020-08-14,Nassau,51,43891,6389,539737
2020-08-15,Nassau,38,43929,5833,545570
2020-08-16,Nassau,26,43955,4425,549995
2020-08-17,Nassau,46,44001,4460,554455
2020-08-18,Nassau,62,44063,7861,562316
2020-08-19,Nassau,49,44112,5928,568244
2020-08-20,Nassau,50,44162,7190,575434
2020-08-21,Nassau,43,44205,6974,582408
2020-08-22,Nassau,40,44245,5082,587490
2020-08-23,Nassau,39,44284,4386,591876
2020-08-24,Nassau,64,44348,5565,597441
2020-08-25,Nassau,55,44403,5589,603030
2020-08-26,Nassau,47,44450,6294,609324
2020-08-27,Nassau,53,44503,9814,619138
2020-08-28,Nassau,51,44554,6780,625918
2020-08-29,Nassau,56,44610,6719,632637
2020-08-30,Nassau,67,44677,5442,638079
2020-08-31,Nassau,84,44761,7238,645317
2020-09-01,Nassau,84,44845,10917,656234
2020-09-02,Nassau,79,44924,6522,662756
2020-09-03,Nassau,84,45008,7265,670021
2020-09-04,Nassau,107,45115,6642,676663
2020-09-05,Nassau,78,45193,6573,683236
2020-09-06,Nassau,36,45229,4189,687425
2020-09-07,Nassau,65,45294,4216,691641
2020-09-08,Nassau,78,45372,4238,695879
2020-09-09,Nassau,73,45445,6033,701912
2020-09-10,Nassau,105,45550,7023,708935
2020-09-11,Nassau,83,45633,5742,714677
2020-09-12,Nassau,78,45711,5780,720457
2020-09-13,Nassau,52,45763,4258,724715
2020-09-14,Nassau,77,45840,6928,731643
2020-09-15,Nassau,66,45906,4810,736453
2020-09-16,Nassau,83,45989,6284,742737
2020-09-17,Nassau,63,46052,6037,748774
2020-09-18,Nassau,102,46154,8330,757104
2020-09-19,Nassau,64,46218,6759,763863
2020-09-20,Nassau,41,46259,4905,768768
2020-09-21,Nassau,66,46325,6020,774788
2020-09-22,Nassau,63,46388,4360,779148
2020-09-23,Nassau,46,46434,5634,784782
2020-09-24,Nassau,71,46505,6406,791188
2020-09-25,Nassau,71,46576,6733,797921
2020-09-26,Nassau,67,46643,5975,803896
2020-09-27,Nassau,68,46711,4043,807939
2020-09-28,Nassau,80,46791,5621,813560
2020-09-29,Nassau,66,46857,4876,818436
2020-09-30,Nassau,72,46929,5967,824403
2020-10-01,Nassau,105,47034,7917,832320
2020-10-02,Nassau,133,47167,9841,842161
2020-10-03,Nassau,79,47246,7752,849913
2020-10-04,Nassau,56,47302,5954,855867
2020-10-05,Nassau,90,47392,7585,863452
2020-10-06,Nassau,124,47516,7817,871269
2020-10-07,Nassau,140,47656,11919,883188
2020-10-08,Nassau,80,47736,8320,891508
2020-10-09,Nassau,105,47841,8925,900433
2020-10-10,Nassau,92,47933,8397,908830
2020-10-11,Nassau,65,47998,5181,914011
2020-10-12,Nassau,101,48099,7833,921844
2020-10-13,Nassau,85,48184,7559,929403
2020-10-14,Nassau,88,48272,7980,937383
2020-10-15,Nassau,105,48377,9485,946868
2020-10-16,Nassau,117,48494,11691,958559
2020-10-17,Nassau,102,48596,9050,967609
2020-10-18,Nassau,61,48657,5522,973131
2020-10-19,Nassau,74,48731,6934,980065
2020-10-20,Nassau,133,48864,7970,988035
2020-10-21,Nassau,77,48941,7088,995123
2020-10-22,Nassau,101,49042,8982,1004105
2020-10-23,Nassau,161,49203,10153,1014258
2020-10-24,Nassau,109,49312,8299,1022557
2020-10-25,Nassau,65,49377,5041,1027598
2020-10-26,Nassau,119,49496,8086,1035684
2020-10-27,Nassau,167,49663,8517,1044201
2020-10-28,Nassau,178,49841,11971,1056172
2020-10-29,Nassau,166,50007,10195,1066367
2020-10-30,Nassau,146,50153,9758,1076125
2020-10-31,Nassau,141,50294,9981,1086106
2020-11-01,Nassau,113,50407,7240,1093346
2020-11-02,Nassau,195,50602,10365,1103711
2020-11-03,Nassau,100,50702,7707,1111418
2020-11-04,Nassau,216,50918,9862,1121280
2020-11-05,Nassau,246,51164,11881,1133161
2020-11-06,Nassau,254,51418,10433,1143594
2020-11-07,Nassau,264,51682,10193,1153787
2020-11-08,Nassau,213,51895,7560,1161347
2020-11-09,Nassau,278,52173,8264,1169611
2020-11-10,Nassau,402,52575,12531,1182142
2020-11-11,Nassau,322,52897,10104,1192246
2020-11-12,Nassau,374,53271,12488,1204734
2020-11-13,Nassau,417,53688,13724,1218458
2020-11-14,Nassau,326,54014,13152,1231610
2020-11-15,Nassau,295,54309,8711,1240321
2020-11-16,Nassau,406,54715,11575,1251896
2020-11-17,Nassau,397,55112,11920,1263816
2020-11-18,Nassau,374,55486,12509,1276325
2020-11-19,Nassau,389,55875,13145,1289470
2020-11-20,Nassau,394,56269,13271,1302741
2020-11-21,Nassau,437,56706,13335,1316076
2020-11-22,Nassau,421,57127,13559,1329635
2020-11-23,Nassau,362,57489,12900,1342535
2020-11-24,Nassau,496,57985,13033,1355568
2020-11-25,Nassau,582,58567,18620,1374188
2020-11-26,Nassau,671,59238,17980,1392168
2020-11-27,Nassau,462,59700,14896,1407064
2020-11-28,Nassau,481,60181,14082,1421146
2020-11-29,Nassau,520,60701,12689,1433835
2020-11-30,Nassau,461,61162,11166,1445001
2020-12-01,Nassau,826,61988,16130,1461131
2020-12-02,Nassau,757,62745,14864,1475995
2020-12-03,Nassau,916,63661,17140,1493135
2020-12-04,Nassau,698,64359,14066,1507201
2020-12-05,Nassau,739,65098,16123,1523324
2020-12-06,Nassau,534,65632,11795,1535119
2020-12-07,Nassau,863,66495,14754,1549873
2020-12-08,Nassau,708,67203,14707,1564580
2020-12-09,Nassau,775,67978,14953,1579533
2020-12-10,Nassau,759,68737,16097,1595630
2020-12-11,Nassau,899,69636,19405,1615035
2020-12-12,Nassau,839,70475,16162,1631197
2020-12-13,Nassau,739,71214,13826,1645023
2020-12-14,Nassau,908,72122,17269,1662292
2020-12-15,Nassau,782,72904,12606,1674898
2020-12-16,Nassau,853,73757,13642,1688540
2020-12-17,Nassau,901,74658,16677,1705217
2020-12-18,Nassau,763,75421,14782,1719999
2020-12-19,Nassau,901,76322,15937,1735936
2020-12-20,Nassau,766,77088,12395,1748331
2020-12-21,Nassau,880,77968,14387,1762718
2020-12-22,Nassau,1015,78983,18240,1780958
2020-12-23,Nassau,1020,80003,17407,1798365
2020-12-24,Nassau,1096,81099,17700,1816065
2020-12-25,Nassau,1134,82233,19879,1835944
2020-12-26,Nassau,812,83045,13231,1849175
2020-12-27,Nassau,999,84044,13683,1862858
2020-12-28,Nassau,979,85023,14306,1877164
2020-12-29,Nassau,1273,86296,12161,1889325
2020-12-30,Nassau,1608,87904,18071,1907396
2020-12-31,Nassau,1556,89460,19535,1926931
2021-01-01,Nassau,1409,90869,17847,1944778
2021-01-02,Nassau,1166,92035,15323,1960101
2021-01-03,Nassau,1071,93106,12437,1972538
2021-01-04,Nassau,1273,94379,13327,1985865
2021-01-05,Nassau,1733,96112,17392,2003257
2021-01-06,Nassau,1634,97746,18796,2022053
2021-01-07,Nassau,1693,99439,19306,2041359
2021-01-08,Nassau,1742,101181,21177,2062536
2021-01-09,Nassau,1403,102584,18673,2081209
2021-01-10,Nassau,1494,104078,21691,2102900
2021-01-11,Nassau,1419,105497,16654,2119554
2021-01-12,Nassau,1457,106954,16844,2136398
2021-01-13,Nassau,1172,108126,16725,2153123
2021-01-14,Nassau,1858,109984,27723,2180846
2021-01-15,Nassau,1409,111393,20397,2201243
2021-01-16,Nassau,1309,112702,21605,2222848
2021-01-17,Nassau,1110,113812,17716,2240564
2021-01-18,Nassau,1157,114969,16330,2256894
2021-01-19,Nassau,1096,116065,14987,2271881
2021-01-20,Nassau,1306,117371,17538,2289419
2021-01-21,Nassau,1364,118735,20729,2310148
2021-01-22,Nassau,1198,119933,19767,2329915
2021-01-23,Nassau,1069,121002,18669,2348584
2021-01-24,Nassau,1198,122200,19416,2368000
2021-01-25,Nassau,942,123142,13428,2381428
2021-01-26,Nassau,977,124119,14270,2395698
2021-01-27,Nassau,1251,125370,19161,2414859
2021-01-28,Nassau,1234,126604,22054,2436913
2021-01-29,Nassau,1139,127743,20974,2457887
2021-01-30,Nassau,992,128735,19361,2477248
2021-01-31,Nassau,919,129654,16124,2493372
2021-02-01,Nassau,732,130386,12109,2505481
2021-02-02,Nassau,547,130933,9826,2515307
2021-02-03,Nassau,611,131544,12379,2527686
2021-02-04,Nassau,757,132301,14828,2542514
2021-02-05,Nassau,1056,133357,19272,2561786
2021-02-06,Nassau,870,134227,17518,2579304
2021-02-07,Nassau,664,134891,12764,2592068
2021-02-08,Nassau,820,135711,14458,2606526
2021-02-09,Nassau,566,136277,10493,2617019
2021-02-10,Nassau,919,137196,19295,2636314
2021-02-11,Nassau,748,137944,17201,2653515
2021-02-12,Nassau,840,138784,19117,2672632
2021-02-13,Nassau,732,139516,16923,2689555
2021-02-14,Nassau,591,140107,12725,2702280
2021-02-15,Nassau,579,140686,10457,2712737
2021-02-16,Nassau,538,141224,12094,2724831
2021-02-17,Nassau,514,141738,13946,2738777
2021-02-18,Nassau,729,142467,16098,2754875
2021-02-19,Nassau,602,143069,15021,2769896
2021-02-20,Nassau,546,143615,11887,2781783
2021-02-21,Nassau,516,144131,11210,2792993
2021-02-22,Nassau,640,144771,14635,2807628
2021-02-23,Nassau,519,145290,14538,2822166
2021-02-24,Nassau,695,145985,16495,2838661
2021-02-25,Nassau,742,146727,19670,2858331
2021-02-26,Nassau,745,147472,18923,2877254
2021-02-27,Nassau,638,148110,16990,2894244
2021-02-28,Nassau,559,148669,12365,2906609
2021-03-01,Nassau,582,149251,9403,2916012
2021-03-02,Nassau,600,149851,12795,2928807
2021-03-03,Nassau,687,150538,16797,2945604
2021-03-04,Nassau,789,151327,20134,2965738
2021-03-05,Nassau,643,151970,16724,2982462
2021-03-06,Nassau,676,152646,13612,2996074
2021-03-07,Nassau,453,153099,9481,3005555
2021-03-08,Nassau,612,153711,12239,3017794
2021-03-09,Nassau,577,154288,12311,3030105
2021-03-10,Nassau,579,154867,14282,3044387
2021-03-11,Nassau,779,155646,19275,3063662
2021-03-12,Nassau,663,156309,13983,3077645
2021-03-13,Nassau,513,156822,11196,3088841
2021-03-14,Nassau,540,157362,9827,3098668
2021-03-15,Nassau,623,157985,10023,3108691
2021-03-16,Nassau,784,158769,17754,3126445
2021-03-17,Nassau,632,159401,16403,3142848
2021-03-18,Nassau,702,160103,17551,3160399
2021-03-19,Nassau,697,160800,16362,3176761
2021-03-20,Nassau,608,161408,14056,3190817
2021-03-21,Nassau,540,161948,11379,3202196
2021-03-22,Nassau,533,162481,9192,3211388
2021-03-23,Nassau,603,163084,13074,3224462
2021-03-24,Nassau,701,163785,17184,3241646
2021-03-25,Nassau,696,164481,20018,3261664
2021-03-26,Nassau,614,165095,15947,3277611
2021-03-27,Nassau,690,165785,14547,3292158
2021-03-28,Nassau,580,166365,13278,3305436
2021-03-29,Nassau,516,166881,10264,3315700
2021-03-30,Nassau,676,167557,14127,3329827
2021-03-31,Nassau,689,168246,16290,3346117
2021-04-01,Nassau,638,168884,16340,3362457
2021-04-02,Nassau,651,169535,17827,3380284
2021-04-03,Nassau,644,170179,14335,3394619
2021-04-04,Nassau,501,170680,11634,3406253
2021-04-05,Nassau,505,171185,9348,3415601
2021-04-06,Nassau,553,171738,13904,3429505
2021-04-07,Nassau,810,172548,20531,3450036
2021-04-08,Nassau,668,173216,19148,3469184
2021-04-09,Nassau,556,173772,18267,3487451
2021-04-10,Nassau,507,174279,14676,3502127
2021-04-11,Nassau,394,174673,8947,3511074
2021-04-12,Nassau,350,175023,8491,3519565
2021-04-13,Nassau,369,175392,12222,3531787
2021-04-14,Nassau,527,175919,18603,3550390
2021-04-15,Nassau,480,176399,15317,3565707
2021-04-16,Nassau,602,177001,23614,3589321
2021-04-17,Nassau,343,177344,14271,3603592
2021-04-18,Nassau,312,177656,9385,3612977
2021-04-19,Nassau,277,177933,7467,3620444
2021-04-20,Nassau,302,178235,11718,3632162
2021-04-21,Nassau,277,178512,14787,3646949
2021-04-22,Nassau,322,178834,15645,3662594
2021-04-23,Nassau,283,179117,14351,3676945
2021-04-24,Nassau,233,179350,13063,3690008
2021-04-25,Nassau,222,179572,8872,3698880
2021-04-26,Nassau,152,179724,6034,3704914
2021-04-27,Nassau,171,179895,9722,3714636
2021-04-28,Nassau,249,180144,14014,3728650
2021-04-29,Nassau,229,180373,12882,3741532
2021-04-30,Nassau,232,180605,14933,3756465
2021-05-01,Nassau,125,180730,10684,3767149
2021-05-02,Nassau,130,180860,8569,3775718
2021-05-03,Nassau,132,180992,6308,3782026
2021-05-04,Nassau,116,181108,9245,3791271
2021-05-05,Nassau,145,181253,12303,3803574
2021-05-06,Nassau,122,181375,12287,3815861
2021-05-07,Nassau,178,181553,14692,3830553
2021-05-08,Nassau,86,181639,9677,3840230
2021-05-09,Nassau,88,181727,8756,3848986
2021-05-10,Nassau,77,181804,7003,3855989
2021-05-11,Nassau,116,181920,11249,3867238
2021-05-12,Nassau,107,182027,12275,3879513
2021-05-13,Nassau,112,182139,12584,3892097
2021-05-14,Nassau,114,182253,12079,3904176
2021-05-15,Nassau,90,182343,10666,3914842
2021-05-16,Nassau,79,182422,6619,3921461
2021-05-17,Nassau,69,182491,9369,3930830
2021-05-18,Nassau,74,182565,8809,3939639
2021-05-19,Nassau,91,182656,11937,3951576
2021-05-20,Nassau,83,182739,12085,3963661
2021-05-21,Nassau,71,182810,10827,3974488
2021-05-22,Nassau,49,182859,8694,3983182
2021-05-23,Nassau,43,182902,6674,3989856
2021-05-24,Nassau,43,182945,5436,3995292
2021-05-25,Nassau,56,183001,8213,4003505
2021-05-26,Nassau,55,183056,10418,4013923
2021-05-27,Nassau,52,183108,10004,4023927
2021-05-28,Nassau,37,183145,8743,4032670
2021-05-29,Nassau,24,183169,7184,4039854
2021-05-30,Nassau,26,183195,5292,4045146
2021-05-31,Nassau,17,183212,3744,4048890
2021-06-01,Nassau,21,183233,4011,4052901
2021-06-02,Nassau,33,183266,7698,4060599
2021-06-03,Nassau,43,183309,11532,4072131
2021-06-04,Nassau,51,183360,9586,4081717
2021-06-05,Nassau,32,183392,7657,4089374
2021-06-06,Nassau,30,183422,5816,4095190
2021-06-07,Nassau,27,183449,5086,4100276
2021-06-08,Nassau,19,183468,6907,4107183
2021-06-09,Nassau,43,183511,9135,4116318
2021-06-10,Nassau,34,183545,9233,4125551
2021-06-11,Nassau,33,183578,9951,4135502
2021-06-12,Nassau,23,183601,6757,4142259
2021-06-13,Nassau,23,183624,4380,4146639
2021-06-14,Nassau,25,183649,4364,4151003
2021-06-15,Nassau,24,183673,6234,4157237
2021-06-16,Nassau,24,183697,8423,4165660
2021-06-17,Nassau,30,183727,7115,4172775
2021-06-18,Nassau,26,183753,6329,4179104
2021-06-19,Nassau,15,183768,6050,4185154
2021-06-20,Nassau,19,183787,4892,4190046
2021-06-21,Nassau,22,183809,4209,4194255
2021-06-22,Nassau,16,183825,6615,4200870
2021-06-23,Nassau,27,183852,8199,4209069
2021-06-24,Nassau,27,183879,7817,4216886
2021-06-25,Nassau,28,183907,7762,4224648
2021-06-26,Nassau,19,183926,6824,4231472
2021-06-27,Nassau,22,183948,4603,4236075
2021-06-28,Nassau,15,183963,4610,4240685
2021-06-29,Nassau,17,183980,5755,4246440
2021-06-30,Nassau,37,184017,5898,4252338
2021-07-01,Nassau,39,184056,5525,4257863
2021-07-02,Nassau,28,184084,5539,4263402
2021-07-03,Nassau,38,184122,5136,4268538
2021-07-04,Nassau,31,184153,3970,4272508
2021-07-05,Nassau,29,184182,2820,4275328
2021-07-06,Nassau,37,184219,3142,4278470
2021-07-07,Nassau,64,184283,6430,4284900
2021-07-08,Nassau,68,184351,5588,4290488
2021-07-09,Nassau,57,184408,5389,4295877
2021-07-10,Nassau,64,184472,5216,4301093
2021-07-11,Nassau,42,184514,3732,4304825
2021-07-12,Nassau,66,184580,3514,4308339
2021-07-13,Nassau,72,184652,4888,4313227
2021-07-14,Nassau,91,184743,5435,4318662
2021-07-15,Nassau,87,184830,5500,4324162
2021-07-16,Nassau,106,184936,6026,4330188
2021-07-17,Nassau,99,185035,5212,4335400
2021-07-18,Nassau,99,185134,4094,4339494
2020-03-01,New York,0,0,0,0
2020-03-02,New York,0,0,0,0
2020-03-03,New York,0,0,3,3
2020-03-04,New York,1,1,4,7
2020-03-05,New York,1,2,18,25
2020-03-06,New York,3,5,14,39
2020-03-07,New York,0,5,22,61
2020-03-08,New York,0,5,24,85
2020-03-09,New York,7,12,47,132
2020-03-10,New York,12,24,78,210
2020-03-11,New York,3,27,70,280
2020-03-12,New York,18,45,186,466
2020-03-13,New York,39,84,268,734
2020-03-14,New York,28,112,193,927
2020-03-15,New York,60,172,317,1244
2020-03-16,New York,69,241,398,1642
2020-03-17,New York,161,402,598,2240
2020-03-18,New York,335,737,1074,3314
2020-03-19,New York,437,1174,1235,4549
2020-03-20,New York,370,1544,1263,5812
2020-03-21,New York,522,2066,1370,7182
2020-03-22,New York,607,2673,1367,8549
2020-03-23,New York,405,3078,990,9539
2020-03-24,New York,442,3520,1065,10604
2020-03-25,New York,542,4062,1232,11836
2020-03-26,New York,523,4585,1062,12898
2020-03-27,New York,631,5216,1314,14212
2020-03-28,New York,590,5806,1160,15372
2020-03-29,New York,422,6228,788,16160
2020-03-30,New York,648,6876,1422,17582
2020-03-31,New York,497,7373,1015,18597
2020-04-01,New York,470,7843,1002,19599
2020-04-02,New York,609,8452,1294,20893
2020-04-03,New York,848,9300,1820,22713
2020-04-04,New York,598,9898,1278,23991
2020-04-05,New York,542,10440,1162,25153
2020-04-06,New York,572,11012,1249,26402
2020-04-07,New York,492,11504,1257,27659
2020-04-08,New York,602,12106,1424,29083
2020-04-09,New York,616,12722,1659,30742
2020-04-10,New York,715,13437,1685,32427
2020-04-11,New York,708,14145,1783,34210
2020-04-12,New York,356,14501,1033,35243
2020-04-13,New York,379,14880,1206,36449
2020-04-14,New York,1737,16617,4068,40517
2020-04-15,New York,474,17091,1533,42050
2020-04-16,New York,399,17490,1476,43526
2020-04-17,New York,442,17932,1585,45111
2020-04-18,New York,288,18220,1093,46204
2020-04-19,New York,248,18468,954,47158
2020-04-20,New York,231,18699,1099,48257
2020-04-21,New York,326,19025,1430,49687
2020-04-22,New York,323,19348,1581,51268
2020-04-23,New York,506,19854,2654,53922
2020-04-24,New York,426,20280,2110,56032
2020-04-25,New York,493,20773,2354,58386
2020-04-26,New York,324,21097,2007,60393
2020-04-27,New York,215,21312,1650,62043
2020-04-28,New York,292,21604,2260,64303
2020-04-29,New York,316,21920,2299,66602
2020-04-30,New York,255,22175,2205,68807
2020-05-01,New York,321,22496,2606,71413
2020-05-02,New York,245,22741,2214,73627
2020-05-03,New York,159,22900,1524,75151
2020-05-04,New York,154,23054,2246,77397
2020-05-05,New York,203,23257,2499,79896
2020-05-06,New York,272,23529,2966,82862
2020-05-07,New York,201,23730,3036,85898
2020-05-08,New York,151,23881,2633,88531
2020-05-09,New York,96,23977,2336,90867
2020-05-10,New York,85,24062,1496,92363
2020-05-11,New York,129,24191,1984,94347
2020-05-12,New York,157,24348,2825,97172
2020-05-13,New York,177,24525,3697,100869
2020-05-14,New York,307,24832,3933,104802
2020-05-15,New York,150,24982,3469,108271
2020-05-16,New York,148,25130,3096,111367
2020-05-17,New York,86,25216,2019,113386
2020-05-18,New York,77,25293,2830,116216
2020-05-19,New York,98,25391,3685,119901
2020-05-20,New York,131,25522,4219,124120
2020-05-21,New York,150,25672,4363,128483
2020-05-22,New York,134,25806,4582,133065
2020-05-23,New York,103,25909,4187,137252
2020-05-24,New York,100,26009,3356,140608
2020-05-25,New York,83,26092,3635,144243
2020-05-26,New York,121,26213,3599,147842
2020-05-27,New York,134,26347,6888,154730
2020-05-28,New York,133,26480,7418,162148
2020-05-29,New York,96,26576,5678,167826
2020-05-30,New York,77,26653,4425,172251
2020-05-31,New York,68,26721,4385,176636
2020-06-01,New York,93,26814,5161,181797
2020-06-02,New York,72,26886,4211,186008
2020-06-03,New York,82,26968,4377,190385
2020-06-04,New York,69,27037,4416,194801
2020-06-05,New York,85,27122,5322,200123
2020-06-06,New York,56,27178,4711,204834
2020-06-07,New York,39,27217,4045,208879
2020-06-08,New York,41,27258,3953,212832
2020-06-09,New York,66,27324,5433,218265
2020-06-10,New York,60,27384,4991,223256
2020-06-11,New York,68,27452,5660,228916
2020-06-12,New York,77,27529,6296,235212
2020-06-13,New York,44,27573,5525,240737
2020-06-14,New York,54,27627,6036,246773
2020-06-15,New York,50,27677,6158,252931
2020-06-16,New York,31,27708,5830,258761
2020-06-17,New York,52,27760,6701,265462
2020-06-18,New York,64,27824,7866,273328
2020-06-19,New York,67,27891,7972,281300
2020-06-20,New York,75,27966,7602,288902
2020-06-21,New York,51,28017,4871,293773
2020-06-22,New York,58,28075,4887,298660
2020-06-23,New York,57,28132,4933,303593
2020-06-24,New York,60,28192,6494,310087
2020-06-25,New York,58,28250,6504,316591
2020-06-26,New York,81,28331,8749,325340
2020-06-27,New York,49,28380,5886,331226
2020-06-28,New York,21,28401,4009,335235
2020-06-29,New York,46,28447,5287,340522
2020-06-30,New York,71,28518,6206,346728
2020-07-01,New York,78,28596,7185,353913
2020-07-02,New York,102,28698,7062,360975
2020-07-03,New York,62,28760,6201,367176
2020-07-04,New York,44,28804,5736,372912
2020-07-05,New York,66,28870,7734,380646
2020-07-06,New York,50,28920,6251,386897
2020-07-07,New York,53,28973,6976,393873
2020-07-08,New York,56,29029,6504,400377
2020-07-09,New York,80,29109,8363,408740
2020-07-10,New York,56,29165,8216,416956
2020-07-11,New York,72,29237,6860,423816
2020-07-12,New York,65,29302,5419,429235
2020-07-13,New York,61,29363,5426,434661
2020-07-14,New York,79,29442,6910,441571
2020-07-15,New York,74,29516,7547,449118
2020-07-16,New York,74,29590,8266,457384
2020-07-17,New York,85,29675,7329,464713
2020-07-18,New York,56,29731,5436,470149
2020-07-19,New York,65,29796,5935,476084
2020-07-20,New York,71,29867,6705,482789
2020-07-21,New York,76,29943,7540,490329
2020-07-22,New York,90,30033,7521,497850
2020-07-23,New York,64,30097,7406,505256
2020-07-24,New York,64,30161,7262,512518
2020-07-25,New York,32,30193,4957,517475
2020-07-26,New York,57,30250,5377,522852
2020-07-27,New York,30,30280,5657,528509
2020-07-28,New York,49,30329,6548,535057
2020-07-29,New York,70,30399,7387,542444
2020-07-30,New York,59,30458,7859,550303
2020-07-31,New York,60,30518,9505,559808
2020-08-01,New York,46,30564,6825,566633
2020-08-02,New York,57,30621,6704,573337
2020-08-03,New York,56,30677,6757,580094
2020-08-04,New York,57,30734,6803,586897
2020-08-05,New York,65,30799,7634,594531
2020-08-06,New York,60,30859,7423,601954
2020-08-07,New York,62,30921,7852,609806
2020-08-08,New York,43,30964,7178,616984
2020-08-09,New York,52,31016,6513,623497
2020-08-10,New York,55,31071,6639,630136
2020-08-11,New York,76,31147,11421,641557
2020-08-12,New York,70,31217,10009,651566
2020-08-13,New York,62,31279,9097,660663
2020-08-14,New York,63,31342,10048,670711
2020-08-15,New York,56,31398,8885,679596
2020-08-16,New York,43,31441,6499,686095
2020-08-17,New York,64,31505,6304,692399
2020-08-18,New York,36,31541,7227,699626
2020-08-19,New York,62,31603,8868,708494
2020-08-20,New York,58,31661,13086,721580
2020-08-21,New York,47,31708,10873,732453
2020-08-22,New York,44,31752,8758,741211
2020-08-23,New York,44,31796,7076,748287
2020-08-24,New York,41,31837,6310,754597
2020-08-25,New York,48,31885,6958,761555
2020-08-26,New York,50,31935,8610,770165
2020-08-27,New York,42,31977,10799,780964
2020-08-28,New York,36,32013,10387,791351
2020-08-29,New York,62,32075,12710,804061
2020-08-30,New York,44,32119,8524,812585
2020-08-31,New York,46,32165,8300,820885
2020-09-01,New York,53,32218,9626,830511
2020-09-02,New York,33,32251,10431,840942
2020-09-03,New York,59,32310,11922,852864
2020-09-04,New York,62,32372,11623,864487
2020-09-05,New York,54,32426,10016,874503
2020-09-06,New York,16,32442,5522,880025
2020-09-07,New York,19,32461,5232,885257
2020-09-08,New York,39,32500,6601,891858
2020-09-09,New York,51,32551,7682,899540
2020-09-10,New York,52,32603,10273,909813
2020-09-11,New York,40,32643,11620,921433
2020-09-12,New York,34,32677,7538,928971
2020-09-13,New York,51,32728,8093,937064
2020-09-14,New York,44,32772,6557,943621
2020-09-15,New York,63,32835,8840,952461
2020-09-16,New York,57,32892,8958,961419
2020-09-17,New York,46,32938,10383,971802
2020-09-18,New York,73,33011,11603,983405
2020-09-19,New York,59,33070,10763,994168
2020-09-20,New York,35,33105,7038,1001206
2020-09-21,New York,41,33146,8274,1009480
2020-09-22,New York,41,33187,6599,1016079
2020-09-23,New York,50,33237,8567,1024646
2020-09-24,New York,50,33287,9692,1034338
2020-09-25,New York,48,33335,10299,1044637
2020-09-26,New York,36,33371,9082,1053719
2020-09-27,New York,47,33418,5700,1059419
2020-09-28,New York,79,33497,10863,1070282
2020-09-29,New York,64,33561,11148,1081430
2020-09-30,New York,65,33626,9545,1090975
2020-10-01,New York,72,33698,10456,1101431
2020-10-02,New York,93,33791,13510,1114941
2020-10-03,New York,72,33863,10817,1125758
2020-10-04,New York,72,33935,10249,1136007
2020-10-05,New York,70,34005,9469,1145476
2020-10-06,New York,46,34051,8754,1154230
2020-10-07,New York,93,34144,12926,1167156
2020-10-08,New York,73,34217,14289,1181445
2020-10-09,New York,79,34296,13048,1194493
2020-10-10,New York,46,34342,11342,1205835
2020-10-11,New York,66,34408,10326,1216161
2020-10-12,New York,93,34501,10160,1226321
2020-10-13,New York,68,34569,9044,1235365
2020-10-14,New York,68,34637,12332,1247697
2020-10-15,New York,98,34735,13546,1261243
2020-10-16,New York,136,34871,18142,1279385
2020-10-17,New York,120,34991,18831,1298216
2020-10-18,New York,63,35054,8282,1306498
2020-10-19,New York,71,35125,7273,1313771
2020-10-20,New York,124,35249,13942,1327713
2020-10-21,New York,96,35345,11839,1339552
2020-10-22,New York,114,35459,13307,1352859
2020-10-23,New York,151,35610,15257,1368116
2020-10-24,New York,113,35723,12193,1380309
2020-10-25,New York,66,35789,7380,1387689
2020-10-26,New York,108,35897,9720,1397409
2020-10-27,New York,179,36076,13877,1411286
2020-10-28,New York,148,36224,20355,1431641
2020-10-29,New York,176,36400,15072,1446713
2020-10-30,New York,115,36515,14447,1461160
2020-10-31,New York,197,36712,22188,1483348
2020-11-01,New York,102,36814,11785,1495133
2020-11-02,New York,166,36980,15443,1510576
2020-11-03,New York,120,37100,13877,1524453
2020-11-04,New York,178,37278,15464,1539917
2020-11-05,New York,152,37430,15129,1555046
2020-11-06,New York,211,37641,16536,1571582
2020-11-07,New York,299,37940,17972,1589554
2020-11-08,New York,231,38171,11886,1601440
2020-11-09,New York,213,38384,11968,1613408
2020-11-10,New York,284,38668,14826,1628234
2020-11-11,New York,338,39006,17687,1645921
2020-11-12,New York,349,39355,20508,1666429
2020-11-13,New York,345,39700,18804,1685233
2020-11-14,New York,275,39975,16883,1702116
2020-11-15,New York,251,40226,15673,1717789
2020-11-16,New York,361,40587,15763,1733552
2020-11-17,New York,321,40908,14303,1747855
2020-11-18,New York,355,41263,19969,1767824
2020-11-19,New York,357,41620,20972,1788796
2020-11-20,New York,376,41996,18975,1807771
2020-11-21,New York,358,42354,25139,1832910
2020-11-22,New York,310,42664,21630,1854540
2020-11-23,New York,317,42981,18411,1872951
2020-11-24,New York,302,43283,19753,1892704
2020-11-25,New York,464,43747,30490,1923194
2020-11-26,New York,471,44218,28017,1951211
2020-11-27,New York,384,44602,17701,1968912
2020-11-28,New York,428,45030,15602,1984514
2020-11-29,New York,412,45442,13274,1997788
2020-11-30,New York,429,45871,14565,2012353
2020-12-01,New York,457,46328,18739,2031092
2020-12-02,New York,530,46858,20304,2051396
2020-12-03,New York,593,47451,20865,2072261
2020-12-04,New York,543,47994,23032,2095293
2020-12-05,New York,527,48521,25406,2120699
2020-12-06,New York,441,48962,17668,2138367
2020-12-07,New York,410,49372,14257,2152624
2020-12-08,New York,535,49907,20681,2173305
2020-12-09,New York,512,50419,19269,2192574
2020-12-10,New York,560,50979,22758,2215332
2020-12-11,New York,685,51664,26286,2241618
2020-12-12,New York,539,52203,22650,2264268
2020-12-13,New York,522,52725,17272,2281540
2020-12-14,New York,620,53345,18997,2300537
2020-12-15,New York,527,53872,15895,2316432
2020-12-16,New York,554,54426,20807,2337239
2020-12-17,New York,732,55158,29963,2367202
2020-12-18,New York,515,55673,19165,2386367
2020-12-19,New York,486,56159,23257,2409624
2020-12-20,New York,621,56780,19393,2429017
2020-12-21,New York,593,57373,17901,2446918
2020-12-22,New York,624,57997,23934,2470852
2020-12-23,New York,641,58638,25796,2496648
2020-12-24,New York,628,59266,25028,2521676
2020-12-25,New York,581,59847,22796,2544472
2020-12-26,New York,410,60257,10883,2555355
2020-12-27,New York,389,60646,10177,2565532
2020-12-28,New York,559,61205,15259,2580791
2020-12-29,New York,589,61794,14412,2595203
2020-12-30,New York,768,62562,21751,2616954
2020-12-31,New York,736,63298,22258,2639212
2021-01-01,New York,744,64042,19366,2658578
2021-01-02,New York,416,64458,10376,2668954
2021-01-03,New York,441,64899,11236,2680190
2021-01-04,New York,645,65544,13666,2693856
2021-01-05,New York,826,66370,17028,2710884
2021-01-06,New York,906,67276,23741,2734625
2021-01-07,New York,978,68254,26143,2760768
2021-01-08,New York,854,69108,27881,2788649
2021-01-09,New York,873,69981,28118,2816767
2021-01-10,New York,825,70806,22201,2838968
2021-01-11,New York,793,71599,17061,2856029
2021-01-12,New York,754,72353,16902,2872931
2021-01-13,New York,796,73149,22169,2895100
2021-01-14,New York,1066,74215,32603,2927703
2021-01-15,New York,997,75212,29886,2957589
2021-01-16,New York,870,76082,27827,2985416
2021-01-17,New York,671,76753,19218,3004634
2021-01-18,New York,688,77441,16539,3021173
2021-01-19,New York,722,78163,14336,3035509
2021-01-20,New York,717,78880,18234,3053743
2021-01-21,New York,932,79812,28980,3082723
2021-01-22,New York,856,80668,28276,3110999
2021-01-23,New York,814,81482,28900,3139899
2021-01-24,New York,916,82398,24684,3164583
2021-01-25,New York,850,83248,18151,3182734
2021-01-26,New York,686,83934,20554,3203288
2021-01-27,New York,923,84857,26040,3229328
2021-01-28,New York,883,85740,29001,3258329
2021-01-29,New York,903,86643,30440,3288769
2021-01-30,New York,776,87419,24445,3313214
2021-01-31,New York,632,88051,19838,3333052
2021-02-01,New York,567,88618,13091,3346143
2021-02-02,New York,381,88999,10959,3357102
2021-02-03,New York,508,89507,14765,3371867
2021-02-04,New York,688,90195,16496,3388363
2021-02-05,New York,872,91067,25765,3414128
2021-02-06,New York,826,91893,29701,3443829
2021-02-07,New York,656,92549,22439,3466268
2021-02-08,New York,555,93104,14620,3480888
2021-02-09,New York,531,93635,15697,3496585
2021-02-10,New York,689,94324,29504,3526089
2021-02-11,New York,645,94969,27346,3553435
2021-02-12,New York,764,95733,26599,3580034
2021-02-13,New York,689,96422,25380,3605414
2021-02-14,New York,516,96938,19306,3624720
2021-02-15,New York,517,97455,13207,3637927
2021-02-16,New York,422,97877,16332,3654259
2021-02-17,New York,532,98409,19479,3673738
2021-02-18,New York,785,99194,26028,3699766
2021-02-19,New York,699,99893,23897,3723663
2021-02-20,New York,540,100433,25071,3748734
2021-02-21,New York,547,100980,15921,3764655
2021-02-22,New York,519,101499,14566,3779221
2021-02-23,New York,456,101955,19444,3798665
2021-02-24,New York,711,102666,26102,3824767
2021-02-25,New York,723,103389,30870,3855637
2021-02-26,New York,693,104082,31224,3886861
2021-02-27,New York,647,104729,29296,3916157
2021-02-28,New York,566,105295,19262,3935419
2021-03-01,New York,419,105714,11190,3946609
2021-03-02,New York,644,106358,21218,3967827
2021-03-03,New York,624,106982,26828,3994655
2021-03-04,New York,805,107787,30981,4025636
2021-03-05,New York,721,108508,30399,4056035
2021-03-06,New York,544,109052,20887,4076922
2021-03-07,New York,418,109470,19098,4096020
2021-03-08,New York,562,110032,16594,4112614
2021-03-09,New York,575,110607,18349,4130963
2021-03-10,New York,563,111170,21993,4152956
2021-03-11,New York,808,111978,30333,4183289
2021-03-12,New York,522,112500,21329,4204618
2021-03-13,New York,524,113024,22492,4227110
2021-03-14,New York,458,113482,12151,4239261
2021-03-15,New York,389,113871,14301,4253562
2021-03-16,New York,834,114705,24715,4278277
2021-03-17,New York,661,115366,32196,4310473
2021-03-18,New York,690,116056,29754,4340227
2021-03-19,New York,657,116713,27758,4367985
2021-03-20,New York,672,117385,23551,4391536
2021-03-21,New York,519,117904,15157,4406693
2021-03-22,New York,451,118355,12680,4419373
2021-03-23,New York,631,118986,17375,4436748
2021-03-24,New York,595,119581,25901,4462649
2021-03-25,New York,649,120230,26648,4489297
2021-03-26,New York,662,120892,25258,4514555
2021-03-27,New York,760,121652,24724,4539279
2021-03-28,New York,619,122271,17705,4556984
2021-03-29,New York,488,122759,12858,4569842
2021-03-30,New York,604,123363,18437,4588279
2021-03-31,New York,657,124020,24514,4612793
2021-04-01,New York,636,124656,27072,4639865
2021-04-02,New York,603,125259,23011,4662876
2021-04-03,New York,592,125851,24384,4687260
2021-04-04,New York,465,126316,16263,4703523
2021-04-05,New York,370,126686,10706,4714229
2021-04-06,New York,527,127213,20306,4734535
2021-04-07,New York,604,127817,27589,4762124
2021-04-08,New York,666,128483,29351,4791475
2021-04-09,New York,530,129013,26594,4818069
2021-04-10,New York,475,129488,24480,4842549
2021-04-11,New York,293,129781,12820,4855369
2021-04-12,New York,274,130055,10902,4866271
2021-04-13,New York,329,130384,18271,4884542
2021-04-14,New York,403,130787,22079,4906621
2021-04-15,New York,541,131328,22409,4929030
2021-04-16,New York,567,131895,30977,4960007
2021-04-17,New York,401,132296,24448,4984455
2021-04-18,New York,255,132551,13841,4998296
2021-04-19,New York,209,132760,9389,5007685
2021-04-20,New York,282,133042,18474,5026159
2021-04-21,New York,264,133306,21520,5047679
2021-04-22,New York,288,133594,27008,5074687
2021-04-23,New York,224,133818,23233,5097920
2021-04-24,New York,252,134070,22796,5120716
2021-04-25,New York,130,134200,10912,5131628
2021-04-26,New York,160,134360,7483,5139111
2021-04-27,New York,181,134541,14492,5153603
2021-04-28,New York,210,134751,22826,5176429
2021-04-29,New York,205,134956,22907,5199336
2021-04-30,New York,237,135193,23962,5223298
2021-05-01,New York,173,135366,18920,5242218
2021-05-02,New York,101,135467,11222,5253440
2021-05-03,New York,92,135559,7834,5261274
2021-05-04,New York,120,135679,14786,5276060
2021-05-05,New York,158,135837,20532,5296592
2021-05-06,New York,119,135956,19835,5316427
2021-05-07,New York,193,136149,25750,5342177
2021-05-08,New York,104,136253,18984,5361161
2021-05-09,New York,77,136330,9946,5371107
2021-05-10,New York,69,136399,8347,5379454
2021-05-11,New York,108,136507,15621,5395075
2021-05-12,New York,93,136600,20020,5415095
2021-05-13,New York,124,136724,21658,5436753
2021-05-14,New York,104,136828,19617,5456370
2021-05-15,New York,93,136921,16183,5472553
2021-05-16,New York,56,136977,9964,5482517
2021-05-17,New York,42,137019,8464,5490981
2021-05-18,New York,60,137079,13375,5504356
2021-05-19,New York,92,137171,19593,5523949
2021-05-20,New York,67,137238,18463,5542412
2021-05-21,New York,74,137312,17632,5560044
2021-05-22,New York,67,137379,16424,5576468
2021-05-23,New York,45,137424,8585,5585053
2021-05-24,New York,27,137451,7849,5592902
2021-05-25,New York,45,137496,13747,5606649
2021-05-26,New York,65,137561,18262,5624911
2021-05-27,New York,57,137618,16996,5641907
2021-05-28,New York,58,137676,16042,5657949
2021-05-29,New York,34,137710,12986,5670935
2021-05-30,New York,32,137742,7011,5677946
2021-05-31,New York,24,137766,5100,5683046
2021-06-01,New York,20,137786,5654,5688700
2021-06-02,New York,32,137818,12597,5701297
2021-06-03,New York,68,137886,21422,5722719
2021-06-04,New York,43,137929,15631,5738350
2021-06-05,New York,34,137963,13220,5751570
2021-06-06,New York,27,137990,6919,5758489
2021-06-07,New York,37,138027,6967,5765456
2021-06-08,New York,33,138060,11529,5776985
2021-06-09,New York,32,138092,15597,5792582
2021-06-10,New York,35,138127,13322,5805904
2021-06-11,New York,50,138177,16486,5822390
2021-06-12,New York,35,138212,12137,5834527
2021-06-13,New York,32,138244,7069,5841596
2021-06-14,New York,28,138272,6203,5847799
2021-06-15,New York,27,138299,10236,5858035
2021-06-16,New York,38,138337,13698,5871733
2021-06-17,New York,30,138367,12336,5884069
2021-06-18,New York,37,138404,12426,5896495
2021-06-19,New York,25,138429,10839,5907334
2021-06-20,New York,21,138450,6404,5913738
2021-06-21,New York,21,138471,5956,5919694
2021-06-22,New York,27,138498,10162,5929856
2021-06-23,New York,30,138528,13438,5943294
2021-06-24,New York,38,138566,12737,5956031
2021-06-25,New York,43,138609,11822,5967853
2021-06-26,New York,40,138649,10285,5978138
2021-06-27,New York,25,138674,5751,5983889
2021-06-28,New York,24,138698,6112,5990001
2021-06-29,New York,44,138742,9851,5999852
2021-06-30,New York,31,138773,10772,6010624
2021-07-01,New York,68,138841,10444,6021068
2021-07-02,New York,34,138875,9886,6030954
2021-07-03,New York,71,138946,9107,6040061
2021-07-04,New York,54,139000,5171,6045232
2021-07-05,New York,22,139022,3528,6048760
2021-07-06,New York,47,139069,5403,6054163
2021-07-07,New York,91,139160,14600,6068763
2021-07-08,New York,74,139234,11558,6080321
2021-07-09,New York,86,139320,10584,6090905
2021-07-10,New York,88,139408,8859,6099764
2021-07-11,New York,76,139484,5798,6105562
2021-07-12,New York,60,139544,6347,6111909
2021-07-13,New York,87,139631,10940,6122849
2021-07-14,New York,107,139738,11249,6134098
2021-07-15,New York,137,139875,11682,6145780
2021-07-16,New York,187,140062,13238,6159018
2021-07-17,New York,158,140220,9993,6169011
2021-07-18,New York,94,140314,6141,6175152
2020-03-01,Niagara,0,0,0,0
2020-03-02,Niagara,0,0,0,0
2020-03-03,Niagara,0,0,0,0
2020-03-04,Niagara,0,0,0,0
2020-03-05,Niagara,0,0,0,0
2020-03-06,Niagara,0,0,0,0
2020-03-07,Niagara,0,0,0,0
2020-03-08,Niagara,0,0,1,1
2020-03-09,Niagara,0,0,0,1
2020-03-10,Niagara,0,0,0,1
2020-03-11,Niagara,0,0,1,2
2020-03-12,Niagara,0,0,1,3
2020-03-13,Niagara,0,0,0,3
2020-03-14,Niagara,0,0,1,4
2020-03-15,Niagara,0,0,0,4
2020-03-16,Niagara,0,0,1,5
2020-03-17,Niagara,0,0,1,6
2020-03-18,Niagara,1,1,10,16
2020-03-19,Niagara,2,3,4,20
2020-03-20,Niagara,1,4,6,26
2020-03-21,Niagara,2,6,9,35
2020-03-22,Niagara,4,10,38,73
2020-03-23,Niagara,1,11,15,88
2020-03-24,Niagara,1,12,16,104
2020-03-25,Niagara,2,14,10,114
2020-03-26,Niagara,9,23,55,169
2020-03-27,Niagara,10,33,57,226
2020-03-28,Niagara,5,38,18,244
2020-03-29,Niagara,3,41,6,250
2020-03-30,Niagara,1,42,15,265
2020-03-31,Niagara,4,46,13,278
2020-04-01,Niagara,30,76,89,367
2020-04-02,Niagara,18,94,61,428
2020-04-03,Niagara,7,101,47,475
2020-04-04,Niagara,15,116,54,529
2020-04-05,Niagara,4,120,44,573
2020-04-06,Niagara,6,126,44,617
2020-04-07,Niagara,8,134,39,656
2020-04-08,Niagara,12,146,53,709
2020-04-09,Niagara,10,156,79,788
2020-04-10,Niagara,11,167,46,834
2020-04-11,Niagara,16,183,62,896
2020-04-12,Niagara,6,189,29,925
2020-04-13,Niagara,8,197,48,973
2020-04-14,Niagara,7,204,57,1030
2020-04-15,Niagara,12,216,82,1112
2020-04-16,Niagara,11,227,56,1168
2020-04-17,Niagara,7,234,53,1221
2020-04-18,Niagara,12,246,69,1290
2020-04-19,Niagara,9,255,48,1338
2020-04-20,Niagara,5,260,53,1391
2020-04-21,Niagara,8,268,49,1440
2020-04-22,Niagara,27,295,195,1635
2020-04-23,Niagara,37,332,192,1827
2020-04-24,Niagara,12,344,107,1934
2020-04-25,Niagara,24,368,142,2076
2020-04-26,Niagara,10,378,95,2171
2020-04-27,Niagara,8,386,89,2260
2020-04-28,Niagara,15,401,130,2390
2020-04-29,Niagara,19,420,154,2544
2020-04-30,Niagara,20,440,239,2783
2020-05-01,Niagara,17,457,269,3052
2020-05-02,Niagara,17,474,184,3236
2020-05-03,Niagara,19,493,318,3554
2020-05-04,Niagara,15,508,198,3752
2020-05-05,Niagara,41,549,353,4105
2020-05-06,Niagara,39,588,282,4387
2020-05-07,Niagara,17,605,257,4644
2020-05-08,Niagara,22,627,273,4917
2020-05-09,Niagara,16,643,359,5276
2020-05-10,Niagara,12,655,176,5452
2020-05-11,Niagara,16,671,186,5638
2020-05-12,Niagara,19,690,343,5981
2020-05-13,Niagara,20,710,330,6311
2020-05-14,Niagara,33,743,530,6841
2020-05-15,Niagara,27,770,383,7224
2020-05-16,Niagara,22,792,421,7645
2020-05-17,Niagara,26,818,325,7970
2020-05-18,Niagara,27,845,271,8241
2020-05-19,Niagara,13,858,370,8611
2020-05-20,Niagara,22,880,540,9151
2020-05-21,Niagara,17,897,655,9806
2020-05-22,Niagara,30,927,501,10307
2020-05-23,Niagara,14,941,355,10662
2020-05-24,Niagara,14,955,501,11163
2020-05-25,Niagara,10,965,366,11529
2020-05-26,Niagara,7,972,247,11776
2020-05-27,Niagara,12,984,502,12278
2020-05-28,Niagara,24,1008,583,12861
2020-05-29,Niagara,12,1020,447,13308
2020-05-30,Niagara,17,1037,495,13803
2020-05-31,Niagara,9,1046,420,14223
2020-06-01,Niagara,2,1048,485,14708
2020-06-02,Niagara,19,1067,655,15363
2020-06-03,Niagara,18,1085,739,16102
2020-06-04,Niagara,14,1099,726,16828
2020-06-05,Niagara,10,1109,999,17827
2020-06-06,Niagara,3,1112,521,18348
2020-06-07,Niagara,4,1116,419,18767
2020-06-08,Niagara,9,1125,942,19709
2020-06-09,Niagara,4,1129,510,20219
2020-06-10,Niagara,7,1136,623,20842
2020-06-11,Niagara,7,1143,718,21560
2020-06-12,Niagara,11,1154,630,22190
2020-06-13,Niagara,12,1166,745,22935
2020-06-14,Niagara,3,1169,464,23399
2020-06-15,Niagara,2,1171,424,23823
2020-06-16,Niagara,6,1177,505,24328
2020-06-17,Niagara,6,1183,850,25178
2020-06-18,Niagara,2,1185,977,26155
2020-06-19,Niagara,3,1188,621,26776
2020-06-20,Niagara,4,1192,531,27307
2020-06-21,Niagara,1,1193,402,27709
2020-06-22,Niagara,2,1195,371,28080
2020-06-23,Niagara,4,1199,803,28883
2020-06-24,Niagara,4,1203,963,29846
2020-06-25,Niagara,10,1213,606,30452
2020-06-26,Niagara,10,1223,820,31272
2020-06-27,Niagara,3,1226,513,31785
2020-06-28,Niagara,2,1228,385,32170
2020-06-29,Niagara,6,1234,622,32792
2020-06-30,Niagara,3,1237,517,33309
2020-07-01,Niagara,11,1248,987,34296
2020-07-02,Niagara,14,1262,763,35059
2020-07-03,Niagara,15,1277,683,35742
2020-07-04,Niagara,7,1284,476,36218
2020-07-05,Niagara,6,1290,360,36578
2020-07-06,Niagara,7,1297,442,37020
2020-07-07,Niagara,10,1307,718,37738
2020-07-08,Niagara,8,1315,826,38564
2020-07-09,Niagara,12,1327,835,39399
2020-07-10,Niagara,7,1334,533,39932
2020-07-11,Niagara,6,1340,720,40652
2020-07-12,Niagara,2,1342,266,40918
2020-07-13,Niagara,9,1351,685,41603
2020-07-14,Niagara,5,1356,665,42268
2020-07-15,Niagara,8,1364,930,43198
2020-07-16,Niagara,7,1371,933,44131
2020-07-17,Niagara,4,1375,419,44550
2020-07-18,Niagara,7,1382,509,45059
2020-07-19,Niagara,2,1384,209,45268
2020-07-20,Niagara,4,1388,640,45908
2020-07-21,Niagara,7,1395,736,46644
2020-07-22,Niagara,10,1405,586,47230
2020-07-23,Niagara,3,1408,707,47937
2020-07-24,Niagara,12,1420,1234,49171
2020-07-25,Niagara,2,1422,503,49674
2020-07-26,Niagara,2,1424,335,50009
2020-07-27,Niagara,0,1424,698,50707
2020-07-28,Niagara,6,1430,543,51250
2020-07-29,Niagara,4,1434,860,52110
2020-07-30,Niagara,6,1440,515,52625
2020-07-31,Niagara,4,1444,748,53373
2020-08-01,Niagara,2,1446,519,53892
2020-08-02,Niagara,3,1449,314,54206
2020-08-03,Niagara,9,1458,996,55202
2020-08-04,Niagara,8,1466,1332,56534
2020-08-05,Niagara,4,1470,639,57173
2020-08-06,Niagara,21,1491,646,57819
2020-08-07,Niagara,3,1494,997,58816
2020-08-08,Niagara,4,1498,462,59278
2020-08-09,Niagara,2,1500,283,59561
2020-08-10,Niagara,12,1512,925,60486
2020-08-11,Niagara,2,1514,652,61138
2020-08-12,Niagara,4,1518,551,61689
2020-08-13,Niagara,6,1524,821,62510
2020-08-14,Niagara,5,1529,597,63107
2020-08-15,Niagara,3,1532,573,63680
2020-08-16,Niagara,0,1532,319,63999
2020-08-17,Niagara,3,1535,459,64458
2020-08-18,Niagara,9,1544,590,65048
2020-08-19,Niagara,3,1547,757,65805
2020-08-20,Niagara,9,1556,768,66573
2020-08-21,Niagara,10,1566,683,67256
2020-08-22,Niagara,9,1575,646,67902
2020-08-23,Niagara,1,1576,286,68188
2020-08-24,Niagara,10,1586,591,68779
2020-08-25,Niagara,4,1590,520,69299
2020-08-26,Niagara,5,1595,913,70212
2020-08-27,Niagara,5,1600,734,70946
2020-08-28,Niagara,5,1605,605,71551
2020-08-29,Niagara,7,1612,957,72508
2020-08-30,Niagara,6,1618,532,73040
2020-08-31,Niagara,8,1626,856,73896
2020-09-01,Niagara,6,1632,895,74791
2020-09-02,Niagara,3,1635,789,75580
2020-09-03,Niagara,3,1638,767,76347
2020-09-04,Niagara,5,1643,806,77153
2020-09-05,Niagara,7,1650,503,77656
2020-09-06,Niagara,4,1654,394,78050
2020-09-07,Niagara,5,1659,547,78597
2020-09-08,Niagara,4,1663,502,79099
2020-09-09,Niagara,3,1666,637,79736
2020-09-10,Niagara,5,1671,724,80460
2020-09-11,Niagara,7,1678,743,81203
2020-09-12,Niagara,7,1685,585,81788
2020-09-13,Niagara,4,1689,420,82208
2020-09-14,Niagara,4,1693,679,82887
2020-09-15,Niagara,1,1694,445,83332
2020-09-16,Niagara,9,1703,1145,84477
2020-09-17,Niagara,4,1707,486,84963
2020-09-18,Niagara,7,1714,772,85735
2020-09-19,Niagara,10,1724,1161,86896
2020-09-20,Niagara,4,1728,444,87340
2020-09-21,Niagara,5,1733,564,87904
2020-09-22,Niagara,8,1741,711,88615
2020-09-23,Niagara,15,1756,884,89499
2020-09-24,Niagara,10,1766,981,90480
2020-09-25,Niagara,7,1773,609,91089
2020-09-26,Niagara,4,1777,990,92079
2020-09-27,Niagara,3,1780,548,92627
2020-09-28,Niagara,3,1783,1727,94354
2020-09-29,Niagara,5,1788,1119,95473
2020-09-30,Niagara,11,1799,1127,96600
2020-10-01,Niagara,10,1809,1480,98080
2020-10-02,Niagara,4,1813,1139,99219
2020-10-03,Niagara,15,1828,1260,100479
2020-10-04,Niagara,6,1834,738,101217
2020-10-05,Niagara,6,1840,906,102123
2020-10-06,Niagara,2,1842,640,102763
2020-10-07,Niagara,13,1855,1305,104068
2020-10-08,Niagara,17,1872,1448,105516
2020-10-09,Niagara,10,1882,890,106406
2020-10-10,Niagara,13,1895,870,107276
2020-10-11,Niagara,7,1902,1159,108435
2020-10-12,Niagara,5,1907,495,108930
2020-10-13,Niagara,4,1911,899,109829
2020-10-14,Niagara,17,1928,1204,111033
2020-10-15,Niagara,10,1938,1440,112473
2020-10-16,Niagara,8,1946,1287,113760
2020-10-17,Niagara,12,1958,838,114598
2020-10-18,Niagara,3,1961,437,115035
2020-10-19,Niagara,7,1968,996,116031
2020-10-20,Niagara,18,1986,1095,117126
2020-10-21,Niagara,11,1997,1154,118280
2020-10-22,Niagara,19,2016,1220,119500
2020-10-23,Niagara,16,2032,1676,121176
2020-10-24,Niagara,9,2041,767,121943
2020-10-25,Niagara,9,2050,835,122778
2020-10-26,Niagara,15,2065,793,123571
2020-10-27,Niagara,10,2075,840,124411
2020-10-28,Niagara,13,2088,1043,125454
2020-10-29,Niagara,20,2108,1132,126586
2020-10-30,Niagara,16,2124,1223,127809
2020-10-31,Niagara,13,2137,882,128691
2020-11-01,Niagara,18,2155,690,129381
2020-11-02,Niagara,11,2166,1122,130503
2020-11-03,Niagara,25,2191,656,131159
2020-11-04,Niagara,40,2231,1301,132460
2020-11-05,Niagara,43,2274,1161,133621
2020-11-06,Niagara,39,2313,1519,135140
2020-11-07,Niagara,41,2354,868,136008
2020-11-08,Niagara,38,2392,813,136821
2020-11-09,Niagara,75,2467,1523,138344
2020-11-10,Niagara,38,2505,945,139289
2020-11-11,Niagara,59,2564,1437,140726
2020-11-12,Niagara,52,2616,1486,142212
2020-11-13,Niagara,62,2678,1293,143505
2020-11-14,Niagara,30,2708,841,144346
2020-11-15,Niagara,45,2753,1000,145346
2020-11-16,Niagara,45,2798,963,146309
2020-11-17,Niagara,71,2869,1379,147688
2020-11-18,Niagara,65,2934,2123,149811
2020-11-19,Niagara,89,3023,1986,151797
2020-11-20,Niagara,65,3088,1608,153405
2020-11-21,Niagara,64,3152,1633,155038
2020-11-22,Niagara,61,3213,1615,156653
2020-11-23,Niagara,48,3261,698,157351
2020-11-24,Niagara,105,3366,1631,158982
2020-11-25,Niagara,79,3445,1564,160546
2020-11-26,Niagara,154,3599,1867,162413
2020-11-27,Niagara,83,3682,1303,163716
2020-11-28,Niagara,86,3768,1177,164893
2020-11-29,Niagara,106,3874,1507,166400
2020-11-30,Niagara,145,4019,1478,167878
2020-12-01,Niagara,123,4142,1137,169015
2020-12-02,Niagara,154,4296,2211,171226
2020-12-03,Niagara,183,4479,1835,173061
2020-12-04,Niagara,199,4678,2575,175636
2020-12-05,Niagara,135,4813,1938,177574
2020-12-06,Niagara,139,4952,1267,178841
2020-12-07,Niagara,125,5077,1530,180371
2020-12-08,Niagara,189,5266,1642,182013
2020-12-09,Niagara,112,5378,1880,183893
2020-12-10,Niagara,159,5537,2217,186110
2020-12-11,Niagara,185,5722,2152,188262
2020-12-12,Niagara,184,5906,1863,190125
2020-12-13,Niagara,110,6016,1446,191571
2020-12-14,Niagara,128,6144,1429,193000
2020-12-15,Niagara,114,6258,1257,194257
2020-12-16,Niagara,126,6384,1974,196231
2020-12-17,Niagara,198,6582,2306,198537
2020-12-18,Niagara,127,6709,1883,200420
2020-12-19,Niagara,136,6845,1830,202250
2020-12-20,Niagara,127,6972,1642,203892
2020-12-21,Niagara,165,7137,2066,205958
2020-12-22,Niagara,157,7294,2364,208322
2020-12-23,Niagara,152,7446,2168,210490
2020-12-24,Niagara,172,7618,2751,213241
2020-12-25,Niagara,101,7719,1169,214410
2020-12-26,Niagara,79,7798,1641,216051
2020-12-27,Niagara,139,7937,1138,217189
2020-12-28,Niagara,177,8114,1584,218773
2020-12-29,Niagara,127,8241,1241,220014
2020-12-30,Niagara,203,8444,2450,222464
2020-12-31,Niagara,301,8745,2632,225096
2021-01-01,Niagara,156,8901,1776,226872
2021-01-02,Niagara,182,9083,1491,228363
2021-01-03,Niagara,176,9259,1558,229921
2021-01-04,Niagara,134,9393,1264,231185
2021-01-05,Niagara,288,9681,3133,234318
2021-01-06,Niagara,125,9806,1805,236123
2021-01-07,Niagara,292,10098,2475,238598
2021-01-08,Niagara,266,10364,2701,241299
2021-01-09,Niagara,236,10600,2489,243788
2021-01-10,Niagara,85,10685,1098,244886
2021-01-11,Niagara,203,10888,2356,247242
2021-01-12,Niagara,187,11075,2768,250010
2021-01-13,Niagara,173,11248,1831,251841
2021-01-14,Niagara,286,11534,3992,255833
2021-01-15,Niagara,130,11664,2237,258070
2021-01-16,Niagara,158,11822,2176,260246
2021-01-17,Niagara,111,11933,1285,261531
2021-01-18,Niagara,210,12143,1772,263303
2021-01-19,Niagara,86,12229,1258,264561
2021-01-20,Niagara,181,12410,2827,267388
2021-01-21,Niagara,192,12602,2393,269781
2021-01-22,Niagara,116,12718,2793,272574
2021-01-23,Niagara,125,12843,1822,274396
2021-01-24,Niagara,90,12933,1513,275909
2021-01-25,Niagara,123,13056,1254,277163
2021-01-26,Niagara,139,13195,1967,279130
2021-01-27,Niagara,155,13350,2067,281197
2021-01-28,Niagara,132,13482,2023,283220
2021-01-29,Niagara,108,13590,2211,285431
2021-01-30,Niagara,100,13690,1854,287285
2021-01-31,Niagara,62,13752,1101,288386
2021-02-01,Niagara,44,13796,875,289261
2021-02-02,Niagara,90,13886,1121,290382
2021-02-03,Niagara,130,14016,2042,292424
2021-02-04,Niagara,92,14108,1636,294060
2021-02-05,Niagara,112,14220,2966,297026
2021-02-06,Niagara,76,14296,1854,298880
2021-02-07,Niagara,68,14364,1122,300002
2021-02-08,Niagara,27,14391,917,300919
2021-02-09,Niagara,76,14467,1694,302613
2021-02-10,Niagara,90,14557,2364,304977
2021-02-11,Niagara,57,14614,1595,306572
2021-02-12,Niagara,53,14667,2078,308650
2021-02-13,Niagara,69,14736,1922,310572
2021-02-14,Niagara,20,14756,1031,311603
2021-02-15,Niagara,47,14803,1005,312608
2021-02-16,Niagara,34,14837,959,313567
2021-02-17,Niagara,55,14892,1815,315382
2021-02-18,Niagara,28,14920,1101,316483
2021-02-19,Niagara,37,14957,2135,318618
2021-02-20,Niagara,27,14984,1551,320169
2021-02-21,Niagara,28,15012,914,321083
2021-02-22,Niagara,47,15059,972,322055
2021-02-23,Niagara,41,15100,1672,323727
2021-02-24,Niagara,56,15156,1939,325666
2021-02-25,Niagara,38,15194,1997,327663
2021-02-26,Niagara,46,15240,2145,329808
2021-02-27,Niagara,55,15295,1802,331610
2021-02-28,Niagara,29,15324,936,332546
2021-03-01,Niagara,27,15351,736,333282
2021-03-02,Niagara,29,15380,1386,334668
2021-03-03,Niagara,24,15404,2036,336704
2021-03-04,Niagara,58,15462,1774,338478
2021-03-05,Niagara,46,15508,2224,340702
2021-03-06,Niagara,46,15554,1770,342472
2021-03-07,Niagara,36,15590,1645,344117
2021-03-08,Niagara,24,15614,831,344948
2021-03-09,Niagara,23,15637,1237,346185
2021-03-10,Niagara,33,15670,1648,347833
2021-03-11,Niagara,58,15728,1828,349661
2021-03-12,Niagara,18,15746,1850,351511
2021-03-13,Niagara,35,15781,1636,353147
2021-03-14,Niagara,35,15816,1337,354484
2021-03-15,Niagara,38,15854,817,355301
2021-03-16,Niagara,18,15872,1216,356517
2021-03-17,Niagara,35,15907,1796,358313
2021-03-18,Niagara,29,15936,1636,359949
2021-03-19,Niagara,29,15965,1879,361828
2021-03-20,Niagara,44,16009,1845,363673
2021-03-21,Niagara,41,16050,1115,364788
2021-03-22,Niagara,36,16086,860,365648
2021-03-23,Niagara,44,16130,1229,366877
2021-03-24,Niagara,56,16186,2162,369039
2021-03-25,Niagara,53,16239,1906,370945
2021-03-26,Niagara,70,16309,2467,373412
2021-03-27,Niagara,45,16354,2084,375496
2021-03-28,Niagara,45,16399,1545,377041
2021-03-29,Niagara,91,16490,952,377993
2021-03-30,Niagara,50,16540,1401,379394
2021-03-31,Niagara,99,16639,1505,380899
2021-04-01,Niagara,74,16713,1851,382750
2021-04-02,Niagara,87,16800,2398,385148
2021-04-03,Niagara,100,16900,2197,387345
2021-04-04,Niagara,114,17014,1085,388430
2021-04-05,Niagara,62,17076,767,389197
2021-04-06,Niagara,80,17156,1384,390581
2021-04-07,Niagara,110,17266,1700,392281
2021-04-08,Niagara,139,17405,2784,395065
2021-04-09,Niagara,122,17527,2534,397599
2021-04-10,Niagara,106,17633,1438,399037
2021-04-11,Niagara,79,17712,828,399865
2021-04-12,Niagara,68,17780,1061,400926
2021-04-13,Niagara,108,17888,2103,403029
2021-04-14,Niagara,111,17999,2084,405113
2021-04-15,Niagara,91,18090,1793,406906
2021-04-16,Niagara,121,18211,2049,408955
2021-04-17,Niagara,103,18314,2281,411236
2021-04-18,Niagara,53,18367,1437,412673
2021-04-19,Niagara,69,18436,982,413655
2021-04-20,Niagara,50,18486,1630,415285
2021-04-21,Niagara,50,18536,1846,417131
2021-04-22,Niagara,106,18642,2165,419296
2021-04-23,Niagara,68,18710,1836,421132
2021-04-24,Niagara,60,18770,1453,422585
2021-04-25,Niagara,46,18816,1272,423857
2021-04-26,Niagara,54,18870,976,424833
2021-04-27,Niagara,56,18926,1527,426360
2021-04-28,Niagara,69,18995,1632,427992
2021-04-29,Niagara,83,19078,1842,429834
2021-04-30,Niagara,60,19138,2298,432132
2021-05-01,Niagara,52,19190,1571,433703
2021-05-02,Niagara,38,19228,814,434517
2021-05-03,Niagara,42,19270,882,435399
2021-05-04,Niagara,36,19306,1262,436661
2021-05-05,Niagara,41,19347,1576,438237
2021-05-06,Niagara,51,19398,1671,439908
2021-05-07,Niagara,60,19458,2506,442414
2021-05-08,Niagara,48,19506,1127,443541
2021-05-09,Niagara,21,19527,903,444444
2021-05-10,Niagara,29,19556,882,445326
2021-05-11,Niagara,39,19595,1366,446692
2021-05-12,Niagara,39,19634,1800,448492
2021-05-13,Niagara,22,19656,1656,450148
2021-05-14,Niagara,30,19686,1823,451971
2021-05-15,Niagara,18,19704,1244,453215
2021-05-16,Niagara,17,19721,679,453894
2021-05-17,Niagara,15,19736,685,454579
2021-05-18,Niagara,30,19766,1292,455871
2021-05-19,Niagara,36,19802,1870,457741
2021-05-20,Niagara,35,19837,1276,459017
2021-05-21,Niagara,19,19856,1243,460260
2021-05-22,Niagara,25,19881,984,461244
2021-05-23,Niagara,16,19897,990,462234
2021-05-24,Niagara,13,19910,650,462884
2021-05-25,Niagara,17,19927,991,463875
2021-05-26,Niagara,11,19938,1060,464935
2021-05-27,Niagara,9,19947,1230,466165
2021-05-28,Niagara,9,19956,965,467130
2021-05-29,Niagara,12,19968,1363,468493
2021-05-30,Niagara,2,19970,406,468899
2021-05-31,Niagara,10,19980,438,469337
2021-06-01,Niagara,6,19986,603,469940
2021-06-02,Niagara,5,19991,1238,471178
2021-06-03,Niagara,4,19995,1218,472396
2021-06-04,Niagara,8,20003,1417,473813
2021-06-05,Niagara,3,20006,937,474750
2021-06-06,Niagara,5,20011,717,475467
2021-06-07,Niagara,4,20015,532,475999
2021-06-08,Niagara,2,20017,1101,477100
2021-06-09,Niagara,2,20019,1103,478203
2021-06-10,Niagara,8,20027,924,479127
2021-06-11,Niagara,3,20030,1249,480376
2021-06-12,Niagara,2,20032,597,480973
2021-06-13,Niagara,1,20033,575,481548
2021-06-14,Niagara,2,20035,439,481987
2021-06-15,Niagara,4,20039,735,482722
2021-06-16,Niagara,2,20041,632,483354
2021-06-17,Niagara,4,20045,639,483993
2021-06-18,Niagara,0,20045,624,484617
2021-06-19,Niagara,2,20047,417,485034
2021-06-20,Niagara,1,20048,342,485376
2021-06-21,Niagara,2,20050,400,485776
2021-06-22,Niagara,1,20051,648,486424
2021-06-23,Niagara,3,20054,613,487037
2021-06-24,Niagara,1,20055,370,487407
2021-06-25,Niagara,0,20055,525,487932
2021-06-26,Niagara,1,20056,552,488484
2021-06-27,Niagara,1,20057,316,488800
2021-06-28,Niagara,1,20058,275,489075
2021-06-29,Niagara,1,20059,583,489658
2021-06-30,Niagara,0,20059,441,490099
2021-07-01,Niagara,8,20067,521,490620
2021-07-02,Niagara,2,20069,393,491013
2021-07-03,Niagara,3,20072,388,491401
2021-07-04,Niagara,1,20073,243,491644
2021-07-05,Niagara,0,20073,301,491945
2021-07-06,Niagara,4,20077,507,492452
2021-07-07,Niagara,1,20078,418,492870
2021-07-08,Niagara,4,20082,496,493366
2021-07-09,Niagara,2,20084,598,493964
2021-07-10,Niagara,1,20085,291,494255
2021-07-11,Niagara,3,20088,281,494536
2021-07-12,Niagara,4,20092,370,494906
2021-07-13,Niagara,8,20100,443,495349
2021-07-14,Niagara,6,20106,560,495909
2021-07-15,Niagara,7,20113,382,496291
2021-07-16,Niagara,5,20118,337,496628
2021-07-17,Niagara,7,20125,478,497106
2021-07-18,Niagara,4,20129,161,497267
2020-03-01,Oneida,0,0,0,0
2020-03-02,Oneida,0,0,0,0
2020-03-03,Oneida,0,0,0,0
2020-03-04,Oneida,0,0,2,2
2020-03-05,Oneida,0,0,0,2
2020-03-06,Oneida,0,0,0,2
2020-03-07,Oneida,0,0,0,2
2020-03-08,Oneida,0,0,0,2
2020-03-09,Oneida,0,0,0,2
2020-03-10,Oneida,0,0,0,2
2020-03-11,Oneida,0,0,1,3
2020-03-12,Oneida,0,0,1,4
2020-03-13,Oneida,0,0,1,5
2020-03-14,Oneida,0,0,1,6
2020-03-15,Oneida,0,0,3,9
2020-03-16,Oneida,0,0,1,10
2020-03-17,Oneida,0,0,4,14
2020-03-18,Oneida,2,2,14,28
2020-03-19,Oneida,0,2,7,35
2020-03-20,Oneida,2,4,59,94
2020-03-21,Oneida,1,5,30,124
2020-03-22,Oneida,2,7,36,160
2020-03-23,Oneida,1,8,24,184
2020-03-24,Oneida,1,9,48,232
2020-03-25,Oneida,4,13,22,254
2020-03-26,Oneida,0,13,41,295
2020-03-27,Oneida,10,23,43,338
2020-03-28,Oneida,3,26,26,364
2020-03-29,Oneida,8,34,26,390
2020-03-30,Oneida,6,40,57,447
2020-03-31,Oneida,10,50,58,505
2020-04-01,Oneida,11,61,82,587
2020-04-02,Oneida,10,71,77,664
2020-04-03,Oneida,9,80,58,722
2020-04-04,Oneida,7,87,55,777
2020-04-05,Oneida,13,100,87,864
2020-04-06,Oneida,18,118,90,954
2020-04-07,Oneida,7,125,59,1013
2020-04-08,Oneida,33,158,104,1117
2020-04-09,Oneida,14,172,85,1202
2020-04-10,Oneida,9,181,42,1244
2020-04-11,Oneida,14,195,83,1327
2020-04-12,Oneida,11,206,61,1388
2020-04-13,Oneida,23,229,100,1488
2020-04-14,Oneida,17,246,79,1567
2020-04-15,Oneida,3,249,32,1599
2020-04-16,Oneida,12,261,82,1681
2020-04-17,Oneida,7,268,85,1766
2020-04-18,Oneida,7,275,52,1818
2020-04-19,Oneida,4,279,75,1893
2020-04-20,Oneida,5,284,133,2026
2020-04-21,Oneida,17,301,117,2143
2020-04-22,Oneida,16,317,174,2317
2020-04-23,Oneida,6,323,67,2384
2020-04-24,Oneida,41,364,401,2785
2020-04-25,Oneida,20,384,112,2897
2020-04-26,Oneida,13,397,128,3025
2020-04-27,Oneida,14,411,132,3157
2020-04-28,Oneida,11,422,124,3281
2020-04-29,Oneida,17,439,145,3426
2020-04-30,Oneida,12,451,149,3575
2020-05-01,Oneida,23,474,185,3760
2020-05-02,Oneida,15,489,149,3909
2020-05-03,Oneida,61,550,241,4150
2020-05-04,Oneida,24,574,247,4397
2020-05-05,Oneida,5,579,234,4631
2020-05-06,Oneida,30,609,375,5006
2020-05-07,Oneida,11,620,323,5329
2020-05-08,Oneida,18,638,296,5625
2020-05-09,Oneida,22,660,329,5954
2020-05-10,Oneida,9,669,269,6223
2020-05-11,Oneida,7,676,161,6384
2020-05-12,Oneida,10,686,397,6781
2020-05-13,Oneida,12,698,376,7157
2020-05-14,Oneida,15,713,268,7425
2020-05-15,Oneida,38,751,342,7767
2020-05-16,Oneida,9,760,209,7976
2020-05-17,Oneida,12,772,318,8294
2020-05-18,Oneida,13,785,326,8620
2020-05-19,Oneida,17,802,775,9395
2020-05-20,Oneida,15,817,779,10174
2020-05-21,Oneida,11,828,815,10989
2020-05-22,Oneida,36,864,1305,12294
2020-05-23,Oneida,14,878,659,12953
2020-05-24,Oneida,27,905,930,13883
2020-05-25,Oneida,12,917,427,14310
2020-05-26,Oneida,12,929,488,14798
2020-05-27,Oneida,30,959,927,15725
2020-05-28,Oneida,29,988,1284,17009
2020-05-29,Oneida,18,1006,757,17766
2020-05-30,Oneida,21,1027,1108,18874
2020-05-31,Oneida,9,1036,677,19551
2020-06-01,Oneida,13,1049,613,20164
2020-06-02,Oneida,9,1058,1128,21292
2020-06-03,Oneida,11,1069,892,22184
2020-06-04,Oneida,8,1077,1050,23234
2020-06-05,Oneida,50,1127,1505,24739
2020-06-06,Oneida,16,1143,1276,26015
2020-06-07,Oneida,27,1170,1207,27222
2020-06-08,Oneida,15,1185,569,27791
2020-06-09,Oneida,18,1203,806,28597
2020-06-10,Oneida,13,1216,970,29567
2020-06-11,Oneida,21,1237,1900,31467
2020-06-12,Oneida,16,1253,1048,32515
2020-06-13,Oneida,20,1273,978,33493
2020-06-14,Oneida,7,1280,517,34010
2020-06-15,Oneida,21,1301,719,34729
2020-06-16,Oneida,6,1307,675,35404
2020-06-17,Oneida,25,1332,1218,36622
2020-06-18,Oneida,25,1357,1010,37632
2020-06-19,Oneida,21,1378,786,38418
2020-06-20,Oneida,15,1393,679,39097
2020-06-21,Oneida,23,1416,1126,40223
2020-06-22,Oneida,5,1421,558,40781
2020-06-23,Oneida,24,1445,802,41583
2020-06-24,Oneida,34,1479,1082,42665
2020-06-25,Oneida,41,1520,2025,44690
2020-06-26,Oneida,27,1547,664,45354
2020-06-27,Oneida,39,1586,926,46280
2020-06-28,Oneida,30,1616,748,47028
2020-06-29,Oneida,11,1627,626,47654
2020-06-30,Oneida,15,1642,746,48400
2020-07-01,Oneida,30,1672,1005,49405
2020-07-02,Oneida,36,1708,894,50299
2020-07-03,Oneida,17,1725,855,51154
2020-07-04,Oneida,17,1742,790,51944
2020-07-05,Oneida,7,1749,544,52488
2020-07-06,Oneida,11,1760,593,53081
2020-07-07,Oneida,16,1776,1015,54096
2020-07-08,Oneida,15,1791,1323,55419
2020-07-09,Oneida,15,1806,1226,56645
2020-07-10,Oneida,12,1818,1388,58033
2020-07-11,Oneida,5,1823,635,58668
2020-07-12,Oneida,7,1830,559,59227
2020-07-13,Oneida,17,1847,947,60174
2020-07-14,Oneida,13,1860,862,61036
2020-07-15,Oneida,8,1868,833,61869
2020-07-16,Oneida,41,1909,1177,63046
2020-07-17,Oneida,28,1937,1086,64132
2020-07-18,Oneida,3,1940,274,64406
2020-07-19,Oneida,2,1942,309,64715
2020-07-20,Oneida,20,1962,942,65657
2020-07-21,Oneida,13,1975,1016,66673
2020-07-22,Oneida,5,1980,903,67576
2020-07-23,Oneida,10,1990,1110,68686
2020-07-24,Oneida,10,2000,980,69666
2020-07-25,Oneida,0,2000,526,70192
2020-07-26,Oneida,10,2010,772,70964
2020-07-27,Oneida,18,2028,830,71794
2020-07-28,Oneida,25,2053,990,72784
2020-07-29,Oneida,9,2062,1033,73817
2020-07-30,Oneida,8,2070,609,74426
2020-07-31,Oneida,11,2081,1031,75457
2020-08-01,Oneida,6,2087,523,75980
2020-08-02,Oneida,3,2090,642,76622
2020-08-03,Oneida,13,2103,816,77438
2020-08-04,Oneida,11,2114,725,78163
2020-08-05,Oneida,3,2117,721,78884
2020-08-06,Oneida,12,2129,894,79778
2020-08-07,Oneida,13,2142,681,80459
2020-08-08,Oneida,4,2146,750,81209
2020-08-09,Oneida,4,2150,455,81664
2020-08-10,Oneida,25,2175,1194,82858
2020-08-11,Oneida,5,2180,824,83682
2020-08-12,Oneida,3,2183,960,84642
2020-08-13,Oneida,6,2189,1079,85721
2020-08-14,Oneida,6,2195,1271,86992
2020-08-15,Oneida,3,2198,978,87970
2020-08-16,Oneida,3,2201,514,88484
2020-08-17,Oneida,12,2213,746,89230
2020-08-18,Oneida,5,2218,1326,90556
2020-08-19,Oneida,4,2222,1421,91977
2020-08-20,Oneida,11,2233,1688,93665
2020-08-21,Oneida,9,2242,1667,95332
2020-08-22,Oneida,2,2244,1184,96516
2020-08-23,Oneida,1,2245,1051,97567
2020-08-24,Oneida,11,2256,915,98482
2020-08-25,Oneida,3,2259,1621,100103
2020-08-26,Oneida,5,2264,1067,101170
2020-08-27,Oneida,1,2265,2058,103228
2020-08-28,Oneida,3,2268,1563,104791
2020-08-29,Oneida,4,2272,1878,106669
2020-08-30,Oneida,2,2274,1730,108399
2020-08-31,Oneida,7,2281,1095,109494
2020-09-01,Oneida,2,2283,1486,110980
2020-09-02,Oneida,3,2286,1878,112858
2020-09-03,Oneida,9,2295,1298,114156
2020-09-04,Oneida,3,2298,1822,115978
2020-09-05,Oneida,4,2302,1716,117694
2020-09-06,Oneida,3,2305,750,118444
2020-09-07,Oneida,4,2309,610,119054
2020-09-08,Oneida,7,2316,1582,120636
2020-09-09,Oneida,6,2322,1166,121802
2020-09-10,Oneida,11,2333,1588,123390
2020-09-11,Oneida,8,2341,2315,125705
2020-09-12,Oneida,6,2347,1718,127423
2020-09-13,Oneida,1,2348,899,128322
2020-09-14,Oneida,8,2356,658,128980
2020-09-15,Oneida,3,2359,1661,130641
2020-09-16,Oneida,4,2363,1889,132530
2020-09-17,Oneida,6,2369,1428,133958
2020-09-18,Oneida,4,2373,1812,135770
2020-09-19,Oneida,2,2375,2221,137991
2020-09-20,Oneida,3,2378,591,138582
2020-09-21,Oneida,0,2378,799,139381
2020-09-22,Oneida,9,2387,1886,141267
2020-09-23,Oneida,1,2388,1980,143247
2020-09-24,Oneida,12,2400,1178,144425
2020-09-25,Oneida,7,2407,1826,146251
2020-09-26,Oneida,5,2412,3062,149313
2020-09-27,Oneida,8,2420,554,149867
2020-09-28,Oneida,12,2432,1073,150940
2020-09-29,Oneida,4,2436,1740,152680
2020-09-30,Oneida,24,2460,2195,154875
2020-10-01,Oneida,2,2462,1887,156762
2020-10-02,Oneida,6,2468,2510,159272
2020-10-03,Oneida,10,2478,3099,162371
2020-10-04,Oneida,2,2480,578,162949
2020-10-05,Oneida,3,2483,975,163924
2020-10-06,Oneida,7,2490,1675,165599
2020-10-07,Oneida,13,2503,2883,168482
2020-10-08,Oneida,9,2512,2181,170663
2020-10-09,Oneida,17,2529,2407,173070
2020-10-10,Oneida,10,2539,4138,177208
2020-10-11,Oneida,10,2549,1725,178933
2020-10-12,Oneida,5,2554,1182,180115
2020-10-13,Oneida,4,2558,1751,181866
2020-10-14,Oneida,9,2567,2504,184370
2020-10-15,Oneida,7,2574,2221,186591
2020-10-16,Oneida,12,2586,4309,190900
2020-10-17,Oneida,7,2593,2664,193564
2020-10-18,Oneida,1,2594,599,194163
2020-10-19,Oneida,5,2599,991,195154
2020-10-20,Oneida,18,2617,2776,197930
2020-10-21,Oneida,8,2625,2142,200072
2020-10-22,Oneida,19,2644,2277,202349
2020-10-23,Oneida,26,2670,2508,204857
2020-10-24,Oneida,11,2681,1954,206811
2020-10-25,Oneida,5,2686,721,207532
2020-10-26,Oneida,23,2709,2031,209563
2020-10-27,Oneida,37,2746,2877,212440
2020-10-28,Oneida,23,2769,2354,214794
2020-10-29,Oneida,15,2784,4087,218881
2020-10-30,Oneida,47,2831,3100,221981
2020-10-31,Oneida,20,2851,3017,224998
2020-11-01,Oneida,16,2867,821,225819
2020-11-02,Oneida,29,2896,1615,227434
2020-11-03,Oneida,21,2917,4314,231748
2020-11-04,Oneida,29,2946,2922,234670
2020-11-05,Oneida,47,2993,4378,239048
2020-11-06,Oneida,46,3039,2659,241707
2020-11-07,Oneida,43,3082,3210,244917
2020-11-08,Oneida,39,3121,1691,246608
2020-11-09,Oneida,56,3177,1404,248012
2020-11-10,Oneida,74,3251,3202,251214
2020-11-11,Oneida,69,3320,2533,253747
2020-11-12,Oneida,94,3414,4349,258096
2020-11-13,Oneida,116,3530,1941,260037
2020-11-14,Oneida,39,3569,1894,261931
2020-11-15,Oneida,34,3603,2521,264452
2020-11-16,Oneida,64,3667,1203,265655
2020-11-17,Oneida,85,3752,2858,268513
2020-11-18,Oneida,94,3846,3537,272050
2020-11-19,Oneida,50,3896,2141,274191
2020-11-20,Oneida,142,4038,3931,278122
2020-11-21,Oneida,43,4081,1526,279648
2020-11-22,Oneida,129,4210,5470,285118
2020-11-23,Oneida,82,4292,1455,286573
2020-11-24,Oneida,118,4410,1857,288430
2020-11-25,Oneida,105,4515,3199,291629
2020-11-26,Oneida,140,4655,3831,295460
2020-11-27,Oneida,77,4732,1605,297065
2020-11-28,Oneida,129,4861,2217,299282
2020-11-29,Oneida,109,4970,1745,301027
2020-11-30,Oneida,114,5084,1618,302645
2020-12-01,Oneida,182,5266,2251,304896
2020-12-02,Oneida,211,5477,3266,308162
2020-12-03,Oneida,283,5760,3276,311438
2020-12-04,Oneida,290,6050,3703,315141
2020-12-05,Oneida,220,6270,2550,317691
2020-12-06,Oneida,112,6382,1621,319312
2020-12-07,Oneida,163,6545,1415,320727
2020-12-08,Oneida,254,6799,2129,322856
2020-12-09,Oneida,267,7066,2942,325798
2020-12-10,Oneida,265,7331,3249,329047
2020-12-11,Oneida,276,7607,3008,332055
2020-12-12,Oneida,237,7844,2849,334904
2020-12-13,Oneida,165,8009,2330,337234
2020-12-14,Oneida,162,8171,1534,338768
2020-12-15,Oneida,197,8368,1975,340743
2020-12-16,Oneida,327,8695,3495,344238
2020-12-17,Oneida,217,8912,2315,346553
2020-12-18,Oneida,266,9178,2838,349391
2020-12-19,Oneida,227,9405,3214,352605
2020-12-20,Oneida,166,9571,1721,354326
2020-12-21,Oneida,167,9738,1801,356127
2020-12-22,Oneida,252,9990,2511,358638
2020-12-23,Oneida,319,10309,3389,362027
2020-12-24,Oneida,291,10600,3316,365343
2020-12-25,Oneida,155,10755,2507,367850
2020-12-26,Oneida,108,10863,1584,369434
2020-12-27,Oneida,325,11188,2307,371741
2020-12-28,Oneida,254,11442,2717,374458
2020-12-29,Oneida,361,11803,2730,377188
2020-12-30,Oneida,308,12111,3310,380498
2020-12-31,Oneida,314,12425,3200,383698
2021-01-01,Oneida,300,12725,3149,386847
2021-01-02,Oneida,274,12999,2501,389348
2021-01-03,Oneida,270,13269,2029,391377
2021-01-04,Oneida,151,13420,1400,392777
2021-01-05,Oneida,395,13815,3104,395881
2021-01-06,Oneida,259,14074,3448,399329
2021-01-07,Oneida,322,14396,3185,402514
2021-01-08,Oneida,226,14622,3724,406238
2021-01-09,Oneida,256,14878,3270,409508
2021-01-10,Oneida,244,15122,2374,411882
2021-01-11,Oneida,188,15310,3110,414992
2021-01-12,Oneida,240,15550,2251,417243
2021-01-13,Oneida,226,15776,3484,420727
2021-01-14,Oneida,334,16110,4368,425095
2021-01-15,Oneida,232,16342,3497,428592
2021-01-16,Oneida,160,16502,2997,431589
2021-01-17,Oneida,158,16660,2115,433704
2021-01-18,Oneida,151,16811,1760,435464
2021-01-19,Oneida,165,16976,2308,437772
2021-01-20,Oneida,191,17167,3542,441314
2021-01-21,Oneida,179,17346,3580,444894
2021-01-22,Oneida,194,17540,3111,448005
2021-01-23,Oneida,117,17657,3506,451511
2021-01-24,Oneida,85,17742,1600,453111
2021-01-25,Oneida,114,17856,2084,455195
2021-01-26,Oneida,98,17954,2106,457301
2021-01-27,Oneida,103,18057,4125,461426
2021-01-28,Oneida,76,18133,3654,465080
2021-01-29,Oneida,147,18280,3278,468358
2021-01-30,Oneida,74,18354,3443,471801
2021-01-31,Oneida,64,18418,2374,474175
2021-02-01,Oneida,32,18450,2051,476226
2021-02-02,Oneida,68,18518,1468,477694
2021-02-03,Oneida,80,18598,5117,482811
2021-02-04,Oneida,91,18689,2792,485603
2021-02-05,Oneida,77,18766,4780,490383
2021-02-06,Oneida,68,18834,3640,494023
2021-02-07,Oneida,39,18873,1783,495806
2021-02-08,Oneida,37,18910,843,496649
2021-02-09,Oneida,71,18981,3403,500052
2021-02-10,Oneida,50,19031,5156,505208
2021-02-11,Oneida,37,19068,3148,508356
2021-02-12,Oneida,49,19117,4203,512559
2021-02-13,Oneida,41,19158,4241,516800
2021-02-14,Oneida,28,19186,1742,518542
2021-02-15,Oneida,29,19215,3004,521546
2021-02-16,Oneida,32,19247,1912,523458
2021-02-17,Oneida,36,19283,3954,527412
2021-02-18,Oneida,41,19324,4025,531437
2021-02-19,Oneida,27,19351,3008,534445
2021-02-20,Oneida,42,19393,2734,537179
2021-02-21,Oneida,43,19436,1542,538721
2021-02-22,Oneida,45,19481,4203,542924
2021-02-23,Oneida,38,19519,1889,544813
2021-02-24,Oneida,64,19583,4770,549583
2021-02-25,Oneida,46,19629,3667,553250
2021-02-26,Oneida,43,19672,4397,557647
2021-02-27,Oneida,49,19721,2864,560511
2021-02-28,Oneida,14,19735,1399,561910
2021-03-01,Oneida,28,19763,2326,564236
2021-03-02,Oneida,30,19793,2170,566406
2021-03-03,Oneida,36,19829,5692,572098
2021-03-04,Oneida,37,19866,3498,575596
2021-03-05,Oneida,30,19896,4284,579880
2021-03-06,Oneida,32,19928,3565,583445
2021-03-07,Oneida,34,19962,1569,585014
2021-03-08,Oneida,33,19995,3108,588122
2021-03-09,Oneida,36,20031,2108,590230
2021-03-10,Oneida,33,20064,4354,594584
2021-03-11,Oneida,34,20098,4138,598722
2021-03-12,Oneida,26,20124,3649,602371
2021-03-13,Oneida,95,20219,4084,606455
2021-03-14,Oneida,17,20236,2159,608614
2021-03-15,Oneida,26,20262,2582,611196
2021-03-16,Oneida,44,20306,2457,613653
2021-03-17,Oneida,32,20338,4575,618228
2021-03-18,Oneida,30,20368,3824,622052
2021-03-19,Oneida,42,20410,4045,626097
2021-03-20,Oneida,34,20444,3081,629178
2021-03-21,Oneida,26,20470,1502,630680
2021-03-22,Oneida,57,20527,2468,633148
2021-03-23,Oneida,42,20569,2288,635436
2021-03-24,Oneida,35,20604,5197,640633
2021-03-25,Oneida,37,20641,3434,644067
2021-03-26,Oneida,51,20692,5186,649253
2021-03-27,Oneida,42,20734,3635,652888
2021-03-28,Oneida,24,20758,1752,654640
2021-03-29,Oneida,33,20791,2073,656713
2021-03-30,Oneida,37,20828,3887,660600
2021-03-31,Oneida,28,20856,4530,665130
2021-04-01,Oneida,25,20881,4227,669357
2021-04-02,Oneida,35,20916,4790,674147
2021-04-03,Oneida,22,20938,3754,677901
2021-04-04,Oneida,33,20971,1215,679116
2021-04-05,Oneida,12,20983,1224,680340
2021-04-06,Oneida,38,21021,3276,683616
2021-04-07,Oneida,26,21047,4037,687653
2021-04-08,Oneida,48,21095,3339,690992
2021-04-09,Oneida,47,21142,3736,694728
2021-04-10,Oneida,31,21173,3758,698486
2021-04-11,Oneida,41,21214,1972,700458
2021-04-12,Oneida,37,21251,2766,703224
2021-04-13,Oneida,40,21291,1973,705197
2021-04-14,Oneida,38,21329,4656,709853
2021-04-15,Oneida,38,21367,2198,712051
2021-04-16,Oneida,42,21409,3702,715753
2021-04-17,Oneida,45,21454,5208,720961
2021-04-18,Oneida,18,21472,1341,722302
2021-04-19,Oneida,40,21512,2854,725156
2021-04-20,Oneida,44,21556,2279,727435
2021-04-21,Oneida,41,21597,4727,732162
2021-04-22,Oneida,36,21633,3046,735208
2021-04-23,Oneida,22,21655,3718,738926
2021-04-24,Oneida,30,21685,2419,741345
2021-04-25,Oneida,16,21701,1180,742525
2021-04-26,Oneida,24,21725,1242,743767
2021-04-27,Oneida,33,21758,3742,747509
2021-04-28,Oneida,56,21814,3686,751195
2021-04-29,Oneida,36,21850,3435,754630
2021-04-30,Oneida,42,21892,4598,759228
2021-05-01,Oneida,23,21915,2374,761602
2021-05-02,Oneida,22,21937,1288,762890
2021-05-03,Oneida,13,21950,2374,765264
2021-05-04,Oneida,20,21970,2077,767341
2021-05-05,Oneida,28,21998,3659,771000
2021-05-06,Oneida,23,22021,2760,773760
2021-05-07,Oneida,47,22068,4082,777842
2021-05-08,Oneida,35,22103,2132,779974
2021-05-09,Oneida,12,22115,1141,781115
2021-05-10,Oneida,28,22143,2410,783525
2021-05-11,Oneida,24,22167,2017,785542
2021-05-12,Oneida,36,22203,4475,790017
2021-05-13,Oneida,19,22222,2167,792184
2021-05-14,Oneida,29,22251,3700,795884
2021-05-15,Oneida,20,22271,1575,797459
2021-05-16,Oneida,12,22283,748,798207
2021-05-17,Oneida,9,22292,2123,800330
2021-05-18,Oneida,23,22315,1996,802326
2021-05-19,Oneida,12,22327,2239,804565
2021-05-20,Oneida,26,22353,2376,806941
2021-05-21,Oneida,14,22367,2124,809065
2021-05-22,Oneida,9,22376,1289,810354
2021-05-23,Oneida,8,22384,760,811114
2021-05-24,Oneida,9,22393,908,812022
2021-05-25,Oneida,21,22414,1739,813761
2021-05-26,Oneida,15,22429,1583,815344
2021-05-27,Oneida,9,22438,1575,816919
2021-05-28,Oneida,21,22459,1550,818469
2021-05-29,Oneida,12,22471,1243,819712
2021-05-30,Oneida,10,22481,632,820344
2021-05-31,Oneida,4,22485,458,820802
2021-06-01,Oneida,9,22494,784,821586
2021-06-02,Oneida,20,22514,1801,823387
2021-06-03,Oneida,18,22532,2119,825506
2021-06-04,Oneida,10,22542,1427,826933
2021-06-05,Oneida,16,22558,1172,828105
2021-06-06,Oneida,3,22561,784,828889
2021-06-07,Oneida,8,22569,1134,830023
2021-06-08,Oneida,6,22575,1446,831469
2021-06-09,Oneida,7,22582,1661,833130
2021-06-10,Oneida,8,22590,1565,834695
2021-06-11,Oneida,11,22601,1265,835960
2021-06-12,Oneida,8,22609,1089,837049
2021-06-13,Oneida,5,22614,524,837573
2021-06-14,Oneida,5,22619,469,838042
2021-06-15,Oneida,8,22627,991,839033
2021-06-16,Oneida,5,22632,1149,840182
2021-06-17,Oneida,1,22633,1491,841673
2021-06-18,Oneida,4,22637,1053,842726
2021-06-19,Oneida,2,22639,729,843455
2021-06-20,Oneida,2,22641,498,843953
2021-06-21,Oneida,3,22644,362,844315
2021-06-22,Oneida,0,22644,809,845124
2021-06-23,Oneida,3,22647,991,846115
2021-06-24,Oneida,2,22649,1054,847169
2021-06-25,Oneida,1,22650,775,847944
2021-06-26,Oneida,3,22653,862,848806
2021-06-27,Oneida,2,22655,393,849199
2021-06-28,Oneida,6,22661,401,849600
2021-06-29,Oneida,3,22664,614,850214
2021-06-30,Oneida,0,22664,528,850742
2021-07-01,Oneida,3,22667,660,851402
2021-07-02,Oneida,2,22669,591,851993
2021-07-03,Oneida,2,22671,555,852548
2021-07-04,Oneida,3,22674,223,852771
2021-07-05,Oneida,1,22675,231,853002
2021-07-06,Oneida,2,22677,246,853248
2021-07-07,Oneida,6,22683,769,854017
2021-07-08,Oneida,3,22686,788,854805
2021-07-09,Oneida,2,22688,615,855420
2021-07-10,Oneida,2,22690,455,855875
2021-07-11,Oneida,3,22693,426,856301
2021-07-12,Oneida,6,22699,259,856560
2021-07-13,Oneida,6,22705,502,857062
2021-07-14,Oneida,7,22712,717,857779
2021-07-15,Oneida,2,22714,520,858299
2021-07-16,Oneida,5,22719,766,859065
2021-07-17,Oneida,14,22733,933,859998
2021-07-18,Oneida,0,22733,186,860184
2020-03-01,Onondaga,0,0,0,0
2020-03-02,Onondaga,0,0,0,0
2020-03-03,Onondaga,0,0,0,0
2020-03-04,Onondaga,0,0,0,0
2020-03-05,Onondaga,0,0,0,0
2020-03-06,Onondaga,0,0,0,0
2020-03-07,Onondaga,0,0,0,0
2020-03-08,Onondaga,0,0,0,0
2020-03-09,Onondaga,0,0,1,1
2020-03-10,Onondaga,0,0,0,1
2020-03-11,Onondaga,0,0,3,4
2020-03-12,Onondaga,0,0,1,5
2020-03-13,Onondaga,0,0,9,14
2020-03-14,Onondaga,0,0,18,32
2020-03-15,Onondaga,1,1,27,59
2020-03-16,Onondaga,1,2,55,114
2020-03-17,Onondaga,0,2,15,129
2020-03-18,Onondaga,3,5,98,227
2020-03-19,Onondaga,3,8,60,287
2020-03-20,Onondaga,9,17,133,420
2020-03-21,Onondaga,12,29,157,577
2020-03-22,Onondaga,23,52,538,1115
2020-03-23,Onondaga,8,60,129,1244
2020-03-24,Onondaga,5,65,124,1368
2020-03-25,Onondaga,18,83,266,1634
2020-03-26,Onondaga,32,115,444,2078
2020-03-27,Onondaga,14,129,352,2430
2020-03-28,Onondaga,23,152,487,2917
2020-03-29,Onondaga,28,180,206,3123
2020-03-30,Onondaga,14,194,139,3262
2020-03-31,Onondaga,23,217,163,3425
2020-04-01,Onondaga,17,234,191,3616
2020-04-02,Onondaga,18,252,195,3811
2020-04-03,Onondaga,10,262,221,4032
2020-04-04,Onondaga,6,268,131,4163
2020-04-05,Onondaga,3,271,89,4252
2020-04-06,Onondaga,64,335,689,4941
2020-04-07,Onondaga,12,347,126,5067
2020-04-08,Onondaga,11,358,245,5312
2020-04-09,Onondaga,11,369,148,5460
2020-04-10,Onondaga,11,380,116,5576
2020-04-11,Onondaga,17,397,169,5745
2020-04-12,Onondaga,19,416,142,5887
2020-04-13,Onondaga,15,431,120,6007
2020-04-14,Onondaga,18,449,219,6226
2020-04-15,Onondaga,13,462,134,6360
2020-04-16,Onondaga,21,483,181,6541
2020-04-17,Onondaga,9,492,152,6693
2020-04-18,Onondaga,6,498,118,6811
2020-04-19,Onondaga,11,509,113,6924
2020-04-20,Onondaga,5,514,101,7025
2020-04-21,Onondaga,12,526,152,7177
2020-04-22,Onondaga,74,600,705,7882
2020-04-23,Onondaga,39,639,722,8604
2020-04-24,Onondaga,25,664,530,9134
2020-04-25,Onondaga,28,692,280,9414
2020-04-26,Onondaga,34,726,256,9670
2020-04-27,Onondaga,16,742,268,9938
2020-04-28,Onondaga,40,782,386,10324
2020-04-29,Onondaga,50,832,343,10667
2020-04-30,Onondaga,28,860,334,11001
2020-05-01,Onondaga,43,903,433,11434
2020-05-02,Onondaga,49,952,593,12027
2020-05-03,Onondaga,19,971,436,12463
2020-05-04,Onondaga,31,1002,176,12639
2020-05-05,Onondaga,54,1056,731,13370
2020-05-06,Onondaga,59,1115,534,13904
2020-05-07,Onondaga,54,1169,407,14311
2020-05-08,Onondaga,49,1218,464,14775
2020-05-09,Onondaga,47,1265,507,15282
2020-05-10,Onondaga,22,1287,240,15522
2020-05-11,Onondaga,21,1308,329,15851
2020-05-12,Onondaga,87,1395,1066,16917
2020-05-13,Onondaga,28,1423,683,17600
2020-05-14,Onondaga,17,1440,385,17985
2020-05-15,Onondaga,29,1469,1088,19073
2020-05-16,Onondaga,32,1501,648,19721
2020-05-17,Onondaga,19,1520,483,20204
2020-05-18,Onondaga,145,1665,1578,21782
2020-05-19,Onondaga,53,1718,1844,23626
2020-05-20,Onondaga,53,1771,1137,24763
2020-05-21,Onondaga,57,1828,1344,26107
2020-05-22,Onondaga,76,1904,2502,28609
2020-05-23,Onondaga,49,1953,1352,29961
2020-05-24,Onondaga,28,1981,1175,31136
2020-05-25,Onondaga,31,2012,1129,32265
2020-05-26,Onondaga,21,2033,676,32941
2020-05-27,Onondaga,21,2054,817,33758
2020-05-28,Onondaga,38,2092,1731,35489
2020-05-29,Onondaga,41,2133,2101,37590
2020-05-30,Onondaga,37,2170,1829,39419
2020-05-31,Onondaga,27,2197,1074,40493
2020-06-01,Onondaga,31,2228,1035,41528
2020-06-02,Onondaga,28,2256,1522,43050
2020-06-03,Onondaga,39,2295,2189,45239
2020-06-04,Onondaga,34,2329,1601,46840
2020-06-05,Onondaga,46,2375,2186,49026
2020-06-06,Onondaga,17,2392,1345,50371
2020-06-07,Onondaga,16,2408,2040,52411
2020-06-08,Onondaga,19,2427,1004,53415
2020-06-09,Onondaga,6,2433,2197,55612
2020-06-10,Onondaga,21,2454,1222,56834
2020-06-11,Onondaga,20,2474,2072,58906
2020-06-12,Onondaga,24,2498,1498,60404
2020-06-13,Onondaga,21,2519,2756,63160
2020-06-14,Onondaga,12,2531,847,64007
2020-06-15,Onondaga,14,2545,1345,65352
2020-06-16,Onondaga,13,2558,870,66222
2020-06-17,Onondaga,57,2615,1440,67662
2020-06-18,Onondaga,19,2634,1694,69356
2020-06-19,Onondaga,10,2644,1270,70626
2020-06-20,Onondaga,22,2666,2328,72954
2020-06-21,Onondaga,9,2675,954,73908
2020-06-22,Onondaga,27,2702,1060,74968
2020-06-23,Onondaga,32,2734,1234,76202
2020-06-24,Onondaga,17,2751,1183,77385
2020-06-25,Onondaga,31,2782,1402,78787
2020-06-26,Onondaga,9,2791,1517,80304
2020-06-27,Onondaga,25,2816,1721,82025
2020-06-28,Onondaga,6,2822,1257,83282
2020-06-29,Onondaga,20,2842,1288,84570
2020-06-30,Onondaga,21,2863,1368,85938
2020-07-01,Onondaga,34,2897,1909,87847
2020-07-02,Onondaga,12,2909,968,88815
2020-07-03,Onondaga,19,2928,843,89658
2020-07-04,Onondaga,21,2949,856,90514
2020-07-05,Onondaga,14,2963,651,91165
2020-07-06,Onondaga,34,2997,1455,92620
2020-07-07,Onondaga,32,3029,1911,94531
2020-07-08,Onondaga,21,3050,2070,96601
2020-07-09,Onondaga,28,3078,1155,97756
2020-07-10,Onondaga,22,3100,1161,98917
2020-07-11,Onondaga,24,3124,1344,100261
2020-07-12,Onondaga,18,3142,1288,101549
2020-07-13,Onondaga,37,3179,2118,103667
2020-07-14,Onondaga,24,3203,1227,104894
2020-07-15,Onondaga,22,3225,1697,106591
2020-07-16,Onondaga,15,3240,2153,108744
2020-07-17,Onondaga,22,3262,1912,110656
2020-07-18,Onondaga,16,3278,1100,111756
2020-07-19,Onondaga,12,3290,1758,113514
2020-07-20,Onondaga,22,3312,1918,115432
2020-07-21,Onondaga,14,3326,1844,117276
2020-07-22,Onondaga,18,3344,1965,119241
2020-07-23,Onondaga,16,3360,2174,121415
2020-07-24,Onondaga,18,3378,1868,123283
2020-07-25,Onondaga,11,3389,2415,125698
2020-07-26,Onondaga,9,3398,1790,127488
2020-07-27,Onondaga,21,3419,1744,129232
2020-07-28,Onondaga,18,3437,1664,130896
2020-07-29,Onondaga,22,3459,1408,132304
2020-07-30,Onondaga,5,3464,1481,133785
2020-07-31,Onondaga,13,3477,1678,135463
2020-08-01,Onondaga,8,3485,1274,136737
2020-08-02,Onondaga,5,3490,689,137426
2020-08-03,Onondaga,25,3515,3057,140483
2020-08-04,Onondaga,10,3525,2030,142513
2020-08-05,Onondaga,10,3535,1499,144012
2020-08-06,Onondaga,21,3556,2037,146049
2020-08-07,Onondaga,9,3565,1799,147848
2020-08-08,Onondaga,11,3576,1052,148900
2020-08-09,Onondaga,9,3585,806,149706
2020-08-10,Onondaga,17,3602,4122,153828
2020-08-11,Onondaga,11,3613,1526,155354
2020-08-12,Onondaga,14,3627,1208,156562
2020-08-13,Onondaga,19,3646,1784,158346
2020-08-14,Onondaga,17,3663,1984,160330
2020-08-15,Onondaga,11,3674,1102,161432
2020-08-16,Onondaga,6,3680,1956,163388
2020-08-17,Onondaga,16,3696,1933,165321
2020-08-18,Onondaga,16,3712,1885,167206
2020-08-19,Onondaga,7,3719,2150,169356
2020-08-20,Onondaga,24,3743,2297,171653
2020-08-21,Onondaga,13,3756,2177,173830
2020-08-22,Onondaga,2,3758,1402,175232
2020-08-23,Onondaga,10,3768,844,176076
2020-08-24,Onondaga,24,3792,3288,179364
2020-08-25,Onondaga,9,3801,1168,180532
2020-08-26,Onondaga,31,3832,1590,182122
2020-08-27,Onondaga,15,3847,1959,184081
2020-08-28,Onondaga,19,3866,3709,187790
2020-08-29,Onondaga,17,3883,1813,189603
2020-08-30,Onondaga,9,3892,820,190423
2020-08-31,Onondaga,20,3912,1531,191954
2020-09-01,Onondaga,10,3922,1352,193306
2020-09-02,Onondaga,15,3937,1535,194841
2020-09-03,Onondaga,10,3947,1606,196447
2020-09-04,Onondaga,17,3964,2611,199058
2020-09-05,Onondaga,19,3983,1554,200612
2020-09-06,Onondaga,10,3993,853,201465
2020-09-07,Onondaga,9,4002,1305,202770
2020-09-08,Onondaga,10,4012,652,203422
2020-09-09,Onondaga,11,4023,859,204281
2020-09-10,Onondaga,20,4043,2201,206482
2020-09-11,Onondaga,17,4060,3386,209868
2020-09-12,Onondaga,21,4081,1703,211571
2020-09-13,Onondaga,15,4096,862,212433
2020-09-14,Onondaga,18,4114,1186,213619
2020-09-15,Onondaga,19,4133,1471,215090
2020-09-16,Onondaga,25,4158,1673,216763
2020-09-17,Onondaga,27,4185,1588,218351
2020-09-18,Onondaga,16,4201,3815,222166
2020-09-19,Onondaga,19,4220,2717,224883
2020-09-20,Onondaga,11,4231,1149,226032
2020-09-21,Onondaga,22,4253,1394,227426
2020-09-22,Onondaga,17,4270,1376,228802
2020-09-23,Onondaga,30,4300,1853,230655
2020-09-24,Onondaga,21,4321,2429,233084
2020-09-25,Onondaga,21,4342,2876,235960
2020-09-26,Onondaga,23,4365,2225,238185
2020-09-27,Onondaga,14,4379,1240,239425
2020-09-28,Onondaga,30,4409,1882,241307
2020-09-29,Onondaga,15,4424,3423,244730
2020-09-30,Onondaga,32,4456,2579,247309
2020-10-01,Onondaga,38,4494,5101,252410
2020-10-02,Onondaga,34,4528,4586,256996
2020-10-03,Onondaga,9,4537,2564,259560
2020-10-04,Onondaga,19,4556,1620,261180
2020-10-05,Onondaga,37,4593,2081,263261
2020-10-06,Onondaga,43,4636,3538,266799
2020-10-07,Onondaga,33,4669,4536,271335
2020-10-08,Onondaga,24,4693,3498,274833
2020-10-09,Onondaga,54,4747,5423,280256
2020-10-10,Onondaga,32,4779,3349,283605
2020-10-11,Onondaga,28,4807,1836,285441
2020-10-12,Onondaga,36,4843,1698,287139
2020-10-13,Onondaga,37,4880,3261,290400
2020-10-14,Onondaga,28,4908,4032,294432
2020-10-15,Onondaga,38,4946,3429,297861
2020-10-16,Onondaga,31,4977,4669,302530
2020-10-17,Onondaga,34,5011,2541,305071
2020-10-18,Onondaga,10,5021,1370,306441
2020-10-19,Onondaga,31,5052,1783,308224
2020-10-20,Onondaga,69,5121,3662,311886
2020-10-21,Onondaga,49,5170,6432,318318
2020-10-22,Onondaga,52,5222,5719,324037
2020-10-23,Onondaga,55,5277,6258,330295
2020-10-24,Onondaga,32,5309,3528,333823
2020-10-25,Onondaga,28,5337,1876,335699
2020-10-26,Onondaga,62,5399,2764,338463
2020-10-27,Onondaga,55,5454,5376,343839
2020-10-28,Onondaga,44,5498,5268,349107
2020-10-29,Onondaga,105,5603,4415,353522
2020-10-30,Onondaga,93,5696,4191,357713
2020-10-31,Onondaga,66,5762,4241,361954
2020-11-01,Onondaga,33,5795,1471,363425
2020-11-02,Onondaga,86,5881,3064,366489
2020-11-03,Onondaga,120,6001,4008,370497
2020-11-04,Onondaga,121,6122,5230,375727
2020-11-05,Onondaga,135,6257,4978,380705
2020-11-06,Onondaga,139,6396,5537,386242
2020-11-07,Onondaga,95,6491,3592,389834
2020-11-08,Onondaga,85,6576,2069,391903
2020-11-09,Onondaga,250,6826,3815,395718
2020-11-10,Onondaga,195,7021,5017,400735
2020-11-11,Onondaga,190,7211,3388,404123
2020-11-12,Onondaga,210,7421,8886,413009
2020-11-13,Onondaga,229,7650,5366,418375
2020-11-14,Onondaga,99,7749,2102,420477
2020-11-15,Onondaga,143,7892,3783,424260
2020-11-16,Onondaga,192,8084,3492,427752
2020-11-17,Onondaga,217,8301,5561,433313
2020-11-18,Onondaga,193,8494,5464,438777
2020-11-19,Onondaga,241,8735,6733,445510
2020-11-20,Onondaga,212,8947,6670,452180
2020-11-21,Onondaga,213,9160,7766,459946
2020-11-22,Onondaga,202,9362,5492,465438
2020-11-23,Onondaga,108,9470,3069,468507
2020-11-24,Onondaga,315,9785,7826,476333
2020-11-25,Onondaga,239,10024,5999,482332
2020-11-26,Onondaga,224,10248,5748,488080
2020-11-27,Onondaga,232,10480,2618,490698
2020-11-28,Onondaga,221,10701,3150,493848
2020-11-29,Onondaga,103,10804,2672,496520
2020-11-30,Onondaga,191,10995,4022,500542
2020-12-01,Onondaga,286,11281,6037,506579
2020-12-02,Onondaga,376,11657,7314,513893
2020-12-03,Onondaga,276,11933,4583,518476
2020-12-04,Onondaga,425,12358,9049,527525
2020-12-05,Onondaga,304,12662,7693,535218
2020-12-06,Onondaga,279,12941,3185,538403
2020-12-07,Onondaga,247,13188,2785,541188
2020-12-08,Onondaga,410,13598,5245,546433
2020-12-09,Onondaga,347,13945,5269,551702
2020-12-10,Onondaga,452,14397,6692,558394
2020-12-11,Onondaga,375,14772,6394,564788
2020-12-12,Onondaga,410,15182,6295,571083
2020-12-13,Onondaga,299,15481,3888,574971
2020-12-14,Onondaga,241,15722,3174,578145
2020-12-15,Onondaga,332,16054,5070,583215
2020-12-16,Onondaga,375,16429,6311,589526
2020-12-17,Onondaga,431,16860,6155,595681
2020-12-18,Onondaga,407,17267,6524,602205
2020-12-19,Onondaga,319,17586,6708,608913
2020-12-20,Onondaga,274,17860,4852,613765
2020-12-21,Onondaga,221,18081,3363,617128
2020-12-22,Onondaga,270,18351,4432,621560
2020-12-23,Onondaga,471,18822,7746,629306
2020-12-24,Onondaga,333,19155,6143,635449
2020-12-25,Onondaga,297,19452,6377,641826
2020-12-26,Onondaga,115,19567,2283,644109
2020-12-27,Onondaga,418,19985,4528,648637
2020-12-28,Onondaga,293,20278,3139,651776
2020-12-29,Onondaga,380,20658,4975,656751
2020-12-30,Onondaga,488,21146,6065,662816
2020-12-31,Onondaga,362,21508,5084,667900
2021-01-01,Onondaga,418,21926,5752,673652
2021-01-02,Onondaga,287,22213,3115,676767
2021-01-03,Onondaga,484,22697,3566,680333
2021-01-04,Onondaga,183,22880,2688,683021
2021-01-05,Onondaga,467,23347,5710,688731
2021-01-06,Onondaga,417,23764,7836,696567
2021-01-07,Onondaga,552,24316,7598,704165
2021-01-08,Onondaga,352,24668,6056,710221
2021-01-09,Onondaga,389,25057,7257,717478
2021-01-10,Onondaga,309,25366,4517,721995
2021-01-11,Onondaga,260,25626,3828,725823
2021-01-12,Onondaga,229,25855,5224,731047
2021-01-13,Onondaga,297,26152,5761,736808
2021-01-14,Onondaga,392,26544,7502,744310
2021-01-15,Onondaga,410,26954,7189,751499
2021-01-16,Onondaga,236,27190,5627,757126
2021-01-17,Onondaga,302,27492,4042,761168
2021-01-18,Onondaga,263,27755,3930,765098
2021-01-19,Onondaga,193,27948,3786,768884
2021-01-20,Onondaga,278,28226,5325,774209
2021-01-21,Onondaga,250,28476,6088,780297
2021-01-22,Onondaga,321,28797,6949,787246
2021-01-23,Onondaga,242,29039,5714,792960
2021-01-24,Onondaga,108,29147,3663,796623
2021-01-25,Onondaga,117,29264,2651,799274
2021-01-26,Onondaga,169,29433,4836,804110
2021-01-27,Onondaga,155,29588,4870,808980
2021-01-28,Onondaga,102,29690,4695,813675
2021-01-29,Onondaga,170,29860,7154,820829
2021-01-30,Onondaga,194,30054,5749,826578
2021-01-31,Onondaga,70,30124,3130,829708
2021-02-01,Onondaga,108,30232,3204,832912
2021-02-02,Onondaga,118,30350,4634,837546
2021-02-03,Onondaga,71,30421,4494,842040
2021-02-04,Onondaga,142,30563,6315,848355
2021-02-05,Onondaga,134,30697,7130,855485
2021-02-06,Onondaga,98,30795,6529,862014
2021-02-07,Onondaga,77,30872,6116,868130
2021-02-08,Onondaga,59,30931,4046,872176
2021-02-09,Onondaga,123,31054,5313,877489
2021-02-10,Onondaga,113,31167,5998,883487
2021-02-11,Onondaga,94,31261,6412,889899
2021-02-12,Onondaga,90,31351,7998,897897
2021-02-13,Onondaga,94,31445,7183,905080
2021-02-14,Onondaga,60,31505,4322,909402
2021-02-15,Onondaga,75,31580,2610,912012
2021-02-16,Onondaga,59,31639,2610,914622
2021-02-17,Onondaga,79,31718,7672,922294
2021-02-18,Onondaga,75,31793,9187,931481
2021-02-19,Onondaga,55,31848,8135,939616
2021-02-20,Onondaga,61,31909,7971,947587
2021-02-21,Onondaga,45,31954,4524,952111
2021-02-22,Onondaga,63,32017,3321,955432
2021-02-23,Onondaga,37,32054,5339,960771
2021-02-24,Onondaga,97,32151,8348,969119
2021-02-25,Onondaga,73,32224,10211,979330
2021-02-26,Onondaga,88,32312,10676,990006
2021-02-27,Onondaga,98,32410,10264,1000270
2021-02-28,Onondaga,42,32452,4186,1004456
2021-03-01,Onondaga,37,32489,2344,1006800
2021-03-02,Onondaga,73,32562,6823,1013623
2021-03-03,Onondaga,44,32606,13021,1026644
2021-03-04,Onondaga,75,32681,9378,1036022
2021-03-05,Onondaga,52,32733,9600,1045622
2021-03-06,Onondaga,65,32798,7360,1052982
2021-03-07,Onondaga,59,32857,3603,1056585
2021-03-08,Onondaga,34,32891,2948,1059533
2021-03-09,Onondaga,50,32941,6815,1066348
2021-03-10,Onondaga,57,32998,7831,1074179
2021-03-11,Onondaga,69,33067,9637,1083816
2021-03-12,Onondaga,40,33107,9190,1093006
2021-03-13,Onondaga,55,33162,8446,1101452
2021-03-14,Onondaga,41,33203,3528,1104980
2021-03-15,Onondaga,46,33249,1645,1106625
2021-03-16,Onondaga,63,33312,6174,1112799
2021-03-17,Onondaga,73,33385,8023,1120822
2021-03-18,Onondaga,56,33441,9713,1130535
2021-03-19,Onondaga,63,33504,9704,1140239
2021-03-20,Onondaga,80,33584,9414,1149653
2021-03-21,Onondaga,33,33617,4356,1154009
2021-03-22,Onondaga,72,33689,3867,1157876
2021-03-23,Onondaga,47,33736,6111,1163987
2021-03-24,Onondaga,69,33805,9319,1173306
2021-03-25,Onondaga,74,33879,10255,1183561
2021-03-26,Onondaga,99,33978,11122,1194683
2021-03-27,Onondaga,84,34062,8211,1202894
2021-03-28,Onondaga,65,34127,4808,1207702
2021-03-29,Onondaga,49,34176,2803,1210505
2021-03-30,Onondaga,59,34235,8116,1218621
2021-03-31,Onondaga,93,34328,7314,1225935
2021-04-01,Onondaga,110,34438,9366,1235301
2021-04-02,Onondaga,93,34531,9992,1245293
2021-04-03,Onondaga,98,34629,6380,1251673
2021-04-04,Onondaga,112,34741,4110,1255783
2021-04-05,Onondaga,32,34773,2251,1258034
2021-04-06,Onondaga,95,34868,5541,1263575
2021-04-07,Onondaga,146,35014,9252,1272827
2021-04-08,Onondaga,135,35149,10916,1283743
2021-04-09,Onondaga,103,35252,9740,1293483
2021-04-10,Onondaga,101,35353,6687,1300170
2021-04-11,Onondaga,62,35415,2937,1303107
2021-04-12,Onondaga,75,35490,4073,1307180
2021-04-13,Onondaga,86,35576,5844,1313024
2021-04-14,Onondaga,118,35694,9402,1322426
2021-04-15,Onondaga,96,35790,7297,1329723
2021-04-16,Onondaga,151,35941,8180,1337903
2021-04-17,Onondaga,120,36061,7688,1345591
2021-04-18,Onondaga,58,36119,3498,1349089
2021-04-19,Onondaga,72,36191,2421,1351510
2021-04-20,Onondaga,63,36254,7289,1358799
2021-04-21,Onondaga,90,36344,8042,1366841
2021-04-22,Onondaga,128,36472,7728,1374569
2021-04-23,Onondaga,64,36536,6987,1381556
2021-04-24,Onondaga,107,36643,6655,1388211
2021-04-25,Onondaga,46,36689,3957,1392168
2021-04-26,Onondaga,71,36760,2999,1395167
2021-04-27,Onondaga,93,36853,6619,1401786
2021-04-28,Onondaga,129,36982,8005,1409791
2021-04-29,Onondaga,143,37125,7918,1417709
2021-04-30,Onondaga,107,37232,9600,1427309
2021-05-01,Onondaga,84,37316,6210,1433519
2021-05-02,Onondaga,43,37359,3372,1436891
2021-05-03,Onondaga,57,37416,2323,1439214
2021-05-04,Onondaga,41,37457,4544,1443758
2021-05-05,Onondaga,61,37518,8079,1451837
2021-05-06,Onondaga,40,37558,7196,1459033
2021-05-07,Onondaga,51,37609,8549,1467582
2021-05-08,Onondaga,105,37714,6078,1473660
2021-05-09,Onondaga,30,37744,3342,1477002
2021-05-10,Onondaga,25,37769,2133,1479135
2021-05-11,Onondaga,72,37841,5328,1484463
2021-05-12,Onondaga,60,37901,6865,1491328
2021-05-13,Onondaga,72,37973,6686,1498014
2021-05-14,Onondaga,75,38048,6522,1504536
2021-05-15,Onondaga,50,38098,4115,1508651
2021-05-16,Onondaga,34,38132,2438,1511089
2021-05-17,Onondaga,26,38158,1610,1512699
2021-05-18,Onondaga,72,38230,4087,1516786
2021-05-19,Onondaga,57,38287,4230,1521016
2021-05-20,Onondaga,52,38339,4288,1525304
2021-05-21,Onondaga,41,38380,3006,1528310
2021-05-22,Onondaga,38,38418,3427,1531737
2021-05-23,Onondaga,40,38458,1530,1533267
2021-05-24,Onondaga,17,38475,1653,1534920
2021-05-25,Onondaga,50,38525,2500,1537420
2021-05-26,Onondaga,32,38557,3344,1540764
2021-05-27,Onondaga,39,38596,2722,1543486
2021-05-28,Onondaga,47,38643,3171,1546657
2021-05-29,Onondaga,48,38691,2546,1549203
2021-05-30,Onondaga,12,38703,1564,1550767
2021-05-31,Onondaga,12,38715,400,1551167
2021-06-01,Onondaga,11,38726,1287,1552454
2021-06-02,Onondaga,14,38740,2173,1554627
2021-06-03,Onondaga,18,38758,3942,1558569
2021-06-04,Onondaga,40,38798,3457,1562026
2021-06-05,Onondaga,18,38816,2384,1564410
2021-06-06,Onondaga,23,38839,1038,1565448
2021-06-07,Onondaga,10,38849,1056,1566504
2021-06-08,Onondaga,10,38859,1691,1568195
2021-06-09,Onondaga,16,38875,3147,1571342
2021-06-10,Onondaga,13,38888,2593,1573935
2021-06-11,Onondaga,15,38903,2109,1576044
2021-06-12,Onondaga,10,38913,1380,1577424
2021-06-13,Onondaga,15,38928,983,1578407
2021-06-14,Onondaga,3,38931,989,1579396
2021-06-15,Onondaga,10,38941,1337,1580733
2021-06-16,Onondaga,13,38954,1940,1582673
2021-06-17,Onondaga,6,38960,1730,1584403
2021-06-18,Onondaga,10,38970,1693,1586096
2021-06-19,Onondaga,6,38976,1302,1587398
2021-06-20,Onondaga,4,38980,732,1588130
2021-06-21,Onondaga,10,38990,648,1588778
2021-06-22,Onondaga,8,38998,1444,1590222
2021-06-23,Onondaga,6,39004,1778,1592000
2021-06-24,Onondaga,3,39007,1518,1593518
2021-06-25,Onondaga,0,39007,1297,1594815
2021-06-26,Onondaga,13,39020,1647,1596462
2021-06-27,Onondaga,4,39024,666,1597128
2021-06-28,Onondaga,6,39030,809,1597937
2021-06-29,Onondaga,5,39035,873,1598810
2021-06-30,Onondaga,9,39044,1140,1599950
2021-07-01,Onondaga,22,39066,1660,1601610
2021-07-02,Onondaga,8,39074,1050,1602660
2021-07-03,Onondaga,10,39084,1069,1603729
2021-07-04,Onondaga,5,39089,479,1604208
2021-07-05,Onondaga,5,39094,795,1605003
2021-07-06,Onondaga,7,39101,755,1605758
2021-07-07,Onondaga,6,39107,730,1606488
2021-07-08,Onondaga,19,39126,1561,1608049
2021-07-09,Onondaga,4,39130,1193,1609242
2021-07-10,Onondaga,9,39139,679,1609921
2021-07-11,Onondaga,9,39148,784,1610705
2021-07-12,Onondaga,11,39159,564,1611269
2021-07-13,Onondaga,7,39166,1023,1612292
2021-07-14,Onondaga,7,39173,1214,1613506
2021-07-15,Onondaga,7,39180,968,1614474
2021-07-16,Onondaga,2,39182,917,1615391
2021-07-17,Onondaga,27,39209,1420,1616811
2021-07-18,Onondaga,3,39212,423,1617234
2020-03-01,Ontario,0,0,0,0
2020-03-02,Ontario,0,0,0,0
2020-03-03,Ontario,0,0,0,0
2020-03-04,Ontario,0,0,0,0
2020-03-05,Ontario,0,0,0,0
2020-03-06,Ontario,0,0,0,0
2020-03-07,Ontario,0,0,0,0
2020-03-08,Ontario,0,0,0,0
2020-03-09,Ontario,0,0,0,0
2020-03-10,Ontario,0,0,0,0
2020-03-11,Ontario,0,0,0,0
2020-03-12,Ontario,0,0,2,2
2020-03-13,Ontario,0,0,4,6
2020-03-14,Ontario,0,0,3,9
2020-03-15,Ontario,1,1,5,14
2020-03-16,Ontario,0,1,1,15
2020-03-17,Ontario,0,1,3,18
2020-03-18,Ontario,0,1,8,26
2020-03-19,Ontario,2,3,15,41
2020-03-20,Ontario,1,4,25,66
2020-03-21,Ontario,2,6,25,91
2020-03-22,Ontario,0,6,5,96
2020-03-23,Ontario,1,7,13,109
2020-03-24,Ontario,2,9,19,128
2020-03-25,Ontario,2,11,21,149
2020-03-26,Ontario,3,14,29,178
2020-03-27,Ontario,2,16,34,212
2020-03-28,Ontario,2,18,26,238
2020-03-29,Ontario,2,20,16,254
2020-03-30,Ontario,2,22,26,280
2020-03-31,Ontario,2,24,37,317
2020-04-01,Ontario,2,26,29,346
2020-04-02,Ontario,2,28,29,375
2020-04-03,Ontario,3,31,36,411
2020-04-04,Ontario,1,32,33,444
2020-04-05,Ontario,0,32,26,470
2020-04-06,Ontario,1,33,32,502
2020-04-07,Ontario,6,39,50,552
2020-04-08,Ontario,4,43,38,590
2020-04-09,Ontario,8,51,50,640
2020-04-10,Ontario,5,56,39,679
2020-04-11,Ontario,1,57,27,706
2020-04-12,Ontario,0,57,12,718
2020-04-13,Ontario,4,61,48,766
2020-04-14,Ontario,1,62,25,791
2020-04-15,Ontario,3,65,31,822
2020-04-16,Ontario,2,67,34,856
2020-04-17,Ontario,2,69,33,889
2020-04-18,Ontario,1,70,24,913
2020-04-19,Ontario,1,71,20,933
2020-04-20,Ontario,1,72,43,976
2020-04-21,Ontario,1,73,66,1042
2020-04-22,Ontario,0,73,31,1073
2020-04-23,Ontario,0,73,37,1110
2020-04-24,Ontario,9,82,239,1349
2020-04-25,Ontario,2,84,34,1383
2020-04-26,Ontario,2,86,40,1423
2020-04-27,Ontario,4,90,50,1473
2020-04-28,Ontario,0,90,60,1533
2020-04-29,Ontario,0,90,78,1611
2020-04-30,Ontario,1,91,91,1702
2020-05-01,Ontario,1,92,62,1764
2020-05-02,Ontario,3,95,90,1854
2020-05-03,Ontario,1,96,81,1935
2020-05-04,Ontario,1,97,86,2021
2020-05-05,Ontario,2,99,105,2126
2020-05-06,Ontario,2,101,121,2247
2020-05-07,Ontario,3,104,108,2355
2020-05-08,Ontario,0,104,69,2424
2020-05-09,Ontario,2,106,109,2533
2020-05-10,Ontario,1,107,92,2625
2020-05-11,Ontario,0,107,74,2699
2020-05-12,Ontario,2,109,140,2839
2020-05-13,Ontario,20,129,334,3173
2020-05-14,Ontario,4,133,135,3308
2020-05-15,Ontario,6,139,136,3444
2020-05-16,Ontario,7,146,160,3604
2020-05-17,Ontario,2,148,96,3700
2020-05-18,Ontario,4,152,157,3857
2020-05-19,Ontario,18,170,351,4208
2020-05-20,Ontario,6,176,264,4472
2020-05-21,Ontario,4,180,191,4663
2020-05-22,Ontario,2,182,125,4788
2020-05-23,Ontario,2,184,201,4989
2020-05-24,Ontario,1,185,99,5088
2020-05-25,Ontario,10,195,218,5306
2020-05-26,Ontario,3,198,182,5488
2020-05-27,Ontario,3,201,246,5734
2020-05-28,Ontario,4,205,209,5943
2020-05-29,Ontario,1,206,126,6069
2020-05-30,Ontario,1,207,328,6397
2020-05-31,Ontario,1,208,188,6585
2020-06-01,Ontario,1,209,206,6791
2020-06-02,Ontario,6,215,485,7276
2020-06-03,Ontario,3,218,421,7697
2020-06-04,Ontario,1,219,379,8076
2020-06-05,Ontario,1,220,505,8581
2020-06-06,Ontario,1,221,236,8817
2020-06-07,Ontario,0,221,293,9110
2020-06-08,Ontario,1,222,238,9348
2020-06-09,Ontario,0,222,403,9751
2020-06-10,Ontario,7,229,520,10271
2020-06-11,Ontario,1,230,392,10663
2020-06-12,Ontario,0,230,337,11000
2020-06-13,Ontario,3,233,420,11420
2020-06-14,Ontario,0,233,240,11660
2020-06-15,Ontario,1,234,338,11998
2020-06-16,Ontario,0,234,319,12317
2020-06-17,Ontario,1,235,214,12531
2020-06-18,Ontario,4,239,327,12858
2020-06-19,Ontario,0,239,354,13212
2020-06-20,Ontario,1,240,271,13483
2020-06-21,Ontario,2,242,271,13754
2020-06-22,Ontario,0,242,207,13961
2020-06-23,Ontario,4,246,293,14254
2020-06-24,Ontario,2,248,261,14515
2020-06-25,Ontario,4,252,285,14800
2020-06-26,Ontario,2,254,408,15208
2020-06-27,Ontario,2,256,226,15434
2020-06-28,Ontario,1,257,302,15736
2020-06-29,Ontario,2,259,252,15988
2020-06-30,Ontario,6,265,268,16256
2020-07-01,Ontario,3,268,288,16544
2020-07-02,Ontario,7,275,301,16845
2020-07-03,Ontario,3,278,385,17230
2020-07-04,Ontario,2,280,241,17471
2020-07-05,Ontario,2,282,223,17694
2020-07-06,Ontario,1,283,406,18100
2020-07-07,Ontario,3,286,321,18421
2020-07-08,Ontario,4,290,370,18791
2020-07-09,Ontario,3,293,296,19087
2020-07-10,Ontario,3,296,474,19561
2020-07-11,Ontario,4,300,324,19885
2020-07-12,Ontario,2,302,241,20126
2020-07-13,Ontario,5,307,359,20485
2020-07-14,Ontario,5,312,386,20871
2020-07-15,Ontario,5,317,423,21294
2020-07-16,Ontario,2,319,393,21687
2020-07-17,Ontario,5,324,437,22124
2020-07-18,Ontario,0,324,200,22324
2020-07-19,Ontario,2,326,262,22586
2020-07-20,Ontario,3,329,391,22977
2020-07-21,Ontario,4,333,377,23354
2020-07-22,Ontario,1,334,427,23781
2020-07-23,Ontario,3,337,433,24214
2020-07-24,Ontario,1,338,450,24664
2020-07-25,Ontario,3,341,329,24993
2020-07-26,Ontario,2,343,210,25203
2020-07-27,Ontario,2,345,295,25498
2020-07-28,Ontario,2,347,373,25871
2020-07-29,Ontario,2,349,397,26268
2020-07-30,Ontario,0,349,579,26847
2020-07-31,Ontario,0,349,393,27240
2020-08-01,Ontario,0,349,273,27513
2020-08-02,Ontario,2,351,221,27734
2020-08-03,Ontario,1,352,255,27989
2020-08-04,Ontario,0,352,370,28359
2020-08-05,Ontario,3,355,414,28773
2020-08-06,Ontario,2,357,453,29226
2020-08-07,Ontario,0,357,273,29499
2020-08-08,Ontario,3,360,365,29864
2020-08-09,Ontario,1,361,231,30095
2020-08-10,Ontario,1,362,346,30441
2020-08-11,Ontario,1,363,441,30882
2020-08-12,Ontario,2,365,471,31353
2020-08-13,Ontario,1,366,587,31940
2020-08-14,Ontario,1,367,417,32357
2020-08-15,Ontario,1,368,414,32771
2020-08-16,Ontario,1,369,306,33077
2020-08-17,Ontario,2,371,416,33493
2020-08-18,Ontario,0,371,499,33992
2020-08-19,Ontario,2,373,535,34527
2020-08-20,Ontario,0,373,720,35247
2020-08-21,Ontario,5,378,600,35847
2020-08-22,Ontario,3,381,466,36313
2020-08-23,Ontario,0,381,439,36752
2020-08-24,Ontario,0,381,382,37134
2020-08-25,Ontario,0,381,386,37520
2020-08-26,Ontario,3,384,339,37859
2020-08-27,Ontario,1,385,456,38315
2020-08-28,Ontario,1,386,396,38711
2020-08-29,Ontario,3,389,394,39105
2020-08-30,Ontario,2,391,292,39397
2020-08-31,Ontario,2,393,218,39615
2020-09-01,Ontario,0,393,332,39947
2020-09-02,Ontario,3,396,369,40316
2020-09-03,Ontario,2,398,626,40942
2020-09-04,Ontario,3,401,400,41342
2020-09-05,Ontario,4,405,450,41792
2020-09-06,Ontario,3,408,178,41970
2020-09-07,Ontario,5,413,211,42181
2020-09-08,Ontario,8,421,452,42633
2020-09-09,Ontario,2,423,268,42901
2020-09-10,Ontario,4,427,311,43212
2020-09-11,Ontario,8,435,1003,44215
2020-09-12,Ontario,4,439,284,44499
2020-09-13,Ontario,4,443,396,44895
2020-09-14,Ontario,1,444,311,45206
2020-09-15,Ontario,5,449,438,45644
2020-09-16,Ontario,3,452,373,46017
2020-09-17,Ontario,2,454,673,46690
2020-09-18,Ontario,2,456,520,47210
2020-09-19,Ontario,5,461,443,47653
2020-09-20,Ontario,3,464,266,47919
2020-09-21,Ontario,1,465,346,48265
2020-09-22,Ontario,1,466,414,48679
2020-09-23,Ontario,1,467,466,49145
2020-09-24,Ontario,2,469,562,49707
2020-09-25,Ontario,2,471,677,50384
2020-09-26,Ontario,2,473,542,50926
2020-09-27,Ontario,1,474,294,51220
2020-09-28,Ontario,1,475,299,51519
2020-09-29,Ontario,0,475,453,51972
2020-09-30,Ontario,6,481,798,52770
2020-10-01,Ontario,3,484,554,53324
2020-10-02,Ontario,2,486,551,53875
2020-10-03,Ontario,3,489,518,54393
2020-10-04,Ontario,2,491,195,54588
2020-10-05,Ontario,9,500,467,55055
2020-10-06,Ontario,2,502,449,55504
2020-10-07,Ontario,3,505,440,55944
2020-10-08,Ontario,6,511,1130,57074
2020-10-09,Ontario,1,512,521,57595
2020-10-10,Ontario,4,516,932,58527
2020-10-11,Ontario,3,519,417,58944
2020-10-12,Ontario,8,527,442,59386
2020-10-13,Ontario,5,532,421,59807
2020-10-14,Ontario,5,537,795,60602
2020-10-15,Ontario,12,549,598,61200
2020-10-16,Ontario,10,559,721,61921
2020-10-17,Ontario,17,576,436,62357
2020-10-18,Ontario,10,586,504,62861
2020-10-19,Ontario,12,598,421,63282
2020-10-20,Ontario,5,603,496,63778
2020-10-21,Ontario,14,617,471,64249
2020-10-22,Ontario,12,629,751,65000
2020-10-23,Ontario,6,635,549,65549
2020-10-24,Ontario,9,644,427,65976
2020-10-25,Ontario,6,650,422,66398
2020-10-26,Ontario,13,663,511,66909
2020-10-27,Ontario,6,669,424,67333
2020-10-28,Ontario,10,679,643,67976
2020-10-29,Ontario,18,697,676,68652
2020-10-30,Ontario,4,701,627,69279
2020-10-31,Ontario,9,710,464,69743
2020-11-01,Ontario,11,721,470,70213
2020-11-02,Ontario,15,736,549,70762
2020-11-03,Ontario,9,745,455,71217
2020-11-04,Ontario,13,758,826,72043
2020-11-05,Ontario,20,778,608,72651
2020-11-06,Ontario,16,794,653,73304
2020-11-07,Ontario,28,822,551,73855
2020-11-08,Ontario,7,829,255,74110
2020-11-09,Ontario,19,848,704,74814
2020-11-10,Ontario,22,870,858,75672
2020-11-11,Ontario,19,889,759,76431
2020-11-12,Ontario,23,912,747,77178
2020-11-13,Ontario,27,939,603,77781
2020-11-14,Ontario,16,955,446,78227
2020-11-15,Ontario,14,969,451,78678
2020-11-16,Ontario,17,986,604,79282
2020-11-17,Ontario,22,1008,652,79934
2020-11-18,Ontario,14,1022,1434,81368
2020-11-19,Ontario,17,1039,512,81880
2020-11-20,Ontario,33,1072,1052,82932
2020-11-21,Ontario,15,1087,1699,84631
2020-11-22,Ontario,42,1129,1719,86350
2020-11-23,Ontario,6,1135,769,87119
2020-11-24,Ontario,29,1164,682,87801
2020-11-25,Ontario,38,1202,800,88601
2020-11-26,Ontario,48,1250,962,89563
2020-11-27,Ontario,23,1273,619,90182
2020-11-28,Ontario,31,1304,618,90800
2020-11-29,Ontario,22,1326,705,91505
2020-11-30,Ontario,28,1354,517,92022
2020-12-01,Ontario,36,1390,786,92808
2020-12-02,Ontario,57,1447,902,93710
2020-12-03,Ontario,74,1521,1056,94766
2020-12-04,Ontario,54,1575,980,95746
2020-12-05,Ontario,54,1629,874,96620
2020-12-06,Ontario,30,1659,381,97001
2020-12-07,Ontario,28,1687,411,97412
2020-12-08,Ontario,77,1764,1091,98503
2020-12-09,Ontario,87,1851,1076,99579
2020-12-10,Ontario,69,1920,1069,100648
2020-12-11,Ontario,75,1995,1101,101749
2020-12-12,Ontario,58,2053,662,102411
2020-12-13,Ontario,55,2108,1009,103420
2020-12-14,Ontario,46,2154,602,104022
2020-12-15,Ontario,49,2203,836,104858
2020-12-16,Ontario,80,2283,1015,105873
2020-12-17,Ontario,84,2367,1197,107070
2020-12-18,Ontario,79,2446,937,108007
2020-12-19,Ontario,62,2508,1076,109083
2020-12-20,Ontario,60,2568,932,110015
2020-12-21,Ontario,45,2613,556,110571
2020-12-22,Ontario,88,2701,702,111273
2020-12-23,Ontario,60,2761,956,112229
2020-12-24,Ontario,77,2838,1151,113380
2020-12-25,Ontario,61,2899,1183,114563
2020-12-26,Ontario,34,2933,425,114988
2020-12-27,Ontario,74,3007,642,115630
2020-12-28,Ontario,66,3073,598,116228
2020-12-29,Ontario,89,3162,649,116877
2020-12-30,Ontario,92,3254,1051,117928
2020-12-31,Ontario,111,3365,1078,119006
2021-01-01,Ontario,92,3457,1013,120019
2021-01-02,Ontario,92,3549,824,120843
2021-01-03,Ontario,103,3652,664,121507
2021-01-04,Ontario,58,3710,627,122134
2021-01-05,Ontario,100,3810,741,122875
2021-01-06,Ontario,90,3900,1273,124148
2021-01-07,Ontario,136,4036,1237,125385
2021-01-08,Ontario,89,4125,1053,126438
2021-01-09,Ontario,72,4197,1085,127523
2021-01-10,Ontario,58,4255,684,128207
2021-01-11,Ontario,81,4336,670,128877
2021-01-12,Ontario,48,4384,616,129493
2021-01-13,Ontario,61,4445,1107,130600
2021-01-14,Ontario,83,4528,1419,132019
2021-01-15,Ontario,64,4592,1143,133162
2021-01-16,Ontario,55,4647,1121,134283
2021-01-17,Ontario,47,4694,944,135227
2021-01-18,Ontario,36,4730,857,136084
2021-01-19,Ontario,40,4770,884,136968
2021-01-20,Ontario,45,4815,840,137808
2021-01-21,Ontario,40,4855,1433,139241
2021-01-22,Ontario,49,4904,1569,140810
2021-01-23,Ontario,35,4939,1248,142058
2021-01-24,Ontario,30,4969,839,142897
2021-01-25,Ontario,30,4999,852,143749
2021-01-26,Ontario,33,5032,890,144639
2021-01-27,Ontario,48,5080,937,145576
2021-01-28,Ontario,36,5116,1280,146856
2021-01-29,Ontario,31,5147,1025,147881
2021-01-30,Ontario,34,5181,1177,149058
2021-01-31,Ontario,24,5205,640,149698
2021-02-01,Ontario,11,5216,404,150102
2021-02-02,Ontario,21,5237,553,150655
2021-02-03,Ontario,41,5278,816,151471
2021-02-04,Ontario,22,5300,828,152299
2021-02-05,Ontario,29,5329,1068,153367
2021-02-06,Ontario,26,5355,1367,154734
2021-02-07,Ontario,28,5383,734,155468
2021-02-08,Ontario,14,5397,338,155806
2021-02-09,Ontario,21,5418,634,156440
2021-02-10,Ontario,28,5446,1133,157573
2021-02-11,Ontario,14,5460,769,158342
2021-02-12,Ontario,10,5470,1209,159551
2021-02-13,Ontario,24,5494,833,160384
2021-02-14,Ontario,21,5515,974,161358
2021-02-15,Ontario,18,5533,375,161733
2021-02-16,Ontario,21,5554,662,162395
2021-02-17,Ontario,28,5582,656,163051
2021-02-18,Ontario,23,5605,813,163864
2021-02-19,Ontario,21,5626,879,164743
2021-02-20,Ontario,20,5646,1317,166060
2021-02-21,Ontario,22,5668,623,166683
2021-02-22,Ontario,13,5681,497,167180
2021-02-23,Ontario,18,5699,703,167883
2021-02-24,Ontario,32,5731,1114,168997
2021-02-25,Ontario,19,5750,929,169926
2021-02-26,Ontario,14,5764,1618,171544
2021-02-27,Ontario,27,5791,1149,172693
2021-02-28,Ontario,10,5801,811,173504
2021-03-01,Ontario,12,5813,263,173767
2021-03-02,Ontario,26,5839,675,174442
2021-03-03,Ontario,19,5858,991,175433
2021-03-04,Ontario,18,5876,1430,176863
2021-03-05,Ontario,22,5898,1197,178060
2021-03-06,Ontario,16,5914,1106,179166
2021-03-07,Ontario,11,5925,549,179715
2021-03-08,Ontario,10,5935,311,180026
2021-03-09,Ontario,15,5950,689,180715
2021-03-10,Ontario,14,5964,1113,181828
2021-03-11,Ontario,18,5982,1308,183136
2021-03-12,Ontario,7,5989,886,184022
2021-03-13,Ontario,25,6014,1152,185174
2021-03-14,Ontario,16,6030,384,185558
2021-03-15,Ontario,15,6045,472,186030
2021-03-16,Ontario,9,6054,605,186635
2021-03-17,Ontario,21,6075,1283,187918
2021-03-18,Ontario,21,6096,1289,189207
2021-03-19,Ontario,21,6117,1227,190434
2021-03-20,Ontario,29,6146,1127,191561
2021-03-21,Ontario,8,6154,432,191993
2021-03-22,Ontario,17,6171,468,192461
2021-03-23,Ontario,18,6189,759,193220
2021-03-24,Ontario,21,6210,1060,194280
2021-03-25,Ontario,23,6233,1421,195701
2021-03-26,Ontario,29,6262,1064,196765
2021-03-27,Ontario,21,6283,1207,197972
2021-03-28,Ontario,14,6297,721,198693
2021-03-29,Ontario,13,6310,466,199159
2021-03-30,Ontario,23,6333,841,200000
2021-03-31,Ontario,21,6354,895,200895
2021-04-01,Ontario,36,6390,1131,202026
2021-04-02,Ontario,28,6418,1175,203201
2021-04-03,Ontario,17,6435,1319,204520
2021-04-04,Ontario,41,6476,525,205045
2021-04-05,Ontario,14,6490,474,205519
2021-04-06,Ontario,29,6519,769,206288
2021-04-07,Ontario,51,6570,1004,207292
2021-04-08,Ontario,41,6611,1382,208674
2021-04-09,Ontario,47,6658,1114,209788
2021-04-10,Ontario,31,6689,1410,211198
2021-04-11,Ontario,31,6720,530,211728
2021-04-12,Ontario,20,6740,477,212205
2021-04-13,Ontario,25,6765,722,212927
2021-04-14,Ontario,46,6811,1017,213944
2021-04-15,Ontario,17,6828,1082,215026
2021-04-16,Ontario,30,6858,1007,216033
2021-04-17,Ontario,29,6887,1300,217333
2021-04-18,Ontario,15,6902,536,217869
2021-04-19,Ontario,18,6920,432,218301
2021-04-20,Ontario,19,6939,625,218926
2021-04-21,Ontario,15,6954,900,219826
2021-04-22,Ontario,19,6973,1035,220861
2021-04-23,Ontario,19,6992,1059,221920
2021-04-24,Ontario,21,7013,1211,223131
2021-04-25,Ontario,16,7029,508,223639
2021-04-26,Ontario,14,7043,507,224146
2021-04-27,Ontario,20,7063,460,224606
2021-04-28,Ontario,25,7088,1083,225689
2021-04-29,Ontario,23,7111,1092,226781
2021-04-30,Ontario,18,7129,1038,227819
2021-05-01,Ontario,25,7154,1096,228915
2021-05-02,Ontario,15,7169,510,229425
2021-05-03,Ontario,17,7186,277,229702
2021-05-04,Ontario,6,7192,646,230348
2021-05-05,Ontario,20,7212,803,231151
2021-05-06,Ontario,22,7234,829,231980
2021-05-07,Ontario,13,7247,1087,233067
2021-05-08,Ontario,11,7258,878,233945
2021-05-09,Ontario,1,7259,587,234532
2021-05-10,Ontario,8,7267,418,234950
2021-05-11,Ontario,5,7272,518,235468
2021-05-12,Ontario,11,7283,749,236217
2021-05-13,Ontario,6,7289,836,237053
2021-05-14,Ontario,10,7299,806,237859
2021-05-15,Ontario,12,7311,860,238719
2021-05-16,Ontario,8,7319,483,239202
2021-05-17,Ontario,4,7323,364,239566
2021-05-18,Ontario,7,7330,549,240115
2021-05-19,Ontario,8,7338,653,240768
2021-05-20,Ontario,6,7344,742,241510
2021-05-21,Ontario,11,7355,670,242180
2021-05-22,Ontario,5,7360,535,242715
2021-05-23,Ontario,2,7362,482,243197
2021-05-24,Ontario,3,7365,229,243426
2021-05-25,Ontario,2,7367,462,243888
2021-05-26,Ontario,4,7371,454,244342
2021-05-27,Ontario,6,7377,528,244870
2021-05-28,Ontario,0,7377,528,245398
2021-05-29,Ontario,4,7381,596,245994
2021-05-30,Ontario,3,7384,427,246421
2021-05-31,Ontario,1,7385,186,246607
2021-06-01,Ontario,5,7390,179,246786
2021-06-02,Ontario,2,7392,516,247302
2021-06-03,Ontario,2,7394,662,247964
2021-06-04,Ontario,1,7395,682,248646
2021-06-05,Ontario,2,7397,519,249165
2021-06-06,Ontario,0,7397,332,249497
2021-06-07,Ontario,3,7400,275,249772
2021-06-08,Ontario,1,7401,371,250143
2021-06-09,Ontario,1,7402,574,250717
2021-06-10,Ontario,0,7402,560,251277
2021-06-11,Ontario,1,7403,485,251762
2021-06-12,Ontario,0,7403,533,252295
2021-06-13,Ontario,2,7405,203,252498
2021-06-14,Ontario,1,7406,258,252756
2021-06-15,Ontario,0,7406,578,253334
2021-06-16,Ontario,0,7406,313,253647
2021-06-17,Ontario,2,7408,322,253969
2021-06-18,Ontario,0,7408,409,254378
2021-06-19,Ontario,0,7408,245,254623
2021-06-20,Ontario,0,7408,177,254800
2021-06-21,Ontario,0,7408,145,254945
2021-06-22,Ontario,2,7410,241,255186
2021-06-23,Ontario,0,7410,288,255474
2021-06-24,Ontario,0,7410,226,255700
2021-06-25,Ontario,0,7410,303,256003
2021-06-26,Ontario,0,7410,234,256237
2021-06-27,Ontario,0,7410,126,256363
2021-06-28,Ontario,0,7410,153,256516
2021-06-29,Ontario,1,7411,215,256731
2021-06-30,Ontario,0,7411,224,256955
2021-07-01,Ontario,0,7411,193,257148
2021-07-02,Ontario,1,7412,225,257373
2021-07-03,Ontario,2,7414,221,257594
2021-07-04,Ontario,1,7415,150,257744
2021-07-05,Ontario,2,7417,90,257834
2021-07-06,Ontario,0,7417,128,257962
2021-07-07,Ontario,1,7418,208,258170
2021-07-08,Ontario,4,7422,253,258423
2021-07-09,Ontario,3,7425,202,258625
2021-07-10,Ontario,2,7427,171,258796
2021-07-11,Ontario,4,7431,234,259030
2021-07-12,Ontario,0,7431,88,259118
2021-07-13,Ontario,0,7431,97,259215
2021-07-14,Ontario,1,7432,240,259455
2021-07-15,Ontario,0,7432,168,259623
2021-07-16,Ontario,3,7435,126,259749
2021-07-17,Ontario,1,7436,240,259989
2021-07-18,Ontario,3,7439,148,260137
2020-03-01,Orange,0,0,0,0
2020-03-02,Orange,0,0,0,0
2020-03-03,Orange,0,0,0,0
2020-03-04,Orange,0,0,0,0
2020-03-05,Orange,0,0,0,0
2020-03-06,Orange,0,0,0,0
2020-03-07,Orange,0,0,0,0
2020-03-08,Orange,0,0,0,0
2020-03-09,Orange,0,0,1,1
2020-03-10,Orange,0,0,0,1
2020-03-11,Orange,1,1,4,5
2020-03-12,Orange,0,1,12,17
2020-03-13,Orange,5,6,22,39
2020-03-14,Orange,0,6,12,51
2020-03-15,Orange,5,11,36,87
2020-03-16,Orange,4,15,36,123
2020-03-17,Orange,17,32,83,206
2020-03-18,Orange,19,51,94,300
2020-03-19,Orange,33,84,180,480
2020-03-20,Orange,79,163,377,857
2020-03-21,Orange,84,247,393,1250
2020-03-22,Orange,142,389,472,1722
2020-03-23,Orange,109,498,340,2062
2020-03-24,Orange,140,638,298,2360
2020-03-25,Orange,113,751,322,2682
2020-03-26,Orange,160,911,394,3076
2020-03-27,Orange,190,1101,498,3574
2020-03-28,Orange,146,1247,373,3947
2020-03-29,Orange,188,1435,394,4341
2020-03-30,Orange,121,1556,306,4647
2020-03-31,Orange,200,1756,477,5124
2020-04-01,Orange,237,1993,628,5752
2020-04-02,Orange,404,2397,1114,6866
2020-04-03,Orange,344,2741,1046,7912
2020-04-04,Orange,361,3102,1077,8989
2020-04-05,Orange,295,3397,827,9816
2020-04-06,Orange,202,3599,604,10420
2020-04-07,Orange,266,3865,711,11131
2020-04-08,Orange,225,4090,578,11709
2020-04-09,Orange,442,4532,1335,13044
2020-04-10,Orange,315,4847,879,13923
2020-04-11,Orange,180,5027,563,14486
2020-04-12,Orange,155,5182,492,14978
2020-04-13,Orange,396,5578,1161,16139
2020-04-14,Orange,138,5716,341,16480
2020-04-15,Orange,172,5888,521,17001
2020-04-16,Orange,196,6084,512,17513
2020-04-17,Orange,182,6266,575,18088
2020-04-18,Orange,113,6379,411,18499
2020-04-19,Orange,103,6482,278,18777
2020-04-20,Orange,79,6561,298,19075
2020-04-21,Orange,129,6690,430,19505
2020-04-22,Orange,126,6816,399,19904
2020-04-23,Orange,339,7155,1213,21117
2020-04-24,Orange,818,7973,2748,23865
2020-04-25,Orange,133,8106,643,24508
2020-04-26,Orange,132,8238,587,25095
2020-04-27,Orange,136,8374,645,25740
2020-04-28,Orange,114,8488,602,26342
2020-04-29,Orange,162,8650,880,27222
2020-04-30,Orange,101,8751,787,28009
2020-05-01,Orange,159,8910,839,28848
2020-05-02,Orange,57,8967,510,29358
2020-05-03,Orange,48,9015,421,29779
2020-05-04,Orange,129,9144,869,30648
2020-05-05,Orange,71,9215,509,31157
2020-05-06,Orange,113,9328,1181,32338
2020-05-07,Orange,74,9402,842,33180
2020-05-08,Orange,84,9486,690,33870
2020-05-09,Orange,57,9543,535,34405
2020-05-10,Orange,41,9584,402,34807
2020-05-11,Orange,48,9632,516,35323
2020-05-12,Orange,61,9693,614,35937
2020-05-13,Orange,78,9771,939,36876
2020-05-14,Orange,54,9825,766,37642
2020-05-15,Orange,54,9879,715,38357
2020-05-16,Orange,64,9943,662,39019
2020-05-17,Orange,22,9965,367,39386
2020-05-18,Orange,23,9988,362,39748
2020-05-19,Orange,55,10043,819,40567
2020-05-20,Orange,49,10092,919,41486
2020-05-21,Orange,50,10142,753,42239
2020-05-22,Orange,55,10197,764,43003
2020-05-23,Orange,28,10225,638,43641
2020-05-24,Orange,19,10244,478,44119
2020-05-25,Orange,33,10277,617,44736
2020-05-26,Orange,15,10292,528,45264
2020-05-27,Orange,33,10325,1013,46277
2020-05-28,Orange,36,10361,868,47145
2020-05-29,Orange,28,10389,776,47921
2020-05-30,Orange,17,10406,683,48604
2020-05-31,Orange,16,10422,713,49317
2020-06-01,Orange,27,10449,1027,50344
2020-06-02,Orange,11,10460,842,51186
2020-06-03,Orange,11,10471,941,52127
2020-06-04,Orange,13,10484,978,53105
2020-06-05,Orange,24,10508,1157,54262
2020-06-06,Orange,6,10514,847,55109
2020-06-07,Orange,9,10523,827,55936
2020-06-08,Orange,10,10533,957,56893
2020-06-09,Orange,8,10541,937,57830
2020-06-10,Orange,9,10550,1056,58886
2020-06-11,Orange,8,10558,1048,59934
2020-06-12,Orange,5,10563,967,60901
2020-06-13,Orange,8,10571,655,61556
2020-06-14,Orange,2,10573,810,62366
2020-06-15,Orange,7,10580,758,63124
2020-06-16,Orange,19,10599,744,63868
2020-06-17,Orange,5,10604,793,64661
2020-06-18,Orange,16,10620,1197,65858
2020-06-19,Orange,18,10638,646,66504
2020-06-20,Orange,10,10648,698,67202
2020-06-21,Orange,6,10654,577,67779
2020-06-22,Orange,12,10666,1239,69018
2020-06-23,Orange,3,10669,502,69520
2020-06-24,Orange,10,10679,912,70432
2020-06-25,Orange,19,10698,887,71319
2020-06-26,Orange,12,10710,1012,72331
2020-06-27,Orange,3,10713,508,72839
2020-06-28,Orange,3,10716,459,73298
2020-06-29,Orange,7,10723,734,74032
2020-06-30,Orange,7,10730,638,74670
2020-07-01,Orange,14,10744,702,75372
2020-07-02,Orange,15,10759,1204,76576
2020-07-03,Orange,7,10766,923,77499
2020-07-04,Orange,9,10775,885,78384
2020-07-05,Orange,6,10781,622,79006
2020-07-06,Orange,17,10798,642,79648
2020-07-07,Orange,8,10806,734,80382
2020-07-08,Orange,4,10810,866,81248
2020-07-09,Orange,10,10820,959,82207
2020-07-10,Orange,10,10830,1007,83214
2020-07-11,Orange,5,10835,847,84061
2020-07-12,Orange,6,10841,605,84666
2020-07-13,Orange,9,10850,914,85580
2020-07-14,Orange,28,10878,947,86527
2020-07-15,Orange,17,10895,796,87323
2020-07-16,Orange,13,10908,1081,88404
2020-07-17,Orange,13,10921,796,89200
2020-07-18,Orange,10,10931,596,89796
2020-07-19,Orange,7,10938,417,90213
2020-07-20,Orange,15,10953,864,91077
2020-07-21,Orange,7,10960,670,91747
2020-07-22,Orange,8,10968,831,92578
2020-07-23,Orange,8,10976,974,93552
2020-07-24,Orange,18,10994,972,94524
2020-07-25,Orange,4,10998,418,94942
2020-07-26,Orange,12,11010,634,95576
2020-07-27,Orange,14,11024,792,96368
2020-07-28,Orange,10,11034,648,97016
2020-07-29,Orange,38,11072,2123,99139
2020-07-30,Orange,10,11082,712,99851
2020-07-31,Orange,6,11088,986,100837
2020-08-01,Orange,5,11093,585,101422
2020-08-02,Orange,3,11096,583,102005
2020-08-03,Orange,9,11105,1050,103055
2020-08-04,Orange,8,11113,659,103714
2020-08-05,Orange,14,11127,848,104562
2020-08-06,Orange,2,11129,734,105296
2020-08-07,Orange,27,11156,1153,106449
2020-08-08,Orange,3,11159,644,107093
2020-08-09,Orange,9,11168,543,107636
2020-08-10,Orange,12,11180,1202,108838
2020-08-11,Orange,11,11191,990,109828
2020-08-12,Orange,19,11210,904,110732
2020-08-13,Orange,7,11217,1055,111787
2020-08-14,Orange,12,11229,1349,113136
2020-08-15,Orange,25,11254,858,113994
2020-08-16,Orange,2,11256,662,114656
2020-08-17,Orange,13,11269,942,115598
2020-08-18,Orange,13,11282,1068,116666
2020-08-19,Orange,10,11292,1080,117746
2020-08-20,Orange,24,11316,1128,118874
2020-08-21,Orange,12,11328,1315,120189
2020-08-22,Orange,6,11334,940,121129
2020-08-23,Orange,9,11343,587,121716
2020-08-24,Orange,11,11354,671,122387
2020-08-25,Orange,12,11366,798,123185
2020-08-26,Orange,16,11382,873,124058
2020-08-27,Orange,17,11399,1435,125493
2020-08-28,Orange,11,11410,1140,126633
2020-08-29,Orange,8,11418,1565,128198
2020-08-30,Orange,15,11433,668,128866
2020-08-31,Orange,12,11445,829,129695
2020-09-01,Orange,15,11460,1787,131482
2020-09-02,Orange,18,11478,1105,132587
2020-09-03,Orange,9,11487,1220,133807
2020-09-04,Orange,17,11504,1095,134902
2020-09-05,Orange,11,11515,944,135846
2020-09-06,Orange,10,11525,654,136500
2020-09-07,Orange,10,11535,651,137151
2020-09-08,Orange,17,11552,891,138042
2020-09-09,Orange,20,11572,973,139015
2020-09-10,Orange,22,11594,1354,140369
2020-09-11,Orange,17,11611,1222,141591
2020-09-12,Orange,24,11635,798,142389
2020-09-13,Orange,17,11652,759,143148
2020-09-14,Orange,24,11676,1534,144682
2020-09-15,Orange,35,11711,816,145498
2020-09-16,Orange,23,11734,1112,146610
2020-09-17,Orange,26,11760,1228,147838
2020-09-18,Orange,30,11790,1413,149251
2020-09-19,Orange,22,11812,916,150167
2020-09-20,Orange,10,11822,724,150891
2020-09-21,Orange,13,11835,1278,152169
2020-09-22,Orange,16,11851,845,153014
2020-09-23,Orange,39,11890,1507,154521
2020-09-24,Orange,65,11955,1592,156113
2020-09-25,Orange,59,12014,1462,157575
2020-09-26,Orange,22,12036,1205,158780
2020-09-27,Orange,26,12062,566,159346
2020-09-28,Orange,60,12122,1497,160843
2020-09-29,Orange,21,12143,1121,161964
2020-09-30,Orange,56,12199,1405,163369
2020-10-01,Orange,74,12273,1595,164964
2020-10-02,Orange,87,12360,1425,166389
2020-10-03,Orange,34,12394,875,167264
2020-10-04,Orange,44,12438,945,168209
2020-10-05,Orange,55,12493,1702,169911
2020-10-06,Orange,70,12563,1790,171701
2020-10-07,Orange,101,12664,2622,174323
2020-10-08,Orange,84,12748,2324,176647
2020-10-09,Orange,50,12798,2234,178881
2020-10-10,Orange,44,12842,1789,180670
2020-10-11,Orange,27,12869,1170,181840
2020-10-12,Orange,61,12930,2106,183946
2020-10-13,Orange,53,12983,1848,185794
2020-10-14,Orange,50,13033,1914,187708
2020-10-15,Orange,65,13098,2966,190674
2020-10-16,Orange,41,13139,1930,192604
2020-10-17,Orange,30,13169,2291,194895
2020-10-18,Orange,13,13182,1107,196002
2020-10-19,Orange,36,13218,1970,197972
2020-10-20,Orange,40,13258,2107,200079
2020-10-21,Orange,45,13303,2056,202135
2020-10-22,Orange,39,13342,2644,204779
2020-10-23,Orange,71,13413,2452,207231
2020-10-24,Orange,44,13457,2062,209293
2020-10-25,Orange,18,13475,1113,210406
2020-10-26,Orange,73,13548,2724,213130
2020-10-27,Orange,49,13597,2001,215131
2020-10-28,Orange,75,13672,2918,218049
2020-10-29,Orange,71,13743,2980,221029
2020-10-30,Orange,87,13830,2916,223945
2020-10-31,Orange,59,13889,1799,225744
2020-11-01,Orange,44,13933,1540,227284
2020-11-02,Orange,65,13998,2871,230155
2020-11-03,Orange,57,14055,1764,231919
2020-11-04,Orange,80,14135,2663,234582
2020-11-05,Orange,86,14221,2453,237035
2020-11-06,Orange,80,14301,2860,239895
2020-11-07,Orange,68,14369,2626,242521
2020-11-08,Orange,96,14465,2728,245249
2020-11-09,Orange,88,14553,3701,248950
2020-11-10,Orange,148,14701,2695,251645
2020-11-11,Orange,102,14803,2401,254046
2020-11-12,Orange,107,14910,2746,256792
2020-11-13,Orange,121,15031,3036,259828
2020-11-14,Orange,93,15124,1531,261359
2020-11-15,Orange,58,15182,1754,263113
2020-11-16,Orange,101,15283,2148,265261
2020-11-17,Orange,129,15412,2464,267725
2020-11-18,Orange,154,15566,2403,270128
2020-11-19,Orange,111,15677,2354,272482
2020-11-20,Orange,122,15799,2552,275034
2020-11-21,Orange,73,15872,2316,277350
2020-11-22,Orange,115,15987,2956,280306
2020-11-23,Orange,106,16093,2270,282576
2020-11-24,Orange,135,16228,2909,285485
2020-11-25,Orange,177,16405,2899,288384
2020-11-26,Orange,150,16555,2576,290960
2020-11-27,Orange,95,16650,1988,292948
2020-11-28,Orange,151,16801,2652,295600
2020-11-29,Orange,90,16891,2081,297681
2020-11-30,Orange,184,17075,3054,300735
2020-12-01,Orange,208,17283,2676,303411
2020-12-02,Orange,213,17496,2846,306257
2020-12-03,Orange,220,17716,2616,308873
2020-12-04,Orange,302,18018,3247,312120
2020-12-05,Orange,201,18219,2286,314406
2020-12-06,Orange,130,18349,2345,316751
2020-12-07,Orange,185,18534,2487,319238
2020-12-08,Orange,186,18720,2287,321525
2020-12-09,Orange,203,18923,2828,324353
2020-12-10,Orange,223,19146,2725,327078
2020-12-11,Orange,184,19330,2768,329846
2020-12-12,Orange,206,19536,2820,332666
2020-12-13,Orange,220,19756,2378,335044
2020-12-14,Orange,136,19892,2050,337094
2020-12-15,Orange,222,20114,3232,340326
2020-12-16,Orange,210,20324,2732,343058
2020-12-17,Orange,393,20717,3998,347056
2020-12-18,Orange,159,20876,2262,349318
2020-12-19,Orange,196,21072,2700,352018
2020-12-20,Orange,76,21148,1434,353452
2020-12-21,Orange,179,21327,2687,356139
2020-12-22,Orange,222,21549,2559,358698
2020-12-23,Orange,273,21822,3353,362051
2020-12-24,Orange,210,22032,3217,365268
2020-12-25,Orange,181,22213,2411,367679
2020-12-26,Orange,129,22342,1932,369611
2020-12-27,Orange,164,22506,1599,371210
2020-12-28,Orange,177,22683,1930,373140
2020-12-29,Orange,336,23019,2803,375943
2020-12-30,Orange,338,23357,3107,379050
2020-12-31,Orange,322,23679,2898,381948
2021-01-01,Orange,354,24033,3350,385298
2021-01-02,Orange,164,24197,1947,387245
2021-01-03,Orange,173,24370,1578,388823
2021-01-04,Orange,209,24579,2138,390961
2021-01-05,Orange,274,24853,2847,393808
2021-01-06,Orange,401,25254,3722,397530
2021-01-07,Orange,429,25683,4442,401972
2021-01-08,Orange,255,25938,2627,404599
2021-01-09,Orange,322,26260,3125,407724
2021-01-10,Orange,228,26488,2427,410151
2021-01-11,Orange,299,26787,2828,412979
2021-01-12,Orange,373,27160,3438,416417
2021-01-13,Orange,312,27472,3300,419717
2021-01-14,Orange,390,27862,4565,424282
2021-01-15,Orange,306,28168,3674,427956
2021-01-16,Orange,218,28386,2973,430929
2021-01-17,Orange,188,28574,2345,433274
2021-01-18,Orange,274,28848,2787,436061
2021-01-19,Orange,230,29078,2732,438793
2021-01-20,Orange,328,29406,3995,442788
2021-01-21,Orange,347,29753,3534,446322
2021-01-22,Orange,259,30012,3611,449933
2021-01-23,Orange,276,30288,3691,453624
2021-01-24,Orange,257,30545,3396,457020
2021-01-25,Orange,364,30909,3713,460733
2021-01-26,Orange,228,31137,3318,464051
2021-01-27,Orange,241,31378,3720,467771
2021-01-28,Orange,248,31626,3825,471596
2021-01-29,Orange,441,32067,5542,477138
2021-01-30,Orange,172,32239,2612,479750
2021-01-31,Orange,168,32407,2320,482070
2021-02-01,Orange,173,32580,2317,484387
2021-02-02,Orange,84,32664,1403,485790
2021-02-03,Orange,166,32830,2020,487810
2021-02-04,Orange,212,33042,3723,491533
2021-02-05,Orange,204,33246,3640,495173
2021-02-06,Orange,179,33425,2851,498024
2021-02-07,Orange,174,33599,2521,500545
2021-02-08,Orange,135,33734,2298,502843
2021-02-09,Orange,175,33909,2523,505366
2021-02-10,Orange,148,34057,3644,509010
2021-02-11,Orange,188,34245,2878,511888
2021-02-12,Orange,197,34442,3395,515283
2021-02-13,Orange,146,34588,2479,517762
2021-02-14,Orange,141,34729,2298,520060
2021-02-15,Orange,169,34898,2398,522458
2021-02-16,Orange,137,35035,2079,524537
2021-02-17,Orange,175,35210,3041,527578
2021-02-18,Orange,145,35355,2836,530414
2021-02-19,Orange,141,35496,3031,533445
2021-02-20,Orange,152,35648,2081,535526
2021-02-21,Orange,107,35755,2020,537546
2021-02-22,Orange,170,35925,1953,539499
2021-02-23,Orange,177,36102,2313,541812
2021-02-24,Orange,232,36334,3510,545322
2021-02-25,Orange,222,36556,3628,548950
2021-02-26,Orange,191,36747,3666,552616
2021-02-27,Orange,205,36952,2827,555443
2021-02-28,Orange,107,37059,2303,557746
2021-03-01,Orange,173,37232,2040,559786
2021-03-02,Orange,209,37441,2942,562728
2021-03-03,Orange,190,37631,3490,566218
2021-03-04,Orange,216,37847,3023,569241
2021-03-05,Orange,182,38029,3599,572840
2021-03-06,Orange,165,38194,2902,575742
2021-03-07,Orange,113,38307,1741,577483
2021-03-08,Orange,146,38453,2448,579931
2021-03-09,Orange,207,38660,3034,582965
2021-03-10,Orange,199,38859,2879,585844
2021-03-11,Orange,272,39131,4141,589985
2021-03-12,Orange,157,39288,2647,592632
2021-03-13,Orange,174,39462,2687,595319
2021-03-14,Orange,113,39575,1726,597045
2021-03-15,Orange,220,39795,2619,599664
2021-03-16,Orange,235,40030,3289,602953
2021-03-17,Orange,247,40277,3359,606312
2021-03-18,Orange,222,40499,3364,609676
2021-03-19,Orange,281,40780,4237,613913
2021-03-20,Orange,213,40993,3057,616970
2021-03-21,Orange,144,41137,1909,618879
2021-03-22,Orange,233,41370,2681,621560
2021-03-23,Orange,257,41627,3212,624772
2021-03-24,Orange,198,41825,3355,628127
2021-03-25,Orange,242,42067,3971,632098
2021-03-26,Orange,261,42328,4386,636484
2021-03-27,Orange,207,42535,2955,639439
2021-03-28,Orange,234,42769,2815,642254
2021-03-29,Orange,246,43015,2929,645183
2021-03-30,Orange,216,43231,2974,648157
2021-03-31,Orange,252,43483,3625,651782
2021-04-01,Orange,203,43686,3925,655707
2021-04-02,Orange,207,43893,3710,659417
2021-04-03,Orange,155,44048,2907,662324
2021-04-04,Orange,137,44185,2191,664515
2021-04-05,Orange,185,44370,2238,666753
2021-04-06,Orange,195,44565,4023,670776
2021-04-07,Orange,128,44693,2624,673400
2021-04-08,Orange,218,44911,4771,678171
2021-04-09,Orange,146,45057,3423,681594
2021-04-10,Orange,137,45194,3025,684619
2021-04-11,Orange,126,45320,1981,686600
2021-04-12,Orange,103,45423,1933,688533
2021-04-13,Orange,160,45583,2926,691459
2021-04-14,Orange,172,45755,3588,695047
2021-04-15,Orange,129,45884,3017,698064
2021-04-16,Orange,137,46021,3048,701112
2021-04-17,Orange,112,46133,3446,704558
2021-04-18,Orange,90,46223,1887,706445
2021-04-19,Orange,81,46304,1807,708252
2021-04-20,Orange,84,46388,2781,711033
2021-04-21,Orange,152,46540,3170,714203
2021-04-22,Orange,82,46622,2898,717101
2021-04-23,Orange,112,46734,3024,720125
2021-04-24,Orange,84,46818,2705,722830
2021-04-25,Orange,74,46892,1949,724779
2021-04-26,Orange,52,46944,1441,726220
2021-04-27,Orange,94,47038,2836,729056
2021-04-28,Orange,83,47121,3216,732272
2021-04-29,Orange,77,47198,3084,735356
2021-04-30,Orange,66,47264,3222,738578
2021-05-01,Orange,53,47317,2869,741447
2021-05-02,Orange,32,47349,1491,742938
2021-05-03,Orange,41,47390,1325,744263
2021-05-04,Orange,47,47437,2077,746340
2021-05-05,Orange,54,47491,2705,749045
2021-05-06,Orange,56,47547,2557,751602
2021-05-07,Orange,68,47615,3637,755239
2021-05-08,Orange,39,47654,2220,757459
2021-05-09,Orange,28,47682,1574,759033
2021-05-10,Orange,24,47706,1746,760779
2021-05-11,Orange,32,47738,2446,763225
2021-05-12,Orange,39,47777,2707,765932
2021-05-13,Orange,31,47808,2677,768609
2021-05-14,Orange,43,47851,2822,771431
2021-05-15,Orange,32,47883,2139,773570
2021-05-16,Orange,25,47908,1395,774965
2021-05-17,Orange,12,47920,1112,776077
2021-05-18,Orange,21,47941,2553,778630
2021-05-19,Orange,25,47966,2611,781241
2021-05-20,Orange,18,47984,2153,783394
2021-05-21,Orange,31,48015,2545,785939
2021-05-22,Orange,18,48033,1832,787771
2021-05-23,Orange,10,48043,1219,788990
2021-05-24,Orange,18,48061,1260,790250
2021-05-25,Orange,18,48079,2296,792546
2021-05-26,Orange,12,48091,1963,794509
2021-05-27,Orange,22,48113,2116,796625
2021-05-28,Orange,19,48132,1934,798559
2021-05-29,Orange,13,48145,1702,800261
2021-05-30,Orange,9,48154,1104,801365
2021-05-31,Orange,8,48162,764,802129
2021-06-01,Orange,10,48172,1178,803307
2021-06-02,Orange,18,48190,2265,805572
2021-06-03,Orange,11,48201,2101,807673
2021-06-04,Orange,15,48216,2400,810073
2021-06-05,Orange,12,48228,1766,811839
2021-06-06,Orange,9,48237,901,812740
2021-06-07,Orange,9,48246,1076,813816
2021-06-08,Orange,11,48257,2155,815971
2021-06-09,Orange,11,48268,1889,817860
2021-06-10,Orange,13,48281,1675,819535
2021-06-11,Orange,13,48294,2049,821584
2021-06-12,Orange,9,48303,1395,822979
2021-06-13,Orange,5,48308,833,823812
2021-06-14,Orange,4,48312,964,824776
2021-06-15,Orange,4,48316,1609,826385
2021-06-16,Orange,10,48326,1654,828039
2021-06-17,Orange,4,48330,1334,829373
2021-06-18,Orange,7,48337,1672,831045
2021-06-19,Orange,8,48345,1300,832345
2021-06-20,Orange,9,48354,698,833043
2021-06-21,Orange,6,48360,975,834018
2021-06-22,Orange,5,48365,1198,835216
2021-06-23,Orange,7,48372,1806,837022
2021-06-24,Orange,3,48375,1730,838752
2021-06-25,Orange,20,48395,2419,841171
2021-06-26,Orange,3,48398,1182,842353
2021-06-27,Orange,7,48405,2349,844702
2021-06-28,Orange,4,48409,841,845543
2021-06-29,Orange,8,48417,1672,847215
2021-06-30,Orange,7,48424,1395,848610
2021-07-01,Orange,7,48431,1618,850228
2021-07-02,Orange,1,48432,1393,851621
2021-07-03,Orange,7,48439,1005,852626
2021-07-04,Orange,1,48440,713,853339
2021-07-05,Orange,13,48453,2266,855605
2021-07-06,Orange,5,48458,972,856577
2021-07-07,Orange,14,48472,1770,858347
2021-07-08,Orange,15,48487,1489,859836
2021-07-09,Orange,12,48499,1444,861280
2021-07-10,Orange,18,48517,903,862183
2021-07-11,Orange,1,48518,822,863005
2021-07-12,Orange,6,48524,995,864000
2021-07-13,Orange,16,48540,1632,865632
2021-07-14,Orange,6,48546,1009,866641
2021-07-15,Orange,15,48561,1077,867718
2021-07-16,Orange,16,48577,1062,868780
2021-07-17,Orange,18,48595,2367,871147
2021-07-18,Orange,17,48612,1470,872617
2020-03-01,Orleans,0,0,0,0
2020-03-02,Orleans,0,0,0,0
2020-03-03,Orleans,0,0,0,0
2020-03-04,Orleans,0,0,0,0
2020-03-05,Orleans,0,0,0,0
2020-03-06,Orleans,0,0,0,0
2020-03-07,Orleans,0,0,0,0
2020-03-08,Orleans,0,0,0,0
2020-03-09,Orleans,0,0,0,0
2020-03-10,Orleans,0,0,0,0
2020-03-11,Orleans,0,0,0,0
2020-03-12,Orleans,0,0,0,0
2020-03-13,Orleans,0,0,1,1
2020-03-14,Orleans,0,0,0,1
2020-03-15,Orleans,0,0,0,1
2020-03-16,Orleans,0,0,5,6
2020-03-17,Orleans,0,0,5,11
2020-03-18,Orleans,0,0,3,14
2020-03-19,Orleans,0,0,6,20
2020-03-20,Orleans,0,0,5,25
2020-03-21,Orleans,0,0,7,32
2020-03-22,Orleans,0,0,4,36
2020-03-23,Orleans,2,2,9,45
2020-03-24,Orleans,0,2,7,52
2020-03-25,Orleans,0,2,11,63
2020-03-26,Orleans,1,3,11,74
2020-03-27,Orleans,0,3,8,82
2020-03-28,Orleans,0,3,3,85
2020-03-29,Orleans,1,4,11,96
2020-03-30,Orleans,2,6,14,110
2020-03-31,Orleans,0,6,6,116
2020-04-01,Orleans,0,6,11,127
2020-04-02,Orleans,3,9,13,140
2020-04-03,Orleans,1,10,11,151
2020-04-04,Orleans,1,11,9,160
2020-04-05,Orleans,2,13,16,176
2020-04-06,Orleans,2,15,17,193
2020-04-07,Orleans,1,16,14,207
2020-04-08,Orleans,6,22,27,234
2020-04-09,Orleans,2,24,14,248
2020-04-10,Orleans,0,24,3,251
2020-04-11,Orleans,1,25,7,258
2020-04-12,Orleans,1,26,6,264
2020-04-13,Orleans,5,31,18,282
2020-04-14,Orleans,2,33,8,290
2020-04-15,Orleans,1,34,5,295
2020-04-16,Orleans,0,34,4,299
2020-04-17,Orleans,7,41,14,313
2020-04-18,Orleans,5,46,35,348
2020-04-19,Orleans,0,46,3,351
2020-04-20,Orleans,7,53,33,384
2020-04-21,Orleans,3,56,11,395
2020-04-22,Orleans,3,59,11,406
2020-04-23,Orleans,1,60,13,419
2020-04-24,Orleans,15,75,98,517
2020-04-25,Orleans,5,80,28,545
2020-04-26,Orleans,0,80,14,559
2020-04-27,Orleans,0,80,8,567
2020-04-28,Orleans,5,85,26,593
2020-04-29,Orleans,4,89,35,628
2020-04-30,Orleans,3,92,23,651
2020-05-01,Orleans,1,93,29,680
2020-05-02,Orleans,4,97,22,702
2020-05-03,Orleans,0,97,21,723
2020-05-04,Orleans,2,99,15,738
2020-05-05,Orleans,4,103,36,774
2020-05-06,Orleans,5,108,33,807
2020-05-07,Orleans,13,121,62,869
2020-05-08,Orleans,1,122,29,898
2020-05-09,Orleans,4,126,41,939
2020-05-10,Orleans,4,130,40,979
2020-05-11,Orleans,3,133,31,1010
2020-05-12,Orleans,9,142,61,1071
2020-05-13,Orleans,3,145,57,1128
2020-05-14,Orleans,2,147,38,1166
2020-05-15,Orleans,16,163,102,1268
2020-05-16,Orleans,4,167,59,1327
2020-05-17,Orleans,0,167,42,1369
2020-05-18,Orleans,1,168,48,1417
2020-05-19,Orleans,3,171,60,1477
2020-05-20,Orleans,3,174,98,1575
2020-05-21,Orleans,1,175,50,1625
2020-05-22,Orleans,21,196,85,1710
2020-05-23,Orleans,6,202,129,1839
2020-05-24,Orleans,3,205,63,1902
2020-05-25,Orleans,3,208,49,1951
2020-05-26,Orleans,2,210,44,1995
2020-05-27,Orleans,2,212,117,2112
2020-05-28,Orleans,4,216,112,2224
2020-05-29,Orleans,12,228,83,2307
2020-05-30,Orleans,1,229,101,2408
2020-05-31,Orleans,7,236,105,2513
2020-06-01,Orleans,5,241,89,2602
2020-06-02,Orleans,5,246,157,2759
2020-06-03,Orleans,1,247,81,2840
2020-06-04,Orleans,0,247,102,2942
2020-06-05,Orleans,7,254,183,3125
2020-06-06,Orleans,1,255,115,3240
2020-06-07,Orleans,1,256,69,3309
2020-06-08,Orleans,1,257,77,3386
2020-06-09,Orleans,2,259,117,3503
2020-06-10,Orleans,1,260,89,3592
2020-06-11,Orleans,0,260,89,3681
2020-06-12,Orleans,1,261,114,3795
2020-06-13,Orleans,6,267,92,3887
2020-06-14,Orleans,1,268,60,3947
2020-06-15,Orleans,0,268,117,4064
2020-06-16,Orleans,2,270,81,4145
2020-06-17,Orleans,1,271,121,4266
2020-06-18,Orleans,3,274,110,4376
2020-06-19,Orleans,1,275,89,4465
2020-06-20,Orleans,1,276,97,4562
2020-06-21,Orleans,0,276,111,4673
2020-06-22,Orleans,1,277,98,4771
2020-06-23,Orleans,0,277,53,4824
2020-06-24,Orleans,2,279,85,4909
2020-06-25,Orleans,0,279,37,4946
2020-06-26,Orleans,1,280,128,5074
2020-06-27,Orleans,1,281,98,5172
2020-06-28,Orleans,0,281,121,5293
2020-06-29,Orleans,0,281,70,5363
2020-06-30,Orleans,0,281,84,5447
2020-07-01,Orleans,1,282,68,5515
2020-07-02,Orleans,0,282,78,5593
2020-07-03,Orleans,0,282,152,5745
2020-07-04,Orleans,0,282,138,5883
2020-07-05,Orleans,2,284,95,5978
2020-07-06,Orleans,1,285,98,6076
2020-07-07,Orleans,1,286,115,6191
2020-07-08,Orleans,0,286,41,6232
2020-07-09,Orleans,1,287,140,6372
2020-07-10,Orleans,0,287,105,6477
2020-07-11,Orleans,0,287,144,6621
2020-07-12,Orleans,0,287,66,6687
2020-07-13,Orleans,1,288,65,6752
2020-07-14,Orleans,0,288,81,6833
2020-07-15,Orleans,0,288,147,6980
2020-07-16,Orleans,0,288,73,7053
2020-07-17,Orleans,0,288,114,7167
2020-07-18,Orleans,0,288,48,7215
2020-07-19,Orleans,0,288,64,7279
2020-07-20,Orleans,0,288,90,7369
2020-07-21,Orleans,0,288,72,7441
2020-07-22,Orleans,0,288,78,7519
2020-07-23,Orleans,1,289,85,7604
2020-07-24,Orleans,0,289,71,7675
2020-07-25,Orleans,1,290,70,7745
2020-07-26,Orleans,0,290,75,7820
2020-07-27,Orleans,0,290,74,7894
2020-07-28,Orleans,1,291,111,8005
2020-07-29,Orleans,0,291,80,8085
2020-07-30,Orleans,2,293,100,8185
2020-07-31,Orleans,2,295,170,8355
2020-08-01,Orleans,0,295,81,8436
2020-08-02,Orleans,0,295,61,8497
2020-08-03,Orleans,0,295,123,8620
2020-08-04,Orleans,2,297,162,8782
2020-08-05,Orleans,0,297,66,8848
2020-08-06,Orleans,0,297,111,8959
2020-08-07,Orleans,1,298,199,9158
2020-08-08,Orleans,0,298,89,9247
2020-08-09,Orleans,0,298,65,9312
2020-08-10,Orleans,0,298,110,9422
2020-08-11,Orleans,0,298,110,9532
2020-08-12,Orleans,1,299,166,9698
2020-08-13,Orleans,0,299,113,9811
2020-08-14,Orleans,1,300,104,9915
2020-08-15,Orleans,1,301,174,10089
2020-08-16,Orleans,1,302,75,10164
2020-08-17,Orleans,0,302,96,10260
2020-08-18,Orleans,1,303,134,10394
2020-08-19,Orleans,0,303,95,10489
2020-08-20,Orleans,0,303,94,10583
2020-08-21,Orleans,1,304,130,10713
2020-08-22,Orleans,0,304,111,10824
2020-08-23,Orleans,0,304,99,10923
2020-08-24,Orleans,0,304,67,10990
2020-08-25,Orleans,1,305,143,11133
2020-08-26,Orleans,0,305,105,11238
2020-08-27,Orleans,1,306,97,11335
2020-08-28,Orleans,0,306,147,11482
2020-08-29,Orleans,0,306,114,11596
2020-08-30,Orleans,0,306,118,11714
2020-08-31,Orleans,0,306,71,11785
2020-09-01,Orleans,0,306,112,11897
2020-09-02,Orleans,0,306,184,12081
2020-09-03,Orleans,1,307,225,12306
2020-09-04,Orleans,3,310,161,12467
2020-09-05,Orleans,4,314,347,12814
2020-09-06,Orleans,1,315,66,12880
2020-09-07,Orleans,2,317,130,13010
2020-09-08,Orleans,0,317,86,13096
2020-09-09,Orleans,1,318,99,13195
2020-09-10,Orleans,2,320,195,13390
2020-09-11,Orleans,1,321,123,13513
2020-09-12,Orleans,0,321,132,13645
2020-09-13,Orleans,0,321,81,13726
2020-09-14,Orleans,1,322,57,13783
2020-09-15,Orleans,0,322,165,13948
2020-09-16,Orleans,0,322,251,14199
2020-09-17,Orleans,0,322,160,14359
2020-09-18,Orleans,1,323,240,14599
2020-09-19,Orleans,0,323,171,14770
2020-09-20,Orleans,1,324,62,14832
2020-09-21,Orleans,1,325,278,15110
2020-09-22,Orleans,0,325,144,15254
2020-09-23,Orleans,2,327,256,15510
2020-09-24,Orleans,3,330,164,15674
2020-09-25,Orleans,2,332,149,15823
2020-09-26,Orleans,3,335,162,15985
2020-09-27,Orleans,0,335,80,16065
2020-09-28,Orleans,0,335,131,16196
2020-09-29,Orleans,1,336,135,16331
2020-09-30,Orleans,0,336,192,16523
2020-10-01,Orleans,0,336,118,16641
2020-10-02,Orleans,1,337,164,16805
2020-10-03,Orleans,0,337,130,16935
2020-10-04,Orleans,0,337,47,16982
2020-10-05,Orleans,1,338,89,17071
2020-10-06,Orleans,2,340,148,17219
2020-10-07,Orleans,2,342,190,17409
2020-10-08,Orleans,1,343,163,17572
2020-10-09,Orleans,1,344,178,17750
2020-10-10,Orleans,6,350,170,17920
2020-10-11,Orleans,2,352,81,18001
2020-10-12,Orleans,2,354,133,18134
2020-10-13,Orleans,1,355,97,18231
2020-10-14,Orleans,1,356,175,18406
2020-10-15,Orleans,3,359,176,18582
2020-10-16,Orleans,1,360,161,18743
2020-10-17,Orleans,2,362,105,18848
2020-10-18,Orleans,1,363,133,18981
2020-10-19,Orleans,5,368,105,19086
2020-10-20,Orleans,8,376,114,19200
2020-10-21,Orleans,2,378,190,19390
2020-10-22,Orleans,1,379,174,19564
2020-10-23,Orleans,6,385,228,19792
2020-10-24,Orleans,8,393,137,19929
2020-10-25,Orleans,6,399,167,20096
2020-10-26,Orleans,2,401,146,20242
2020-10-27,Orleans,5,406,106,20348
2020-10-28,Orleans,6,412,205,20553
2020-10-29,Orleans,1,413,158,20711
2020-10-30,Orleans,0,413,149,20860
2020-10-31,Orleans,0,413,157,21017
2020-11-01,Orleans,2,415,196,21213
2020-11-02,Orleans,3,418,132,21345
2020-11-03,Orleans,3,421,96,21441
2020-11-04,Orleans,1,422,182,21623
2020-11-05,Orleans,7,429,191,21814
2020-11-06,Orleans,5,434,234,22048
2020-11-07,Orleans,8,442,161,22209
2020-11-08,Orleans,8,450,63,22272
2020-11-09,Orleans,3,453,181,22453
2020-11-10,Orleans,13,466,214,22667
2020-11-11,Orleans,14,480,133,22800
2020-11-12,Orleans,18,498,238,23038
2020-11-13,Orleans,10,508,242,23280
2020-11-14,Orleans,7,515,64,23344
2020-11-15,Orleans,6,521,141,23485
2020-11-16,Orleans,5,526,197,23682
2020-11-17,Orleans,12,538,136,23818
2020-11-18,Orleans,10,548,192,24010
2020-11-19,Orleans,2,550,89,24099
2020-11-20,Orleans,4,554,233,24332
2020-11-21,Orleans,7,561,119,24451
2020-11-22,Orleans,15,576,385,24836
2020-11-23,Orleans,5,581,258,25094
2020-11-24,Orleans,4,585,178,25272
2020-11-25,Orleans,13,598,243,25515
2020-11-26,Orleans,6,604,225,25740
2020-11-27,Orleans,14,618,175,25915
2020-11-28,Orleans,5,623,387,26302
2020-11-29,Orleans,7,630,175,26477
2020-11-30,Orleans,4,634,137,26614
2020-12-01,Orleans,11,645,296,26910
2020-12-02,Orleans,7,652,193,27103
2020-12-03,Orleans,20,672,391,27494
2020-12-04,Orleans,21,693,308,27802
2020-12-05,Orleans,15,708,212,28014
2020-12-06,Orleans,13,721,190,28204
2020-12-07,Orleans,9,730,150,28354
2020-12-08,Orleans,26,756,235,28589
2020-12-09,Orleans,32,788,230,28819
2020-12-10,Orleans,28,816,288,29107
2020-12-11,Orleans,22,838,370,29477
2020-12-12,Orleans,22,860,316,29793
2020-12-13,Orleans,27,887,210,30003
2020-12-14,Orleans,17,904,175,30178
2020-12-15,Orleans,19,923,151,30329
2020-12-16,Orleans,27,950,216,30545
2020-12-17,Orleans,38,988,634,31179
2020-12-18,Orleans,30,1018,428,31607
2020-12-19,Orleans,38,1056,401,32008
2020-12-20,Orleans,25,1081,224,32232
2020-12-21,Orleans,15,1096,184,32416
2020-12-22,Orleans,43,1139,637,33053
2020-12-23,Orleans,15,1154,215,33268
2020-12-24,Orleans,26,1180,406,33674
2020-12-25,Orleans,39,1219,261,33935
2020-12-26,Orleans,22,1241,253,34188
2020-12-27,Orleans,12,1253,153,34341
2020-12-28,Orleans,6,1259,132,34473
2020-12-29,Orleans,65,1324,617,35090
2020-12-30,Orleans,35,1359,345,35435
2020-12-31,Orleans,38,1397,507,35942
2021-01-01,Orleans,25,1422,178,36120
2021-01-02,Orleans,19,1441,212,36332
2021-01-03,Orleans,23,1464,186,36518
2021-01-04,Orleans,35,1499,204,36722
2021-01-05,Orleans,22,1521,240,36962
2021-01-06,Orleans,31,1552,298,37260
2021-01-07,Orleans,77,1629,964,38224
2021-01-08,Orleans,32,1661,345,38569
2021-01-09,Orleans,41,1702,328,38897
2021-01-10,Orleans,14,1716,212,39109
2021-01-11,Orleans,21,1737,271,39380
2021-01-12,Orleans,28,1765,231,39611
2021-01-13,Orleans,33,1798,295,39906
2021-01-14,Orleans,53,1851,998,40904
2021-01-15,Orleans,31,1882,434,41338
2021-01-16,Orleans,16,1898,312,41650
2021-01-17,Orleans,10,1908,211,41861
2021-01-18,Orleans,11,1919,222,42083
2021-01-19,Orleans,26,1945,231,42314
2021-01-20,Orleans,23,1968,349,42663
2021-01-21,Orleans,35,2003,726,43389
2021-01-22,Orleans,21,2024,289,43678
2021-01-23,Orleans,8,2032,238,43916
2021-01-24,Orleans,10,2042,206,44122
2021-01-25,Orleans,20,2062,309,44431
2021-01-26,Orleans,21,2083,279,44710
2021-01-27,Orleans,30,2113,327,45037
2021-01-28,Orleans,33,2146,612,45649
2021-01-29,Orleans,12,2158,321,45970
2021-01-30,Orleans,15,2173,221,46191
2021-01-31,Orleans,7,2180,173,46364
2021-02-01,Orleans,10,2190,218,46582
2021-02-02,Orleans,25,2215,213,46795
2021-02-03,Orleans,35,2250,369,47164
2021-02-04,Orleans,31,2281,404,47568
2021-02-05,Orleans,13,2294,300,47868
2021-02-06,Orleans,15,2309,220,48088
2021-02-07,Orleans,9,2318,191,48279
2021-02-08,Orleans,6,2324,179,48458
2021-02-09,Orleans,3,2327,161,48619
2021-02-10,Orleans,9,2336,374,48993
2021-02-11,Orleans,17,2353,339,49332
2021-02-12,Orleans,10,2363,242,49574
2021-02-13,Orleans,4,2367,195,49769
2021-02-14,Orleans,3,2370,203,49972
2021-02-15,Orleans,3,2373,145,50117
2021-02-16,Orleans,6,2379,166,50283
2021-02-17,Orleans,2,2381,242,50525
2021-02-18,Orleans,6,2387,250,50775
2021-02-19,Orleans,7,2394,227,51002
2021-02-20,Orleans,4,2398,215,51217
2021-02-21,Orleans,5,2403,177,51394
2021-02-22,Orleans,6,2409,179,51573
2021-02-23,Orleans,13,2422,294,51867
2021-02-24,Orleans,11,2433,354,52221
2021-02-25,Orleans,6,2439,304,52525
2021-02-26,Orleans,5,2444,245,52770
2021-02-27,Orleans,3,2447,215,52985
2021-02-28,Orleans,4,2451,150,53135
2021-03-01,Orleans,1,2452,164,53299
2021-03-02,Orleans,4,2456,230,53529
2021-03-03,Orleans,7,2463,282,53811
2021-03-04,Orleans,4,2467,329,54140
2021-03-05,Orleans,5,2472,216,54356
2021-03-06,Orleans,5,2477,205,54561
2021-03-07,Orleans,4,2481,176,54737
2021-03-08,Orleans,1,2482,131,54868
2021-03-09,Orleans,4,2486,270,55138
2021-03-10,Orleans,4,2490,283,55421
2021-03-11,Orleans,7,2497,275,55696
2021-03-12,Orleans,7,2504,257,55953
2021-03-13,Orleans,4,2508,215,56168
2021-03-14,Orleans,2,2510,122,56290
2021-03-15,Orleans,2,2512,182,56472
2021-03-16,Orleans,3,2515,334,56806
2021-03-17,Orleans,5,2520,250,57056
2021-03-18,Orleans,12,2532,273,57329
2021-03-19,Orleans,5,2537,230,57559
2021-03-20,Orleans,3,2540,207,57766
2021-03-21,Orleans,6,2546,173,57939
2021-03-22,Orleans,3,2549,237,58176
2021-03-23,Orleans,6,2555,270,58446
2021-03-24,Orleans,4,2559,302,58748
2021-03-25,Orleans,8,2567,375,59123
2021-03-26,Orleans,3,2570,313,59436
2021-03-27,Orleans,4,2574,297,59733
2021-03-28,Orleans,1,2575,226,59959
2021-03-29,Orleans,6,2581,200,60159
2021-03-30,Orleans,10,2591,224,60383
2021-03-31,Orleans,12,2603,252,60635
2021-04-01,Orleans,7,2610,433,61068
2021-04-02,Orleans,12,2622,303,61371
2021-04-03,Orleans,7,2629,215,61586
2021-04-04,Orleans,8,2637,169,61755
2021-04-05,Orleans,4,2641,346,62101
2021-04-06,Orleans,9,2650,203,62304
2021-04-07,Orleans,8,2658,319,62623
2021-04-08,Orleans,15,2673,539,63162
2021-04-09,Orleans,9,2682,279,63441
2021-04-10,Orleans,9,2691,218,63659
2021-04-11,Orleans,6,2697,90,63749
2021-04-12,Orleans,5,2702,312,64061
2021-04-13,Orleans,14,2716,416,64477
2021-04-14,Orleans,18,2734,301,64778
2021-04-15,Orleans,7,2741,343,65121
2021-04-16,Orleans,13,2754,394,65515
2021-04-17,Orleans,22,2776,340,65855
2021-04-18,Orleans,6,2782,227,66082
2021-04-19,Orleans,10,2792,173,66255
2021-04-20,Orleans,9,2801,347,66602
2021-04-21,Orleans,22,2823,387,66989
2021-04-22,Orleans,11,2834,337,67326
2021-04-23,Orleans,13,2847,310,67636
2021-04-24,Orleans,16,2863,484,68120
2021-04-25,Orleans,6,2869,163,68283
2021-04-26,Orleans,10,2879,180,68463
2021-04-27,Orleans,10,2889,215,68678
2021-04-28,Orleans,21,2910,379,69057
2021-04-29,Orleans,13,2923,359,69416
2021-04-30,Orleans,9,2932,277,69693
2021-05-01,Orleans,9,2941,270,69963
2021-05-02,Orleans,9,2950,208,70171
2021-05-03,Orleans,17,2967,149,70320
2021-05-04,Orleans,9,2976,354,70674
2021-05-05,Orleans,13,2989,561,71235
2021-05-06,Orleans,3,2992,269,71504
2021-05-07,Orleans,8,3000,477,71981
2021-05-08,Orleans,20,3020,239,72220
2021-05-09,Orleans,8,3028,208,72428
2021-05-10,Orleans,3,3031,166,72594
2021-05-11,Orleans,4,3035,270,72864
2021-05-12,Orleans,8,3043,490,73354
2021-05-13,Orleans,5,3048,265,73619
2021-05-14,Orleans,3,3051,340,73959
2021-05-15,Orleans,5,3056,200,74159
2021-05-16,Orleans,5,3061,136,74295
2021-05-17,Orleans,2,3063,140,74435
2021-05-18,Orleans,8,3071,282,74717
2021-05-19,Orleans,5,3076,352,75069
2021-05-20,Orleans,3,3079,286,75355
2021-05-21,Orleans,7,3086,319,75674
2021-05-22,Orleans,4,3090,144,75818
2021-05-23,Orleans,3,3093,99,75917
2021-05-24,Orleans,0,3093,121,76038
2021-05-25,Orleans,7,3100,233,76271
2021-05-26,Orleans,5,3105,379,76650
2021-05-27,Orleans,2,3107,199,76849
2021-05-28,Orleans,2,3109,287,77136
2021-05-29,Orleans,0,3109,126,77262
2021-05-30,Orleans,1,3110,65,77327
2021-05-31,Orleans,0,3110,115,77442
2021-06-01,Orleans,0,3110,144,77586
2021-06-02,Orleans,0,3110,335,77921
2021-06-03,Orleans,3,3113,165,78086
2021-06-04,Orleans,2,3115,228,78314
2021-06-05,Orleans,2,3117,154,78468
2021-06-06,Orleans,0,3117,69,78537
2021-06-07,Orleans,0,3117,172,78709
2021-06-08,Orleans,0,3117,200,78909
2021-06-09,Orleans,0,3117,214,79123
2021-06-10,Orleans,1,3118,175,79298
2021-06-11,Orleans,0,3118,210,79508
2021-06-12,Orleans,0,3118,107,79615
2021-06-13,Orleans,0,3118,39,79654
2021-06-14,Orleans,0,3118,98,79752
2021-06-15,Orleans,2,3120,182,79934
2021-06-16,Orleans,0,3120,123,80057
2021-06-17,Orleans,0,3120,136,80193
2021-06-18,Orleans,1,3121,143,80336
2021-06-19,Orleans,0,3121,98,80434
2021-06-20,Orleans,0,3121,47,80481
2021-06-21,Orleans,0,3121,67,80548
2021-06-22,Orleans,0,3121,106,80654
2021-06-23,Orleans,2,3123,97,80751
2021-06-24,Orleans,0,3123,97,80848
2021-06-25,Orleans,0,3123,138,80986
2021-06-26,Orleans,0,3123,90,81076
2021-06-27,Orleans,0,3123,59,81135
2021-06-28,Orleans,0,3123,79,81214
2021-06-29,Orleans,0,3123,97,81311
2021-06-30,Orleans,1,3124,113,81424
2021-07-01,Orleans,1,3125,84,81508
2021-07-02,Orleans,0,3125,79,81587
2021-07-03,Orleans,0,3125,62,81649
2021-07-04,Orleans,0,3125,57,81706
2021-07-05,Orleans,0,3125,44,81750
2021-07-06,Orleans,0,3125,57,81807
2021-07-07,Orleans,0,3125,71,81878
2021-07-08,Orleans,1,3126,93,81971
2021-07-09,Orleans,3,3129,82,82053
2021-07-10,Orleans,0,3129,57,82110
2021-07-11,Orleans,1,3130,69,82179
2021-07-12,Orleans,0,3130,50,82229
2021-07-13,Orleans,2,3132,56,82285
2021-07-14,Orleans,0,3132,73,82358
2021-07-15,Orleans,0,3132,78,82436
2021-07-16,Orleans,0,3132,59,82495
2021-07-17,Orleans,2,3134,79,82574
2021-07-18,Orleans,0,3134,37,82611
2020-03-01,Oswego,0,0,0,0
2020-03-02,Oswego,0,0,0,0
2020-03-03,Oswego,0,0,0,0
2020-03-04,Oswego,0,0,0,0
2020-03-05,Oswego,0,0,0,0
2020-03-06,Oswego,0,0,0,0
2020-03-07,Oswego,0,0,0,0
2020-03-08,Oswego,0,0,0,0
2020-03-09,Oswego,0,0,0,0
2020-03-10,Oswego,0,0,1,1
2020-03-11,Oswego,0,0,0,1
2020-03-12,Oswego,0,0,0,1
2020-03-13,Oswego,0,0,2,3
2020-03-14,Oswego,0,0,2,5
2020-03-15,Oswego,0,0,0,5
2020-03-16,Oswego,0,0,4,9
2020-03-17,Oswego,0,0,3,12
2020-03-18,Oswego,0,0,8,20
2020-03-19,Oswego,0,0,3,23
2020-03-20,Oswego,0,0,11,34
2020-03-21,Oswego,0,0,19,53
2020-03-22,Oswego,1,1,23,76
2020-03-23,Oswego,1,2,28,104
2020-03-24,Oswego,0,2,13,117
2020-03-25,Oswego,2,4,25,142
2020-03-26,Oswego,0,4,18,160
2020-03-27,Oswego,3,7,38,198
2020-03-28,Oswego,1,8,35,233
2020-03-29,Oswego,6,14,53,286
2020-03-30,Oswego,1,15,30,316
2020-03-31,Oswego,2,17,27,343
2020-04-01,Oswego,5,22,80,423
2020-04-02,Oswego,4,26,82,505
2020-04-03,Oswego,0,26,31,536
2020-04-04,Oswego,2,28,26,562
2020-04-05,Oswego,1,29,39,601
2020-04-06,Oswego,2,31,70,671
2020-04-07,Oswego,2,33,27,698
2020-04-08,Oswego,3,36,61,759
2020-04-09,Oswego,0,36,32,791
2020-04-10,Oswego,1,37,12,803
2020-04-11,Oswego,1,38,15,818
2020-04-12,Oswego,0,38,10,828
2020-04-13,Oswego,3,41,74,902
2020-04-14,Oswego,1,42,17,919
2020-04-15,Oswego,2,44,18,937
2020-04-16,Oswego,1,45,28,965
2020-04-17,Oswego,0,45,14,979
2020-04-18,Oswego,2,47,18,997
2020-04-19,Oswego,1,48,18,1015
2020-04-20,Oswego,1,49,12,1027
2020-04-21,Oswego,0,49,4,1031
2020-04-22,Oswego,0,49,21,1052
2020-04-23,Oswego,2,51,18,1070
2020-04-24,Oswego,6,57,298,1368
2020-04-25,Oswego,4,61,67,1435
2020-04-26,Oswego,0,61,33,1468
2020-04-27,Oswego,2,63,40,1508
2020-04-28,Oswego,0,63,39,1547
2020-04-29,Oswego,0,63,45,1592
2020-04-30,Oswego,1,64,36,1628
2020-05-01,Oswego,2,66,30,1658
2020-05-02,Oswego,0,66,37,1695
2020-05-03,Oswego,1,67,44,1739
2020-05-04,Oswego,1,68,40,1779
2020-05-05,Oswego,2,70,41,1820
2020-05-06,Oswego,0,70,48,1868
2020-05-07,Oswego,2,72,54,1922
2020-05-08,Oswego,3,75,52,1974
2020-05-09,Oswego,0,75,59,2033
2020-05-10,Oswego,0,75,49,2082
2020-05-11,Oswego,1,76,53,2135
2020-05-12,Oswego,0,76,59,2194
2020-05-13,Oswego,2,78,64,2258
2020-05-14,Oswego,2,80,110,2368
2020-05-15,Oswego,3,83,241,2609
2020-05-16,Oswego,1,84,81,2690
2020-05-17,Oswego,0,84,197,2887
2020-05-18,Oswego,5,89,95,2982
2020-05-19,Oswego,1,90,129,3111
2020-05-20,Oswego,2,92,300,3411
2020-05-21,Oswego,4,96,215,3626
2020-05-22,Oswego,3,99,302,3928
2020-05-23,Oswego,1,100,479,4407
2020-05-24,Oswego,4,104,131,4538
2020-05-25,Oswego,0,104,175,4713
2020-05-26,Oswego,1,105,337,5050
2020-05-27,Oswego,2,107,260,5310
2020-05-28,Oswego,1,108,252,5562
2020-05-29,Oswego,0,108,317,5879
2020-05-30,Oswego,1,109,443,6322
2020-05-31,Oswego,1,110,138,6460
2020-06-01,Oswego,0,110,308,6768
2020-06-02,Oswego,2,112,409,7177
2020-06-03,Oswego,0,112,185,7362
2020-06-04,Oswego,0,112,609,7971
2020-06-05,Oswego,2,114,475,8446
2020-06-06,Oswego,1,115,272,8718
2020-06-07,Oswego,0,115,414,9132
2020-06-08,Oswego,0,115,149,9281
2020-06-09,Oswego,0,115,489,9770
2020-06-10,Oswego,4,119,297,10067
2020-06-11,Oswego,1,120,614,10681
2020-06-12,Oswego,2,122,246,10927
2020-06-13,Oswego,0,122,274,11201
2020-06-14,Oswego,4,126,199,11400
2020-06-15,Oswego,13,139,197,11597
2020-06-16,Oswego,0,139,117,11714
2020-06-17,Oswego,5,144,417,12131
2020-06-18,Oswego,23,167,771,12902
2020-06-19,Oswego,2,169,351,13253
2020-06-20,Oswego,4,173,191,13444
2020-06-21,Oswego,0,173,258,13702
2020-06-22,Oswego,6,179,176,13878
2020-06-23,Oswego,9,188,191,14069
2020-06-24,Oswego,3,191,343,14412
2020-06-25,Oswego,1,192,363,14775
2020-06-26,Oswego,2,194,401,15176
2020-06-27,Oswego,1,195,127,15303
2020-06-28,Oswego,1,196,272,15575
2020-06-29,Oswego,1,197,145,15720
2020-06-30,Oswego,4,201,233,15953
2020-07-01,Oswego,5,206,218,16171
2020-07-02,Oswego,0,206,286,16457
2020-07-03,Oswego,0,206,200,16657
2020-07-04,Oswego,0,206,221,16878
2020-07-05,Oswego,0,206,186,17064
2020-07-06,Oswego,1,207,308,17372
2020-07-07,Oswego,3,210,367,17739
2020-07-08,Oswego,1,211,358,18097
2020-07-09,Oswego,5,216,248,18345
2020-07-10,Oswego,3,219,208,18553
2020-07-11,Oswego,1,220,139,18692
2020-07-12,Oswego,2,222,322,19014
2020-07-13,Oswego,3,225,367,19381
2020-07-14,Oswego,1,226,349,19730
2020-07-15,Oswego,1,227,269,19999
2020-07-16,Oswego,0,227,510,20509
2020-07-17,Oswego,2,229,391,20900
2020-07-18,Oswego,0,229,223,21123
2020-07-19,Oswego,0,229,213,21336
2020-07-20,Oswego,2,231,398,21734
2020-07-21,Oswego,1,232,640,22374
2020-07-22,Oswego,2,234,402,22776
2020-07-23,Oswego,0,234,402,23178
2020-07-24,Oswego,2,236,422,23600
2020-07-25,Oswego,2,238,512,24112
2020-07-26,Oswego,1,239,349,24461
2020-07-27,Oswego,0,239,311,24772
2020-07-28,Oswego,0,239,254,25026
2020-07-29,Oswego,1,240,341,25367
2020-07-30,Oswego,1,241,253,25620
2020-07-31,Oswego,3,244,413,26033
2020-08-01,Oswego,2,246,307,26340
2020-08-02,Oswego,2,248,199,26539
2020-08-03,Oswego,1,249,459,26998
2020-08-04,Oswego,1,250,231,27229
2020-08-05,Oswego,1,251,372,27601
2020-08-06,Oswego,0,251,328,27929
2020-08-07,Oswego,2,253,492,28421
2020-08-08,Oswego,0,253,218,28639
2020-08-09,Oswego,0,253,236,28875
2020-08-10,Oswego,2,255,540,29415
2020-08-11,Oswego,2,257,193,29608
2020-08-12,Oswego,1,258,330,29938
2020-08-13,Oswego,6,264,612,30550
2020-08-14,Oswego,7,271,350,30900
2020-08-15,Oswego,0,271,259,31159
2020-08-16,Oswego,1,272,276,31435
2020-08-17,Oswego,0,272,317,31752
2020-08-18,Oswego,2,274,353,32105
2020-08-19,Oswego,2,276,368,32473
2020-08-20,Oswego,3,279,410,32883
2020-08-21,Oswego,2,281,710,33593
2020-08-22,Oswego,1,282,186,33779
2020-08-23,Oswego,0,282,180,33959
2020-08-24,Oswego,3,285,354,34313
2020-08-25,Oswego,1,286,153,34466
2020-08-26,Oswego,1,287,203,34669
2020-08-27,Oswego,1,288,290,34959
2020-08-28,Oswego,3,291,489,35448
2020-08-29,Oswego,4,295,501,35949
2020-08-30,Oswego,8,303,215,36164
2020-08-31,Oswego,1,304,482,36646
2020-09-01,Oswego,3,307,203,36849
2020-09-02,Oswego,4,311,351,37200
2020-09-03,Oswego,3,314,294,37494
2020-09-04,Oswego,11,325,708,38202
2020-09-05,Oswego,0,325,416,38618
2020-09-06,Oswego,4,329,240,38858
2020-09-07,Oswego,2,331,280,39138
2020-09-08,Oswego,0,331,149,39287
2020-09-09,Oswego,2,333,135,39422
2020-09-10,Oswego,24,357,498,39920
2020-09-11,Oswego,5,362,735,40655
2020-09-12,Oswego,26,388,508,41163
2020-09-13,Oswego,2,390,293,41456
2020-09-14,Oswego,12,402,398,41854
2020-09-15,Oswego,7,409,226,42080
2020-09-16,Oswego,3,412,320,42400
2020-09-17,Oswego,6,418,416,42816
2020-09-18,Oswego,6,424,543,43359
2020-09-19,Oswego,23,447,477,43836
2020-09-20,Oswego,9,456,348,44184
2020-09-21,Oswego,8,464,331,44515
2020-09-22,Oswego,4,468,287,44802
2020-09-23,Oswego,2,470,326,45128
2020-09-24,Oswego,9,479,457,45585
2020-09-25,Oswego,4,483,520,46105
2020-09-26,Oswego,10,493,440,46545
2020-09-27,Oswego,0,493,297,46842
2020-09-28,Oswego,6,499,482,47324
2020-09-29,Oswego,4,503,564,47888
2020-09-30,Oswego,3,506,466,48354
2020-10-01,Oswego,8,514,1026,49380
2020-10-02,Oswego,4,518,676,50056
2020-10-03,Oswego,3,521,733,50789
2020-10-04,Oswego,2,523,440,51229
2020-10-05,Oswego,6,529,389,51618
2020-10-06,Oswego,2,531,684,52302
2020-10-07,Oswego,5,536,363,52665
2020-10-08,Oswego,6,542,824,53489
2020-10-09,Oswego,5,547,923,54412
2020-10-10,Oswego,3,550,749,55161
2020-10-11,Oswego,2,552,581,55742
2020-10-12,Oswego,5,557,275,56017
2020-10-13,Oswego,9,566,779,56796
2020-10-14,Oswego,2,568,738,57534
2020-10-15,Oswego,11,579,1138,58672
2020-10-16,Oswego,3,582,820,59492
2020-10-17,Oswego,2,584,366,59858
2020-10-18,Oswego,3,587,804,60662
2020-10-19,Oswego,7,594,326,60988
2020-10-20,Oswego,5,599,633,61621
2020-10-21,Oswego,7,606,586,62207
2020-10-22,Oswego,1,607,573,62780
2020-10-23,Oswego,2,609,998,63778
2020-10-24,Oswego,7,616,388,64166
2020-10-25,Oswego,4,620,480,64646
2020-10-26,Oswego,3,623,369,65015
2020-10-27,Oswego,4,627,755,65770
2020-10-28,Oswego,4,631,591,66361
2020-10-29,Oswego,8,639,566,66927
2020-10-30,Oswego,5,644,822,67749
2020-10-31,Oswego,4,648,644,68393
2020-11-01,Oswego,13,661,366,68759
2020-11-02,Oswego,8,669,350,69109
2020-11-03,Oswego,9,678,409,69518
2020-11-04,Oswego,11,689,756,70274
2020-11-05,Oswego,22,711,1125,71399
2020-11-06,Oswego,23,734,1106,72505
2020-11-07,Oswego,24,758,888,73393
2020-11-08,Oswego,29,787,1274,74667
2020-11-09,Oswego,22,809,492,75159
2020-11-10,Oswego,31,840,743,75902
2020-11-11,Oswego,31,871,761,76663
2020-11-12,Oswego,26,897,873,77536
2020-11-13,Oswego,57,954,1137,78673
2020-11-14,Oswego,14,968,308,78981
2020-11-15,Oswego,19,987,616,79597
2020-11-16,Oswego,19,1006,644,80241
2020-11-17,Oswego,47,1053,645,80886
2020-11-18,Oswego,28,1081,1204,82090
2020-11-19,Oswego,20,1101,1029,83119
2020-11-20,Oswego,63,1164,870,83989
2020-11-21,Oswego,23,1187,1001,84990
2020-11-22,Oswego,86,1273,2332,87322
2020-11-23,Oswego,29,1302,841,88163
2020-11-24,Oswego,57,1359,744,88907
2020-11-25,Oswego,46,1405,1007,89914
2020-11-26,Oswego,31,1436,825,90739
2020-11-27,Oswego,60,1496,936,91675
2020-11-28,Oswego,75,1571,885,92560
2020-11-29,Oswego,54,1625,978,93538
2020-11-30,Oswego,59,1684,580,94118
2020-12-01,Oswego,58,1742,525,94643
2020-12-02,Oswego,57,1799,786,95429
2020-12-03,Oswego,84,1883,1113,96542
2020-12-04,Oswego,97,1980,1195,97737
2020-12-05,Oswego,59,2039,977,98714
2020-12-06,Oswego,17,2056,430,99144
2020-12-07,Oswego,54,2110,636,99780
2020-12-08,Oswego,49,2159,651,100431
2020-12-09,Oswego,45,2204,784,101215
2020-12-10,Oswego,68,2272,1126,102341
2020-12-11,Oswego,63,2335,1330,103671
2020-12-12,Oswego,54,2389,632,104303
2020-12-13,Oswego,51,2440,652,104955
2020-12-14,Oswego,47,2487,649,105604
2020-12-15,Oswego,60,2547,570,106174
2020-12-16,Oswego,51,2598,816,106990
2020-12-17,Oswego,77,2675,900,107890
2020-12-18,Oswego,49,2724,967,108857
2020-12-19,Oswego,58,2782,933,109790
2020-12-20,Oswego,45,2827,741,110531
2020-12-21,Oswego,45,2872,523,111054
2020-12-22,Oswego,46,2918,607,111661
2020-12-23,Oswego,52,2970,885,112546
2020-12-24,Oswego,75,3045,1022,113568
2020-12-25,Oswego,48,3093,702,114270
2020-12-26,Oswego,46,3139,469,114739
2020-12-27,Oswego,57,3196,624,115363
2020-12-28,Oswego,68,3264,665,116028
2020-12-29,Oswego,79,3343,837,116865
2020-12-30,Oswego,82,3425,953,117818
2020-12-31,Oswego,85,3510,1027,118845
2021-01-01,Oswego,76,3586,782,119627
2021-01-02,Oswego,72,3658,755,120382
2021-01-03,Oswego,62,3720,557,120939
2021-01-04,Oswego,87,3807,626,121565
2021-01-05,Oswego,84,3891,848,122413
2021-01-06,Oswego,84,3975,1082,123495
2021-01-07,Oswego,124,4099,957,124452
2021-01-08,Oswego,100,4199,1325,125777
2021-01-09,Oswego,75,4274,1239,127016
2021-01-10,Oswego,81,4355,651,127667
2021-01-11,Oswego,67,4422,728,128395
2021-01-12,Oswego,63,4485,589,128984
2021-01-13,Oswego,67,4552,932,129916
2021-01-14,Oswego,112,4664,1279,131195
2021-01-15,Oswego,98,4762,1489,132684
2021-01-16,Oswego,54,4816,916,133600
2021-01-17,Oswego,56,4872,706,134306
2021-01-18,Oswego,42,4914,562,134868
2021-01-19,Oswego,47,4961,607,135475
2021-01-20,Oswego,51,5012,1099,136574
2021-01-21,Oswego,47,5059,1113,137687
2021-01-22,Oswego,64,5123,1267,138954
2021-01-23,Oswego,53,5176,806,139760
2021-01-24,Oswego,25,5201,711,140471
2021-01-25,Oswego,17,5218,462,140933
2021-01-26,Oswego,65,5283,1412,142345
2021-01-27,Oswego,38,5321,730,143075
2021-01-28,Oswego,35,5356,1003,144078
2021-01-29,Oswego,41,5397,1132,145210
2021-01-30,Oswego,47,5444,1474,146684
2021-01-31,Oswego,19,5463,416,147100
2021-02-01,Oswego,43,5506,520,147620
2021-02-02,Oswego,27,5533,565,148185
2021-02-03,Oswego,28,5561,602,148787
2021-02-04,Oswego,21,5582,1552,150339
2021-02-05,Oswego,33,5615,1604,151943
2021-02-06,Oswego,26,5641,1437,153380
2021-02-07,Oswego,9,5650,2119,155499
2021-02-08,Oswego,15,5665,266,155765
2021-02-09,Oswego,23,5688,546,156311
2021-02-10,Oswego,22,5710,1544,157855
2021-02-11,Oswego,20,5730,661,158516
2021-02-12,Oswego,16,5746,1164,159680
2021-02-13,Oswego,28,5774,1515,161195
2021-02-14,Oswego,12,5786,1417,162612
2021-02-15,Oswego,12,5798,420,163032
2021-02-16,Oswego,19,5817,952,163984
2021-02-17,Oswego,20,5837,605,164589
2021-02-18,Oswego,17,5854,1358,165947
2021-02-19,Oswego,21,5875,1497,167444
2021-02-20,Oswego,19,5894,1803,169247
2021-02-21,Oswego,15,5909,1610,170857
2021-02-22,Oswego,9,5918,393,171250
2021-02-23,Oswego,17,5935,532,171782
2021-02-24,Oswego,21,5956,2054,173836
2021-02-25,Oswego,13,5969,1340,175176
2021-02-26,Oswego,14,5983,1735,176911
2021-02-27,Oswego,13,5996,1889,178800
2021-02-28,Oswego,6,6002,708,179508
2021-03-01,Oswego,6,6008,426,179934
2021-03-02,Oswego,30,6038,1125,181059
2021-03-03,Oswego,22,6060,1392,182451
2021-03-04,Oswego,27,6087,1842,184293
2021-03-05,Oswego,19,6106,1538,185831
2021-03-06,Oswego,13,6119,1750,187581
2021-03-07,Oswego,22,6141,829,188410
2021-03-08,Oswego,20,6161,299,188709
2021-03-09,Oswego,20,6181,1112,189821
2021-03-10,Oswego,19,6200,1436,191257
2021-03-11,Oswego,15,6215,1926,193183
2021-03-12,Oswego,15,6230,1462,194645
2021-03-13,Oswego,12,6242,1682,196327
2021-03-14,Oswego,20,6262,726,197053
2021-03-15,Oswego,9,6271,234,197287
2021-03-16,Oswego,34,6305,1032,198319
2021-03-17,Oswego,23,6328,2037,200356
2021-03-18,Oswego,17,6345,1697,202053
2021-03-19,Oswego,20,6365,1533,203586
2021-03-20,Oswego,39,6404,1584,205170
2021-03-21,Oswego,18,6422,848,206018
2021-03-22,Oswego,19,6441,408,206426
2021-03-23,Oswego,18,6459,993,207419
2021-03-24,Oswego,25,6484,1418,208837
2021-03-25,Oswego,23,6507,1930,210767
2021-03-26,Oswego,23,6530,1778,212545
2021-03-27,Oswego,23,6553,1947,214492
2021-03-28,Oswego,12,6565,892,215384
2021-03-29,Oswego,20,6585,532,215916
2021-03-30,Oswego,23,6608,1417,217333
2021-03-31,Oswego,25,6633,950,218283
2021-04-01,Oswego,15,6648,971,219254
2021-04-02,Oswego,21,6669,1742,220996
2021-04-03,Oswego,18,6687,1670,222666
2021-04-04,Oswego,30,6717,410,223076
2021-04-05,Oswego,11,6728,616,223692
2021-04-06,Oswego,30,6758,1148,224840
2021-04-07,Oswego,15,6773,1438,226278
2021-04-08,Oswego,32,6805,2132,228410
2021-04-09,Oswego,20,6825,1611,230021
2021-04-10,Oswego,18,6843,1153,231174
2021-04-11,Oswego,14,6857,222,231396
2021-04-12,Oswego,19,6876,734,232130
2021-04-13,Oswego,33,6909,1127,233257
2021-04-14,Oswego,30,6939,1828,235085
2021-04-15,Oswego,17,6956,1663,236748
2021-04-16,Oswego,16,6972,911,237659
2021-04-17,Oswego,14,6986,1152,238811
2021-04-18,Oswego,12,6998,565,239376
2021-04-19,Oswego,15,7013,558,239934
2021-04-20,Oswego,21,7034,1214,241148
2021-04-21,Oswego,18,7052,1591,242739
2021-04-22,Oswego,18,7070,1205,243944
2021-04-23,Oswego,20,7090,1545,245489
2021-04-24,Oswego,13,7103,907,246396
2021-04-25,Oswego,8,7111,951,247347
2021-04-26,Oswego,14,7125,677,248024
2021-04-27,Oswego,30,7155,580,248604
2021-04-28,Oswego,26,7181,1128,249732
2021-04-29,Oswego,21,7202,1127,250859
2021-04-30,Oswego,19,7221,1272,252131
2021-05-01,Oswego,16,7237,955,253086
2021-05-02,Oswego,17,7254,525,253611
2021-05-03,Oswego,13,7267,330,253941
2021-05-04,Oswego,16,7283,538,254479
2021-05-05,Oswego,21,7304,1018,255497
2021-05-06,Oswego,19,7323,989,256486
2021-05-07,Oswego,9,7332,1273,257759
2021-05-08,Oswego,27,7359,1145,258904
2021-05-09,Oswego,11,7370,430,259334
2021-05-10,Oswego,11,7381,472,259806
2021-05-11,Oswego,10,7391,408,260214
2021-05-12,Oswego,6,7397,883,261097
2021-05-13,Oswego,18,7415,1313,262410
2021-05-14,Oswego,21,7436,1216,263626
2021-05-15,Oswego,10,7446,663,264289
2021-05-16,Oswego,15,7461,251,264540
2021-05-17,Oswego,6,7467,450,264990
2021-05-18,Oswego,13,7480,594,265584
2021-05-19,Oswego,4,7484,813,266397
2021-05-20,Oswego,16,7500,897,267294
2021-05-21,Oswego,18,7518,980,268274
2021-05-22,Oswego,12,7530,468,268742
2021-05-23,Oswego,5,7535,253,268995
2021-05-24,Oswego,11,7546,357,269352
2021-05-25,Oswego,8,7554,474,269826
2021-05-26,Oswego,7,7561,912,270738
2021-05-27,Oswego,4,7565,497,271235
2021-05-28,Oswego,4,7569,821,272056
2021-05-29,Oswego,6,7575,451,272507
2021-05-30,Oswego,3,7578,285,272792
2021-05-31,Oswego,0,7578,66,272858
2021-06-01,Oswego,2,7580,288,273146
2021-06-02,Oswego,2,7582,903,274049
2021-06-03,Oswego,5,7587,658,274707
2021-06-04,Oswego,7,7594,737,275444
2021-06-05,Oswego,5,7599,367,275811
2021-06-06,Oswego,2,7601,226,276037
2021-06-07,Oswego,2,7603,357,276394
2021-06-08,Oswego,1,7604,546,276940
2021-06-09,Oswego,3,7607,554,277494
2021-06-10,Oswego,8,7615,544,278038
2021-06-11,Oswego,3,7618,673,278711
2021-06-12,Oswego,1,7619,293,279004
2021-06-13,Oswego,3,7622,252,279256
2021-06-14,Oswego,0,7622,215,279471
2021-06-15,Oswego,2,7624,374,279845
2021-06-16,Oswego,0,7624,413,280258
2021-06-17,Oswego,2,7626,309,280567
2021-06-18,Oswego,1,7627,382,280949
2021-06-19,Oswego,0,7627,228,281177
2021-06-20,Oswego,0,7627,144,281321
2021-06-21,Oswego,5,7632,172,281493
2021-06-22,Oswego,1,7633,340,281833
2021-06-23,Oswego,3,7636,328,282161
2021-06-24,Oswego,0,7636,168,282329
2021-06-25,Oswego,1,7637,307,282636
2021-06-26,Oswego,2,7639,288,282924
2021-06-27,Oswego,0,7639,98,283022
2021-06-28,Oswego,0,7639,148,283170
2021-06-29,Oswego,0,7639,224,283394
2021-06-30,Oswego,1,7640,235,283629
2021-07-01,Oswego,0,7640,271,283900
2021-07-02,Oswego,0,7640,257,284157
2021-07-03,Oswego,0,7640,161,284318
2021-07-04,Oswego,1,7641,94,284412
2021-07-05,Oswego,2,7643,87,284499
2021-07-06,Oswego,1,7644,128,284627
2021-07-07,Oswego,0,7644,190,284817
2021-07-08,Oswego,1,7645,299,285116
2021-07-09,Oswego,0,7645,269,285385
2021-07-10,Oswego,0,7645,129,285514
2021-07-11,Oswego,3,7648,125,285639
2021-07-12,Oswego,0,7648,94,285733
2021-07-13,Oswego,3,7651,177,285910
2021-07-14,Oswego,2,7653,249,286159
2021-07-15,Oswego,2,7655,151,286310
2021-07-16,Oswego,1,7656,498,286808
2021-07-17,Oswego,4,7660,223,287031
2021-07-18,Oswego,0,7660,66,287097
2020-03-01,Otsego,0,0,0,0
2020-03-02,Otsego,0,0,0,0
2020-03-03,Otsego,0,0,0,0
2020-03-04,Otsego,0,0,0,0
2020-03-05,Otsego,0,0,0,0
2020-03-06,Otsego,0,0,0,0
2020-03-07,Otsego,0,0,1,1
2020-03-08,Otsego,0,0,1,2
2020-03-09,Otsego,0,0,0,2
2020-03-10,Otsego,0,0,0,2
2020-03-11,Otsego,0,0,0,2
2020-03-12,Otsego,0,0,0,2
2020-03-13,Otsego,0,0,1,3
2020-03-14,Otsego,0,0,2,5
2020-03-15,Otsego,0,0,1,6
2020-03-16,Otsego,0,0,0,6
2020-03-17,Otsego,0,0,1,7
2020-03-18,Otsego,0,0,2,9
2020-03-19,Otsego,0,0,10,19
2020-03-20,Otsego,0,0,20,39
2020-03-21,Otsego,0,0,11,50
2020-03-22,Otsego,1,1,10,60
2020-03-23,Otsego,0,1,11,71
2020-03-24,Otsego,1,2,5,76
2020-03-25,Otsego,1,3,6,82
2020-03-26,Otsego,2,5,12,94
2020-03-27,Otsego,2,7,19,113
2020-03-28,Otsego,3,10,21,134
2020-03-29,Otsego,7,17,16,150
2020-03-30,Otsego,1,18,8,158
2020-03-31,Otsego,1,19,19,177
2020-04-01,Otsego,2,21,17,194
2020-04-02,Otsego,0,21,12,206
2020-04-03,Otsego,5,26,53,259
2020-04-04,Otsego,3,29,25,284
2020-04-05,Otsego,5,34,41,325
2020-04-06,Otsego,0,34,43,368
2020-04-07,Otsego,4,38,31,399
2020-04-08,Otsego,1,39,42,441
2020-04-09,Otsego,2,41,40,481
2020-04-10,Otsego,2,43,34,515
2020-04-11,Otsego,0,43,15,530
2020-04-12,Otsego,0,43,35,565
2020-04-13,Otsego,1,44,90,655
2020-04-14,Otsego,0,44,14,669
2020-04-15,Otsego,0,44,15,684
2020-04-16,Otsego,0,44,9,693
2020-04-17,Otsego,3,47,18,711
2020-04-18,Otsego,1,48,18,729
2020-04-19,Otsego,1,49,10,739
2020-04-20,Otsego,0,49,10,749
2020-04-21,Otsego,0,49,15,764
2020-04-22,Otsego,1,50,22,786
2020-04-23,Otsego,0,50,18,804
2020-04-24,Otsego,10,60,249,1053
2020-04-25,Otsego,0,60,43,1096
2020-04-26,Otsego,2,62,38,1134
2020-04-27,Otsego,3,65,33,1167
2020-04-28,Otsego,1,66,34,1201
2020-04-29,Otsego,1,67,45,1246
2020-04-30,Otsego,0,67,40,1286
2020-05-01,Otsego,0,67,88,1374
2020-05-02,Otsego,0,67,42,1416
2020-05-03,Otsego,0,67,36,1452
2020-05-04,Otsego,0,67,87,1539
2020-05-05,Otsego,0,67,70,1609
2020-05-06,Otsego,0,67,43,1652
2020-05-07,Otsego,0,67,44,1696
2020-05-08,Otsego,0,67,39,1735
2020-05-09,Otsego,0,67,46,1781
2020-05-10,Otsego,0,67,40,1821
2020-05-11,Otsego,0,67,62,1883
2020-05-12,Otsego,0,67,82,1965
2020-05-13,Otsego,0,67,45,2010
2020-05-14,Otsego,0,67,27,2037
2020-05-15,Otsego,0,67,181,2218
2020-05-16,Otsego,0,67,50,2268
2020-05-17,Otsego,0,67,79,2347
2020-05-18,Otsego,0,67,129,2476
2020-05-19,Otsego,0,67,124,2600
2020-05-20,Otsego,0,67,65,2665
2020-05-21,Otsego,0,67,102,2767
2020-05-22,Otsego,1,68,90,2857
2020-05-23,Otsego,1,69,51,2908
2020-05-24,Otsego,0,69,38,2946
2020-05-25,Otsego,0,69,17,2963
2020-05-26,Otsego,0,69,243,3206
2020-05-27,Otsego,1,70,191,3397
2020-05-28,Otsego,1,71,128,3525
2020-05-29,Otsego,0,71,127,3652
2020-05-30,Otsego,1,72,184,3836
2020-05-31,Otsego,0,72,93,3929
2020-06-01,Otsego,1,73,189,4118
2020-06-02,Otsego,0,73,183,4301
2020-06-03,Otsego,0,73,112,4413
2020-06-04,Otsego,0,73,132,4545
2020-06-05,Otsego,1,74,265,4810
2020-06-06,Otsego,0,74,163,4973
2020-06-07,Otsego,1,75,144,5117
2020-06-08,Otsego,0,75,238,5355
2020-06-09,Otsego,2,77,144,5499
2020-06-10,Otsego,1,78,187,5686
2020-06-11,Otsego,0,78,148,5834
2020-06-12,Otsego,2,80,204,6038
2020-06-13,Otsego,0,80,54,6092
2020-06-14,Otsego,0,80,172,6264
2020-06-15,Otsego,1,81,260,6524
2020-06-16,Otsego,1,82,233,6757
2020-06-17,Otsego,0,82,165,6922
2020-06-18,Otsego,0,82,237,7159
2020-06-19,Otsego,0,82,122,7281
2020-06-20,Otsego,0,82,163,7444
2020-06-21,Otsego,1,83,138,7582
2020-06-22,Otsego,0,83,193,7775
2020-06-23,Otsego,0,83,86,7861
2020-06-24,Otsego,0,83,125,7986
2020-06-25,Otsego,0,83,128,8114
2020-06-26,Otsego,1,84,162,8276
2020-06-27,Otsego,0,84,141,8417
2020-06-28,Otsego,0,84,158,8575
2020-06-29,Otsego,0,84,155,8730
2020-06-30,Otsego,0,84,150,8880
2020-07-01,Otsego,0,84,120,9000
2020-07-02,Otsego,0,84,195,9195
2020-07-03,Otsego,2,86,112,9307
2020-07-04,Otsego,0,86,115,9422
2020-07-05,Otsego,0,86,99,9521
2020-07-06,Otsego,0,86,166,9687
2020-07-07,Otsego,0,86,68,9755
2020-07-08,Otsego,0,86,136,9891
2020-07-09,Otsego,2,88,127,10018
2020-07-10,Otsego,0,88,138,10156
2020-07-11,Otsego,1,89,139,10295
2020-07-12,Otsego,0,89,75,10370
2020-07-13,Otsego,1,90,175,10545
2020-07-14,Otsego,1,91,190,10735
2020-07-15,Otsego,1,92,171,10906
2020-07-16,Otsego,2,94,275,11181
2020-07-17,Otsego,0,94,255,11436
2020-07-18,Otsego,4,98,90,11526
2020-07-19,Otsego,0,98,125,11651
2020-07-20,Otsego,2,100,206,11857
2020-07-21,Otsego,1,101,126,11983
2020-07-22,Otsego,1,102,148,12131
2020-07-23,Otsego,0,102,112,12243
2020-07-24,Otsego,1,103,160,12403
2020-07-25,Otsego,0,103,104,12507
2020-07-26,Otsego,0,103,102,12609
2020-07-27,Otsego,2,105,171,12780
2020-07-28,Otsego,2,107,124,12904
2020-07-29,Otsego,0,107,175,13079
2020-07-30,Otsego,5,112,249,13328
2020-07-31,Otsego,0,112,152,13480
2020-08-01,Otsego,0,112,153,13633
2020-08-02,Otsego,2,114,135,13768
2020-08-03,Otsego,1,115,218,13986
2020-08-04,Otsego,0,115,193,14179
2020-08-05,Otsego,0,115,72,14251
2020-08-06,Otsego,1,116,189,14440
2020-08-07,Otsego,0,116,271,14711
2020-08-08,Otsego,0,116,141,14852
2020-08-09,Otsego,0,116,145,14997
2020-08-10,Otsego,2,118,432,15429
2020-08-11,Otsego,0,118,160,15589
2020-08-12,Otsego,0,118,276,15865
2020-08-13,Otsego,0,118,157,16022
2020-08-14,Otsego,0,118,183,16205
2020-08-15,Otsego,0,118,116,16321
2020-08-16,Otsego,0,118,92,16413
2020-08-17,Otsego,2,120,203,16616
2020-08-18,Otsego,2,122,151,16767
2020-08-19,Otsego,1,123,219,16986
2020-08-20,Otsego,1,124,162,17148
2020-08-21,Otsego,0,124,181,17329
2020-08-22,Otsego,0,124,277,17606
2020-08-23,Otsego,0,124,199,17805
2020-08-24,Otsego,0,124,113,17918
2020-08-25,Otsego,0,124,190,18108
2020-08-26,Otsego,0,124,283,18391
2020-08-27,Otsego,1,125,201,18592
2020-08-28,Otsego,9,134,272,18864
2020-08-29,Otsego,9,143,286,19150
2020-08-30,Otsego,1,144,103,19253
2020-08-31,Otsego,35,179,233,19486
2020-09-01,Otsego,10,189,240,19726
2020-09-02,Otsego,20,209,495,20221
2020-09-03,Otsego,26,235,568,20789
2020-09-04,Otsego,14,249,353,21142
2020-09-05,Otsego,19,268,495,21637
2020-09-06,Otsego,17,285,512,22149
2020-09-07,Otsego,3,288,183,22332
2020-09-08,Otsego,3,291,164,22496
2020-09-09,Otsego,0,291,125,22621
2020-09-10,Otsego,5,296,207,22828
2020-09-11,Otsego,16,312,248,23076
2020-09-12,Otsego,2,314,337,23413
2020-09-13,Otsego,0,314,107,23520
2020-09-14,Otsego,2,316,143,23663
2020-09-15,Otsego,2,318,172,23835
2020-09-16,Otsego,4,322,491,24326
2020-09-17,Otsego,2,324,178,24504
2020-09-18,Otsego,1,325,180,24684
2020-09-19,Otsego,7,332,199,24883
2020-09-20,Otsego,0,332,160,25043
2020-09-21,Otsego,0,332,193,25236
2020-09-22,Otsego,1,333,209,25445
2020-09-23,Otsego,2,335,301,25746
2020-09-24,Otsego,0,335,245,25991
2020-09-25,Otsego,3,338,285,26276
2020-09-26,Otsego,0,338,231,26507
2020-09-27,Otsego,2,340,152,26659
2020-09-28,Otsego,0,340,363,27022
2020-09-29,Otsego,1,341,454,27476
2020-09-30,Otsego,1,342,160,27636
2020-10-01,Otsego,2,344,216,27852
2020-10-02,Otsego,0,344,281,28133
2020-10-03,Otsego,2,346,206,28339
2020-10-04,Otsego,1,347,229,28568
2020-10-05,Otsego,6,353,621,29189
2020-10-06,Otsego,0,353,351,29540
2020-10-07,Otsego,1,354,296,29836
2020-10-08,Otsego,3,357,302,30138
2020-10-09,Otsego,2,359,233,30371
2020-10-10,Otsego,1,360,235,30606
2020-10-11,Otsego,0,360,148,30754
2020-10-12,Otsego,2,362,303,31057
2020-10-13,Otsego,0,362,671,31728
2020-10-14,Otsego,0,362,178,31906
2020-10-15,Otsego,0,362,178,32084
2020-10-16,Otsego,2,364,256,32340
2020-10-17,Otsego,0,364,190,32530
2020-10-18,Otsego,3,367,259,32789
2020-10-19,Otsego,1,368,775,33564
2020-10-20,Otsego,1,369,214,33778
2020-10-21,Otsego,5,374,185,33963
2020-10-22,Otsego,4,378,185,34148
2020-10-23,Otsego,6,384,228,34376
2020-10-24,Otsego,6,390,451,34827
2020-10-25,Otsego,3,393,268,35095
2020-10-26,Otsego,5,398,694,35789
2020-10-27,Otsego,2,400,470,36259
2020-10-28,Otsego,4,404,192,36451
2020-10-29,Otsego,6,410,250,36701
2020-10-30,Otsego,5,415,347,37048
2020-10-31,Otsego,6,421,216,37264
2020-11-01,Otsego,1,422,290,37554
2020-11-02,Otsego,0,422,214,37768
2020-11-03,Otsego,11,433,741,38509
2020-11-04,Otsego,4,437,594,39103
2020-11-05,Otsego,3,440,246,39349
2020-11-06,Otsego,2,442,328,39677
2020-11-07,Otsego,2,444,256,39933
2020-11-08,Otsego,5,449,188,40121
2020-11-09,Otsego,7,456,805,40926
2020-11-10,Otsego,0,456,943,41869
2020-11-11,Otsego,2,458,291,42160
2020-11-12,Otsego,1,459,116,42276
2020-11-13,Otsego,1,460,158,42434
2020-11-14,Otsego,3,463,193,42627
2020-11-15,Otsego,3,466,294,42921
2020-11-16,Otsego,4,470,635,43556
2020-11-17,Otsego,10,480,823,44379
2020-11-18,Otsego,12,492,1174,45553
2020-11-19,Otsego,5,497,112,45665
2020-11-20,Otsego,8,505,415,46080
2020-11-21,Otsego,3,508,620,46700
2020-11-22,Otsego,21,529,686,47386
2020-11-23,Otsego,23,552,371,47757
2020-11-24,Otsego,21,573,373,48130
2020-11-25,Otsego,14,587,328,48458
2020-11-26,Otsego,9,596,246,48704
2020-11-27,Otsego,15,611,319,49023
2020-11-28,Otsego,7,618,257,49280
2020-11-29,Otsego,14,632,332,49612
2020-11-30,Otsego,17,649,349,49961
2020-12-01,Otsego,11,660,597,50558
2020-12-02,Otsego,14,674,430,50988
2020-12-03,Otsego,14,688,171,51159
2020-12-04,Otsego,28,716,464,51623
2020-12-05,Otsego,13,729,297,51920
2020-12-06,Otsego,18,747,367,52287
2020-12-07,Otsego,14,761,131,52418
2020-12-08,Otsego,43,804,800,53218
2020-12-09,Otsego,17,821,385,53603
2020-12-10,Otsego,19,840,540,54143
2020-12-11,Otsego,18,858,382,54525
2020-12-12,Otsego,24,882,449,54974
2020-12-13,Otsego,22,904,389,55363
2020-12-14,Otsego,11,915,128,55491
2020-12-15,Otsego,26,941,404,55895
2020-12-16,Otsego,17,958,496,56391
2020-12-17,Otsego,11,969,258,56649
2020-12-18,Otsego,21,990,270,56919
2020-12-19,Otsego,15,1005,430,57349
2020-12-20,Otsego,11,1016,192,57541
2020-12-21,Otsego,20,1036,151,57692
2020-12-22,Otsego,24,1060,418,58110
2020-12-23,Otsego,14,1074,483,58593
2020-12-24,Otsego,19,1093,435,59028
2020-12-25,Otsego,23,1116,278,59306
2020-12-26,Otsego,9,1125,214,59520
2020-12-27,Otsego,6,1131,190,59710
2020-12-28,Otsego,27,1158,397,60107
2020-12-29,Otsego,23,1181,529,60636
2020-12-30,Otsego,24,1205,229,60865
2020-12-31,Otsego,24,1229,499,61364
2021-01-01,Otsego,22,1251,286,61650
2021-01-02,Otsego,15,1266,269,61919
2021-01-03,Otsego,17,1283,189,62108
2021-01-04,Otsego,11,1294,151,62259
2021-01-05,Otsego,13,1307,670,62929
2021-01-06,Otsego,28,1335,644,63573
2021-01-07,Otsego,25,1360,341,63914
2021-01-08,Otsego,30,1390,418,64332
2021-01-09,Otsego,20,1410,372,64704
2021-01-10,Otsego,19,1429,193,64897
2021-01-11,Otsego,54,1483,459,65356
2021-01-12,Otsego,15,1498,786,66142
2021-01-13,Otsego,24,1522,276,66418
2021-01-14,Otsego,37,1559,538,66956
2021-01-15,Otsego,41,1600,530,67486
2021-01-16,Otsego,23,1623,388,67874
2021-01-17,Otsego,23,1646,536,68410
2021-01-18,Otsego,25,1671,528,68938
2021-01-19,Otsego,67,1738,1028,69966
2021-01-20,Otsego,41,1779,627,70593
2021-01-21,Otsego,24,1803,637,71230
2021-01-22,Otsego,40,1843,598,71828
2021-01-23,Otsego,28,1871,718,72546
2021-01-24,Otsego,20,1891,318,72864
2021-01-25,Otsego,10,1901,189,73053
2021-01-26,Otsego,18,1919,1147,74200
2021-01-27,Otsego,21,1940,446,74646
2021-01-28,Otsego,25,1965,619,75265
2021-01-29,Otsego,21,1986,927,76192
2021-01-30,Otsego,13,1999,347,76539
2021-01-31,Otsego,12,2011,383,76922
2021-02-01,Otsego,9,2020,201,77123
2021-02-02,Otsego,11,2031,248,77371
2021-02-03,Otsego,17,2048,525,77896
2021-02-04,Otsego,22,2070,1330,79226
2021-02-05,Otsego,9,2079,308,79534
2021-02-06,Otsego,13,2092,723,80257
2021-02-07,Otsego,6,2098,237,80494
2021-02-08,Otsego,5,2103,91,80585
2021-02-09,Otsego,15,2118,1873,82458
2021-02-10,Otsego,14,2132,2670,85128
2021-02-11,Otsego,12,2144,457,85585
2021-02-12,Otsego,14,2158,624,86209
2021-02-13,Otsego,16,2174,712,86921
2021-02-14,Otsego,10,2184,485,87406
2021-02-15,Otsego,12,2196,187,87593
2021-02-16,Otsego,8,2204,1613,89206
2021-02-17,Otsego,12,2216,410,89616
2021-02-18,Otsego,13,2229,1177,90793
2021-02-19,Otsego,9,2238,1073,91866
2021-02-20,Otsego,9,2247,355,92221
2021-02-21,Otsego,5,2252,242,92463
2021-02-22,Otsego,7,2259,157,92620
2021-02-23,Otsego,8,2267,1639,94259
2021-02-24,Otsego,40,2307,1338,95597
2021-02-25,Otsego,4,2311,336,95933
2021-02-26,Otsego,20,2331,1049,96982
2021-02-27,Otsego,19,2350,408,97390
2021-02-28,Otsego,5,2355,340,97730
2021-03-01,Otsego,5,2360,214,97944
2021-03-02,Otsego,13,2373,1713,99657
2021-03-03,Otsego,29,2402,2609,102266
2021-03-04,Otsego,29,2431,857,103123
2021-03-05,Otsego,39,2470,2186,105309
2021-03-06,Otsego,16,2486,434,105743
2021-03-07,Otsego,13,2499,589,106332
2021-03-08,Otsego,23,2522,338,106670
2021-03-09,Otsego,22,2544,1795,108465
2021-03-10,Otsego,4,2548,2794,111259
2021-03-11,Otsego,26,2574,535,111794
2021-03-12,Otsego,17,2591,738,112532
2021-03-13,Otsego,14,2605,674,113206
2021-03-14,Otsego,11,2616,249,113455
2021-03-15,Otsego,12,2628,270,113725
2021-03-16,Otsego,22,2650,1686,115411
2021-03-17,Otsego,20,2670,1063,116474
2021-03-18,Otsego,23,2693,1175,117649
2021-03-19,Otsego,25,2718,314,117963
2021-03-20,Otsego,18,2736,710,118673
2021-03-21,Otsego,8,2744,208,118881
2021-03-22,Otsego,18,2762,310,119191
2021-03-23,Otsego,13,2775,1594,120785
2021-03-24,Otsego,12,2787,2323,123108
2021-03-25,Otsego,28,2815,1569,124677
2021-03-26,Otsego,30,2845,1085,125762
2021-03-27,Otsego,15,2860,403,126165
2021-03-28,Otsego,13,2873,285,126450
2021-03-29,Otsego,17,2890,359,126809
2021-03-30,Otsego,21,2911,1635,128444
2021-03-31,Otsego,26,2937,963,129407
2021-04-01,Otsego,11,2948,537,129944
2021-04-02,Otsego,15,2963,1356,131300
2021-04-03,Otsego,15,2978,446,131746
2021-04-04,Otsego,17,2995,285,132031
2021-04-05,Otsego,12,3007,168,132199
2021-04-06,Otsego,23,3030,1525,133724
2021-04-07,Otsego,12,3042,1377,135101
2021-04-08,Otsego,25,3067,1343,136444
2021-04-09,Otsego,17,3084,968,137412
2021-04-10,Otsego,10,3094,348,137760
2021-04-11,Otsego,8,3102,302,138062
2021-04-12,Otsego,16,3118,233,138295
2021-04-13,Otsego,18,3136,1760,140055
2021-04-14,Otsego,20,3156,1518,141573
2021-04-15,Otsego,5,3161,864,142437
2021-04-16,Otsego,20,3181,745,143182
2021-04-17,Otsego,15,3196,1062,144244
2021-04-18,Otsego,4,3200,207,144451
2021-04-19,Otsego,7,3207,236,144687
2021-04-20,Otsego,14,3221,1804,146491
2021-04-21,Otsego,16,3237,1690,148181
2021-04-22,Otsego,9,3246,883,149064
2021-04-23,Otsego,11,3257,1098,150162
2021-04-24,Otsego,8,3265,452,150614
2021-04-25,Otsego,7,3272,321,150935
2021-04-26,Otsego,7,3279,257,151192
2021-04-27,Otsego,7,3286,344,151536
2021-04-28,Otsego,10,3296,693,152229
2021-04-29,Otsego,10,3306,1110,153339
2021-04-30,Otsego,6,3312,623,153962
2021-05-01,Otsego,8,3320,763,154725
2021-05-02,Otsego,9,3329,255,154980
2021-05-03,Otsego,5,3334,175,155155
2021-05-04,Otsego,6,3340,352,155507
2021-05-05,Otsego,7,3347,582,156089
2021-05-06,Otsego,6,3353,1173,157262
2021-05-07,Otsego,6,3359,973,158235
2021-05-08,Otsego,4,3363,376,158611
2021-05-09,Otsego,7,3370,177,158788
2021-05-10,Otsego,6,3376,211,158999
2021-05-11,Otsego,11,3387,328,159327
2021-05-12,Otsego,3,3390,1008,160335
2021-05-13,Otsego,5,3395,748,161083
2021-05-14,Otsego,5,3400,625,161708
2021-05-15,Otsego,2,3402,272,161980
2021-05-16,Otsego,1,3403,127,162107
2021-05-17,Otsego,1,3404,236,162343
2021-05-18,Otsego,3,3407,341,162684
2021-05-19,Otsego,3,3410,940,163624
2021-05-20,Otsego,4,3414,646,164270
2021-05-21,Otsego,5,3419,607,164877
2021-05-22,Otsego,3,3422,240,165117
2021-05-23,Otsego,8,3430,132,165249
2021-05-24,Otsego,3,3433,212,165461
2021-05-25,Otsego,4,3437,284,165745
2021-05-26,Otsego,1,3438,548,166293
2021-05-27,Otsego,1,3439,698,166991
2021-05-28,Otsego,2,3441,227,167218
2021-05-29,Otsego,4,3445,480,167698
2021-05-30,Otsego,2,3447,125,167823
2021-05-31,Otsego,1,3448,104,167927
2021-06-01,Otsego,0,3448,187,168114
2021-06-02,Otsego,1,3449,176,168290
2021-06-03,Otsego,1,3450,650,168940
2021-06-04,Otsego,2,3452,307,169247
2021-06-05,Otsego,3,3455,216,169463
2021-06-06,Otsego,2,3457,107,169570
2021-06-07,Otsego,1,3458,317,169887
2021-06-08,Otsego,0,3458,279,170166
2021-06-09,Otsego,0,3458,554,170720
2021-06-10,Otsego,2,3460,222,170942
2021-06-11,Otsego,0,3460,305,171247
2021-06-12,Otsego,0,3460,165,171412
2021-06-13,Otsego,1,3461,85,171497
2021-06-14,Otsego,1,3462,116,171613
2021-06-15,Otsego,0,3462,221,171834
2021-06-16,Otsego,1,3463,605,172439
2021-06-17,Otsego,0,3463,204,172643
2021-06-18,Otsego,0,3463,185,172828
2021-06-19,Otsego,1,3464,85,172913
2021-06-20,Otsego,0,3464,63,172976
2021-06-21,Otsego,0,3464,96,173072
2021-06-22,Otsego,1,3465,171,173243
2021-06-23,Otsego,0,3465,321,173564
2021-06-24,Otsego,0,3465,106,173670
2021-06-25,Otsego,1,3466,134,173804
2021-06-26,Otsego,1,3467,134,173938
2021-06-27,Otsego,0,3467,61,173999
2021-06-28,Otsego,0,3467,78,174077
2021-06-29,Otsego,1,3468,152,174229
2021-06-30,Otsego,1,3469,186,174415
2021-07-01,Otsego,0,3469,111,174526
2021-07-02,Otsego,1,3470,181,174707
2021-07-03,Otsego,1,3471,165,174872
2021-07-04,Otsego,0,3471,70,174942
2021-07-05,Otsego,0,3471,41,174983
2021-07-06,Otsego,2,3473,71,175054
2021-07-07,Otsego,0,3473,112,175166
2021-07-08,Otsego,1,3474,289,175455
2021-07-09,Otsego,0,3474,190,175645
2021-07-10,Otsego,0,3474,91,175736
2021-07-11,Otsego,0,3474,99,175835
2021-07-12,Otsego,0,3474,109,175944
2021-07-13,Otsego,0,3474,173,176117
2021-07-14,Otsego,1,3475,232,176349
2021-07-15,Otsego,0,3475,173,176522
2021-07-16,Otsego,0,3475,103,176625
2021-07-17,Otsego,0,3475,109,176734
2021-07-18,Otsego,0,3475,25,176759
2020-03-01,Putnam,0,0,0,0
2020-03-02,Putnam,0,0,0,0
2020-03-03,Putnam,0,0,0,0
2020-03-04,Putnam,0,0,0,0
2020-03-05,Putnam,0,0,1,1
2020-03-06,Putnam,0,0,0,1
2020-03-07,Putnam,0,0,1,2
2020-03-08,Putnam,0,0,0,2
2020-03-09,Putnam,0,0,1,3
2020-03-10,Putnam,0,0,0,3
2020-03-11,Putnam,0,0,7,10
2020-03-12,Putnam,0,0,1,11
2020-03-13,Putnam,0,0,14,25
2020-03-14,Putnam,0,0,3,28
2020-03-15,Putnam,2,2,10,38
2020-03-16,Putnam,0,2,5,43
2020-03-17,Putnam,0,2,7,50
2020-03-18,Putnam,3,5,32,82
2020-03-19,Putnam,2,7,35,117
2020-03-20,Putnam,15,22,79,196
2020-03-21,Putnam,15,37,75,271
2020-03-22,Putnam,8,45,47,318
2020-03-23,Putnam,22,67,70,388
2020-03-24,Putnam,16,83,51,439
2020-03-25,Putnam,11,94,75,514
2020-03-26,Putnam,17,111,47,561
2020-03-27,Putnam,20,131,84,645
2020-03-28,Putnam,13,144,41,686
2020-03-29,Putnam,23,167,63,749
2020-03-30,Putnam,19,186,71,820
2020-03-31,Putnam,21,207,57,877
2020-04-01,Putnam,9,216,46,923
2020-04-02,Putnam,36,252,90,1013
2020-04-03,Putnam,31,283,96,1109
2020-04-04,Putnam,31,314,78,1187
2020-04-05,Putnam,31,345,122,1309
2020-04-06,Putnam,21,366,72,1381
2020-04-07,Putnam,37,403,115,1496
2020-04-08,Putnam,35,438,158,1654
2020-04-09,Putnam,49,487,169,1823
2020-04-10,Putnam,7,494,18,1841
2020-04-11,Putnam,3,497,12,1853
2020-04-12,Putnam,5,502,8,1861
2020-04-13,Putnam,56,558,217,2078
2020-04-14,Putnam,13,571,43,2121
2020-04-15,Putnam,2,573,6,2127
2020-04-16,Putnam,5,578,11,2138
2020-04-17,Putnam,4,582,13,2151
2020-04-18,Putnam,10,592,37,2188
2020-04-19,Putnam,7,599,21,2209
2020-04-20,Putnam,6,605,30,2239
2020-04-21,Putnam,6,611,31,2270
2020-04-22,Putnam,4,615,19,2289
2020-04-23,Putnam,4,619,25,2314
2020-04-24,Putnam,266,885,1134,3448
2020-04-25,Putnam,19,904,112,3560
2020-04-26,Putnam,21,925,127,3687
2020-04-27,Putnam,7,932,82,3769
2020-04-28,Putnam,14,946,150,3919
2020-04-29,Putnam,24,970,251,4170
2020-04-30,Putnam,20,990,144,4314
2020-05-01,Putnam,13,1003,115,4429
2020-05-02,Putnam,10,1013,90,4519
2020-05-03,Putnam,13,1026,114,4633
2020-05-04,Putnam,5,1031,87,4720
2020-05-05,Putnam,9,1040,96,4816
2020-05-06,Putnam,26,1066,317,5133
2020-05-07,Putnam,8,1074,121,5254
2020-05-08,Putnam,6,1080,161,5415
2020-05-09,Putnam,9,1089,155,5570
2020-05-10,Putnam,9,1098,122,5692
2020-05-11,Putnam,0,1098,42,5734
2020-05-12,Putnam,10,1108,138,5872
2020-05-13,Putnam,7,1115,151,6023
2020-05-14,Putnam,6,1121,149,6172
2020-05-15,Putnam,6,1127,153,6325
2020-05-16,Putnam,9,1136,131,6456
2020-05-17,Putnam,5,1141,116,6572
2020-05-18,Putnam,18,1159,125,6697
2020-05-19,Putnam,9,1168,155,6852
2020-05-20,Putnam,7,1175,165,7017
2020-05-21,Putnam,12,1187,156,7173
2020-05-22,Putnam,13,1200,236,7409
2020-05-23,Putnam,8,1208,161,7570
2020-05-24,Putnam,6,1214,185,7755
2020-05-25,Putnam,8,1222,184,7939
2020-05-26,Putnam,5,1227,125,8064
2020-05-27,Putnam,9,1236,425,8489
2020-05-28,Putnam,5,1241,194,8683
2020-05-29,Putnam,7,1248,312,8995
2020-05-30,Putnam,4,1252,264,9259
2020-05-31,Putnam,5,1257,247,9506
2020-06-01,Putnam,5,1262,248,9754
2020-06-02,Putnam,2,1264,286,10040
2020-06-03,Putnam,4,1268,311,10351
2020-06-04,Putnam,2,1270,313,10664
2020-06-05,Putnam,4,1274,306,10970
2020-06-06,Putnam,3,1277,203,11173
2020-06-07,Putnam,2,1279,252,11425
2020-06-08,Putnam,1,1280,228,11653
2020-06-09,Putnam,2,1282,296,11949
2020-06-10,Putnam,0,1282,319,12268
2020-06-11,Putnam,0,1282,253,12521
2020-06-12,Putnam,3,1285,329,12850
2020-06-13,Putnam,3,1288,209,13059
2020-06-14,Putnam,3,1291,214,13273
2020-06-15,Putnam,1,1292,193,13466
2020-06-16,Putnam,2,1294,324,13790
2020-06-17,Putnam,1,1295,185,13975
2020-06-18,Putnam,4,1299,432,14407
2020-06-19,Putnam,2,1301,248,14655
2020-06-20,Putnam,0,1301,241,14896
2020-06-21,Putnam,4,1305,253,15149
2020-06-22,Putnam,0,1305,194,15343
2020-06-23,Putnam,1,1306,226,15569
2020-06-24,Putnam,5,1311,343,15912
2020-06-25,Putnam,6,1317,216,16128
2020-06-26,Putnam,2,1319,376,16504
2020-06-27,Putnam,4,1323,199,16703
2020-06-28,Putnam,2,1325,213,16916
2020-06-29,Putnam,1,1326,174,17090
2020-06-30,Putnam,3,1329,271,17361
2020-07-01,Putnam,3,1332,373,17734
2020-07-02,Putnam,1,1333,308,18042
2020-07-03,Putnam,2,1335,219,18261
2020-07-04,Putnam,1,1336,231,18492
2020-07-05,Putnam,1,1337,217,18709
2020-07-06,Putnam,3,1340,214,18923
2020-07-07,Putnam,4,1344,256,19179
2020-07-08,Putnam,4,1348,422,19601
2020-07-09,Putnam,7,1355,357,19958
2020-07-10,Putnam,6,1361,438,20396
2020-07-11,Putnam,0,1361,323,20719
2020-07-12,Putnam,4,1365,293,21012
2020-07-13,Putnam,11,1376,291,21303
2020-07-14,Putnam,6,1382,236,21539
2020-07-15,Putnam,3,1385,398,21937
2020-07-16,Putnam,1,1386,539,22476
2020-07-17,Putnam,4,1390,424,22900
2020-07-18,Putnam,1,1391,286,23186
2020-07-19,Putnam,1,1392,218,23404
2020-07-20,Putnam,1,1393,279,23683
2020-07-21,Putnam,1,1394,296,23979
2020-07-22,Putnam,3,1397,320,24299
2020-07-23,Putnam,2,1399,385,24684
2020-07-24,Putnam,4,1403,299,24983
2020-07-25,Putnam,1,1404,230,25213
2020-07-26,Putnam,4,1408,256,25469
2020-07-27,Putnam,4,1412,282,25751
2020-07-28,Putnam,4,1416,295,26046
2020-07-29,Putnam,2,1418,422,26468
2020-07-30,Putnam,3,1421,286,26754
2020-07-31,Putnam,4,1425,309,27063
2020-08-01,Putnam,3,1428,213,27276
2020-08-02,Putnam,5,1433,222,27498
2020-08-03,Putnam,4,1437,245,27743
2020-08-04,Putnam,2,1439,292,28035
2020-08-05,Putnam,5,1444,337,28372
2020-08-06,Putnam,2,1446,288,28660
2020-08-07,Putnam,1,1447,320,28980
2020-08-08,Putnam,2,1449,276,29256
2020-08-09,Putnam,0,1449,256,29512
2020-08-10,Putnam,0,1449,310,29822
2020-08-11,Putnam,1,1450,267,30089
2020-08-12,Putnam,5,1455,360,30449
2020-08-13,Putnam,2,1457,365,30814
2020-08-14,Putnam,2,1459,498,31312
2020-08-15,Putnam,2,1461,454,31766
2020-08-16,Putnam,2,1463,266,32032
2020-08-17,Putnam,0,1463,318,32350
2020-08-18,Putnam,3,1466,346,32696
2020-08-19,Putnam,2,1468,354,33050
2020-08-20,Putnam,2,1470,411,33461
2020-08-21,Putnam,3,1473,401,33862
2020-08-22,Putnam,0,1473,361,34223
2020-08-23,Putnam,2,1475,294,34517
2020-08-24,Putnam,5,1480,233,34750
2020-08-25,Putnam,2,1482,336,35086
2020-08-26,Putnam,5,1487,403,35489
2020-08-27,Putnam,5,1492,381,35870
2020-08-28,Putnam,2,1494,426,36296
2020-08-29,Putnam,6,1500,396,36692
2020-08-30,Putnam,1,1501,230,36922
2020-08-31,Putnam,4,1505,376,37298
2020-09-01,Putnam,5,1510,420,37718
2020-09-02,Putnam,8,1518,400,38118
2020-09-03,Putnam,5,1523,337,38455
2020-09-04,Putnam,5,1528,360,38815
2020-09-05,Putnam,3,1531,314,39129
2020-09-06,Putnam,3,1534,240,39369
2020-09-07,Putnam,5,1539,143,39512
2020-09-08,Putnam,2,1541,346,39858
2020-09-09,Putnam,0,1541,312,40170
2020-09-10,Putnam,9,1550,377,40547
2020-09-11,Putnam,4,1554,370,40917
2020-09-12,Putnam,3,1557,348,41265
2020-09-13,Putnam,4,1561,205,41470
2020-09-14,Putnam,3,1564,334,41804
2020-09-15,Putnam,1,1565,270,42074
2020-09-16,Putnam,2,1567,364,42438
2020-09-17,Putnam,2,1569,347,42785
2020-09-18,Putnam,4,1573,391,43176
2020-09-19,Putnam,1,1574,431,43607
2020-09-20,Putnam,3,1577,343,43950
2020-09-21,Putnam,6,1583,357,44307
2020-09-22,Putnam,4,1587,294,44601
2020-09-23,Putnam,2,1589,346,44947
2020-09-24,Putnam,5,1594,401,45348
2020-09-25,Putnam,3,1597,396,45744
2020-09-26,Putnam,2,1599,323,46067
2020-09-27,Putnam,5,1604,223,46290
2020-09-28,Putnam,8,1612,397,46687
2020-09-29,Putnam,5,1617,292,46979
2020-09-30,Putnam,12,1629,422,47401
2020-10-01,Putnam,8,1637,487,47888
2020-10-02,Putnam,9,1646,530,48418
2020-10-03,Putnam,4,1650,414,48832
2020-10-04,Putnam,2,1652,396,49228
2020-10-05,Putnam,4,1656,433,49661
2020-10-06,Putnam,5,1661,395,50056
2020-10-07,Putnam,8,1669,699,50755
2020-10-08,Putnam,4,1673,574,51329
2020-10-09,Putnam,2,1675,477,51806
2020-10-10,Putnam,8,1683,528,52334
2020-10-11,Putnam,6,1689,482,52816
2020-10-12,Putnam,9,1698,468,53284
2020-10-13,Putnam,7,1705,479,53763
2020-10-14,Putnam,5,1710,481,54244
2020-10-15,Putnam,6,1716,587,54831
2020-10-16,Putnam,15,1731,531,55362
2020-10-17,Putnam,5,1736,501,55863
2020-10-18,Putnam,3,1739,509,56372
2020-10-19,Putnam,13,1752,490,56862
2020-10-20,Putnam,3,1755,411,57273
2020-10-21,Putnam,13,1768,594,57867
2020-10-22,Putnam,12,1780,623,58490
2020-10-23,Putnam,8,1788,590,59080
2020-10-24,Putnam,6,1794,437,59517
2020-10-25,Putnam,6,1800,398,59915
2020-10-26,Putnam,5,1805,454,60369
2020-10-27,Putnam,7,1812,522,60891
2020-10-28,Putnam,13,1825,755,61646
2020-10-29,Putnam,8,1833,460,62106
2020-10-30,Putnam,12,1845,585,62691
2020-10-31,Putnam,16,1861,461,63152
2020-11-01,Putnam,8,1869,508,63660
2020-11-02,Putnam,5,1874,454,64114
2020-11-03,Putnam,9,1883,528,64642
2020-11-04,Putnam,13,1896,652,65294
2020-11-05,Putnam,25,1921,562,65856
2020-11-06,Putnam,16,1937,535,66391
2020-11-07,Putnam,11,1948,549,66940
2020-11-08,Putnam,30,1978,665,67605
2020-11-09,Putnam,26,2004,507,68112
2020-11-10,Putnam,26,2030,481,68593
2020-11-11,Putnam,29,2059,701,69294
2020-11-12,Putnam,32,2091,589,69883
2020-11-13,Putnam,43,2134,669,70552
2020-11-14,Putnam,19,2153,634,71186
2020-11-15,Putnam,33,2186,524,71710
2020-11-16,Putnam,57,2243,913,72623
2020-11-17,Putnam,26,2269,472,73095
2020-11-18,Putnam,37,2306,801,73896
2020-11-19,Putnam,2,2308,108,74004
2020-11-20,Putnam,48,2356,939,74943
2020-11-21,Putnam,6,2362,141,75084
2020-11-22,Putnam,110,2472,1647,76731
2020-11-23,Putnam,57,2529,905,77636
2020-11-24,Putnam,34,2563,550,78186
2020-11-25,Putnam,52,2615,932,79118
2020-11-26,Putnam,67,2682,946,80064
2020-11-27,Putnam,49,2731,761,80825
2020-11-28,Putnam,58,2789,802,81627
2020-11-29,Putnam,55,2844,819,82446
2020-11-30,Putnam,40,2884,836,83282
2020-12-01,Putnam,89,2973,1036,84318
2020-12-02,Putnam,65,3038,962,85280
2020-12-03,Putnam,69,3107,993,86273
2020-12-04,Putnam,126,3233,1007,87280
2020-12-05,Putnam,98,3331,1028,88308
2020-12-06,Putnam,37,3368,681,88989
2020-12-07,Putnam,60,3428,874,89863
2020-12-08,Putnam,61,3489,722,90585
2020-12-09,Putnam,71,3560,784,91369
2020-12-10,Putnam,48,3608,912,92281
2020-12-11,Putnam,69,3677,1061,93342
2020-12-12,Putnam,66,3743,927,94269
2020-12-13,Putnam,52,3795,786,95055
2020-12-14,Putnam,74,3869,873,95928
2020-12-15,Putnam,50,3919,817,96745
2020-12-16,Putnam,56,3975,862,97607
2020-12-17,Putnam,60,4035,1076,98683
2020-12-18,Putnam,42,4077,670,99353
2020-12-19,Putnam,50,4127,689,100042
2020-12-20,Putnam,41,4168,755,100797
2020-12-21,Putnam,63,4231,701,101498
2020-12-22,Putnam,58,4289,880,102378
2020-12-23,Putnam,49,4338,1059,103437
2020-12-24,Putnam,75,4413,931,104368
2020-12-25,Putnam,65,4478,941,105309
2020-12-26,Putnam,38,4516,737,106046
2020-12-27,Putnam,61,4577,662,106708
2020-12-28,Putnam,67,4644,679,107387
2020-12-29,Putnam,106,4750,986,108373
2020-12-30,Putnam,81,4831,969,109342
2020-12-31,Putnam,106,4937,999,110341
2021-01-01,Putnam,88,5025,1038,111379
2021-01-02,Putnam,59,5084,708,112087
2021-01-03,Putnam,78,5162,824,112911
2021-01-04,Putnam,73,5235,702,113613
2021-01-05,Putnam,85,5320,747,114360
2021-01-06,Putnam,116,5436,1146,115506
2021-01-07,Putnam,115,5551,1097,116603
2021-01-08,Putnam,94,5645,1019,117622
2021-01-09,Putnam,105,5750,1138,118760
2021-01-10,Putnam,94,5844,1183,119943
2021-01-11,Putnam,86,5930,991,120934
2021-01-12,Putnam,84,6014,954,121888
2021-01-13,Putnam,53,6067,714,122602
2021-01-14,Putnam,136,6203,1650,124252
2021-01-15,Putnam,91,6294,1231,125483
2021-01-16,Putnam,92,6386,1095,126578
2021-01-17,Putnam,61,6447,946,127524
2021-01-18,Putnam,74,6521,964,128488
2021-01-19,Putnam,55,6576,710,129198
2021-01-20,Putnam,94,6670,1246,130444
2021-01-21,Putnam,78,6748,1228,131672
2021-01-22,Putnam,76,6824,1121,132793
2021-01-23,Putnam,103,6927,1643,134436
2021-01-24,Putnam,77,7004,1172,135608
2021-01-25,Putnam,67,7071,776,136384
2021-01-26,Putnam,41,7112,781,137165
2021-01-27,Putnam,59,7171,1102,138267
2021-01-28,Putnam,68,7239,1236,139503
2021-01-29,Putnam,54,7293,1118,140621
2021-01-30,Putnam,45,7338,1065,141686
2021-01-31,Putnam,46,7384,880,142566
2021-02-01,Putnam,39,7423,610,143176
2021-02-02,Putnam,9,7432,294,143470
2021-02-03,Putnam,24,7456,350,143820
2021-02-04,Putnam,44,7500,969,144789
2021-02-05,Putnam,58,7558,1145,145934
2021-02-06,Putnam,34,7592,957,146891
2021-02-07,Putnam,33,7625,805,147696
2021-02-08,Putnam,31,7656,527,148223
2021-02-09,Putnam,43,7699,629,148852
2021-02-10,Putnam,47,7746,1107,149959
2021-02-11,Putnam,56,7802,1100,151059
2021-02-12,Putnam,42,7844,831,151890
2021-02-13,Putnam,34,7878,865,152755
2021-02-14,Putnam,33,7911,722,153477
2021-02-15,Putnam,32,7943,596,154073
2021-02-16,Putnam,43,7986,642,154715
2021-02-17,Putnam,38,8024,748,155463
2021-02-18,Putnam,35,8059,1064,156527
2021-02-19,Putnam,26,8085,2540,159067
2021-02-20,Putnam,31,8116,723,159790
2021-02-21,Putnam,19,8135,868,160658
2021-02-22,Putnam,19,8154,535,161193
2021-02-23,Putnam,50,8204,722,161915
2021-02-24,Putnam,40,8244,962,162877
2021-02-25,Putnam,27,8271,1071,163948
2021-02-26,Putnam,36,8307,964,164912
2021-02-27,Putnam,33,8340,888,165800
2021-02-28,Putnam,29,8369,768,166568
2021-03-01,Putnam,20,8389,480,167048
2021-03-02,Putnam,29,8418,649,167697
2021-03-03,Putnam,42,8460,867,168564
2021-03-04,Putnam,43,8503,1160,169724
2021-03-05,Putnam,36,8539,935,170659
2021-03-06,Putnam,26,8565,798,171457
2021-03-07,Putnam,27,8592,713,172170
2021-03-08,Putnam,23,8615,604,172774
2021-03-09,Putnam,46,8661,667,173441
2021-03-10,Putnam,30,8691,752,174193
2021-03-11,Putnam,33,8724,1186,175379
2021-03-12,Putnam,44,8768,761,176140
2021-03-13,Putnam,27,8795,615,176755
2021-03-14,Putnam,41,8836,644,177399
2021-03-15,Putnam,24,8860,599,177998
2021-03-16,Putnam,31,8891,760,178758
2021-03-17,Putnam,37,8928,891,179649
2021-03-18,Putnam,66,8994,1099,180748
2021-03-19,Putnam,39,9033,834,181582
2021-03-20,Putnam,46,9079,797,182379
2021-03-21,Putnam,27,9106,665,183044
2021-03-22,Putnam,40,9146,577,183621
2021-03-23,Putnam,40,9186,778,184399
2021-03-24,Putnam,32,9218,855,185254
2021-03-25,Putnam,60,9278,1056,186310
2021-03-26,Putnam,52,9330,1044,187354
2021-03-27,Putnam,61,9391,1063,188417
2021-03-28,Putnam,47,9438,828,189245
2021-03-29,Putnam,30,9468,606,189851
2021-03-30,Putnam,59,9527,840,190691
2021-03-31,Putnam,36,9563,916,191607
2021-04-01,Putnam,64,9627,1064,192671
2021-04-02,Putnam,52,9679,1025,193696
2021-04-03,Putnam,50,9729,1037,194733
2021-04-04,Putnam,28,9757,840,195573
2021-04-05,Putnam,29,9786,490,196063
2021-04-06,Putnam,49,9835,914,196977
2021-04-07,Putnam,55,9890,1001,197978
2021-04-08,Putnam,48,9938,1364,199342
2021-04-09,Putnam,31,9969,934,200276
2021-04-10,Putnam,36,10005,931,201207
2021-04-11,Putnam,18,10023,723,201930
2021-04-12,Putnam,29,10052,452,202382
2021-04-13,Putnam,27,10079,694,203076
2021-04-14,Putnam,34,10113,910,203986
2021-04-15,Putnam,21,10134,773,204759
2021-04-16,Putnam,52,10186,915,205674
2021-04-17,Putnam,31,10217,933,206607
2021-04-18,Putnam,14,10231,564,207171
2021-04-19,Putnam,14,10245,387,207558
2021-04-20,Putnam,29,10274,761,208319
2021-04-21,Putnam,27,10301,811,209130
2021-04-22,Putnam,15,10316,897,210027
2021-04-23,Putnam,28,10344,832,210859
2021-04-24,Putnam,18,10362,773,211632
2021-04-25,Putnam,12,10374,485,212117
2021-04-26,Putnam,5,10379,382,212499
2021-04-27,Putnam,10,10389,620,213119
2021-04-28,Putnam,15,10404,768,213887
2021-04-29,Putnam,12,10416,768,214655
2021-04-30,Putnam,11,10427,711,215366
2021-05-01,Putnam,6,10433,718,216084
2021-05-02,Putnam,15,10448,440,216524
2021-05-03,Putnam,8,10456,308,216832
2021-05-04,Putnam,5,10461,561,217393
2021-05-05,Putnam,10,10471,608,218001
2021-05-06,Putnam,17,10488,698,218699
2021-05-07,Putnam,16,10504,928,219627
2021-05-08,Putnam,8,10512,545,220172
2021-05-09,Putnam,4,10516,536,220708
2021-05-10,Putnam,5,10521,327,221035
2021-05-11,Putnam,7,10528,633,221668
2021-05-12,Putnam,3,10531,693,222361
2021-05-13,Putnam,3,10534,706,223067
2021-05-14,Putnam,5,10539,734,223801
2021-05-15,Putnam,2,10541,556,224357
2021-05-16,Putnam,1,10542,369,224726
2021-05-17,Putnam,2,10544,255,224981
2021-05-18,Putnam,4,10548,594,225575
2021-05-19,Putnam,5,10553,570,226145
2021-05-20,Putnam,0,10553,543,226688
2021-05-21,Putnam,5,10558,578,227266
2021-05-22,Putnam,2,10560,473,227739
2021-05-23,Putnam,1,10561,303,228042
2021-05-24,Putnam,3,10564,270,228312
2021-05-25,Putnam,2,10566,474,228786
2021-05-26,Putnam,1,10567,531,229317
2021-05-27,Putnam,3,10570,486,229803
2021-05-28,Putnam,3,10573,468,230271
2021-05-29,Putnam,1,10574,387,230658
2021-05-30,Putnam,1,10575,297,230955
2021-05-31,Putnam,2,10577,239,231194
2021-06-01,Putnam,4,10581,218,231412
2021-06-02,Putnam,4,10585,467,231879
2021-06-03,Putnam,4,10589,605,232484
2021-06-04,Putnam,3,10592,528,233012
2021-06-05,Putnam,3,10595,393,233405
2021-06-06,Putnam,4,10599,314,233719
2021-06-07,Putnam,1,10600,321,234040
2021-06-08,Putnam,0,10600,441,234481
2021-06-09,Putnam,2,10602,547,235028
2021-06-10,Putnam,2,10604,506,235534
2021-06-11,Putnam,0,10604,561,236095
2021-06-12,Putnam,1,10605,363,236458
2021-06-13,Putnam,0,10605,258,236716
2021-06-14,Putnam,1,10606,163,236879
2021-06-15,Putnam,4,10610,418,237297
2021-06-16,Putnam,6,10616,441,237738
2021-06-17,Putnam,5,10621,467,238205
2021-06-18,Putnam,1,10622,421,238626
2021-06-19,Putnam,0,10622,363,238989
2021-06-20,Putnam,0,10622,274,239263
2021-06-21,Putnam,1,10623,185,239448
2021-06-22,Putnam,0,10623,357,239805
2021-06-23,Putnam,0,10623,464,240269
2021-06-24,Putnam,2,10625,398,240667
2021-06-25,Putnam,0,10625,461,241128
2021-06-26,Putnam,1,10626,336,241464
2021-06-27,Putnam,2,10628,201,241665
2021-06-28,Putnam,1,10629,331,241996
2021-06-29,Putnam,1,10630,349,242345
2021-06-30,Putnam,1,10631,312,242657
2021-07-01,Putnam,0,10631,326,242983
2021-07-02,Putnam,1,10632,351,243334
2021-07-03,Putnam,0,10632,306,243640
2021-07-04,Putnam,2,10634,302,243942
2021-07-05,Putnam,0,10634,134,244076
2021-07-06,Putnam,1,10635,175,244251
2021-07-07,Putnam,0,10635,376,244627
2021-07-08,Putnam,2,10637,367,244994
2021-07-09,Putnam,0,10637,321,245315
2021-07-10,Putnam,1,10638,267,245582
2021-07-11,Putnam,2,10640,253,245835
2021-07-12,Putnam,0,10640,220,246055
2021-07-13,Putnam,1,10641,293,246348
2021-07-14,Putnam,4,10645,274,246622
2021-07-15,Putnam,3,10648,313,246935
2021-07-16,Putnam,2,10650,371,247306
2021-07-17,Putnam,3,10653,350,247656
2021-07-18,Putnam,4,10657,213,247869
2020-03-01,Queens,0,0,0,0
2020-03-02,Queens,0,0,0,0
2020-03-03,Queens,0,0,2,2
2020-03-04,Queens,0,0,0,2
2020-03-05,Queens,1,1,6,8
2020-03-06,Queens,1,2,10,18
2020-03-07,Queens,0,2,14,32
2020-03-08,Queens,1,3,13,45
2020-03-09,Queens,0,3,15,60
2020-03-10,Queens,4,7,18,78
2020-03-11,Queens,5,12,44,122
2020-03-12,Queens,15,27,74,196
2020-03-13,Queens,30,57,154,350
2020-03-14,Queens,18,75,110,460
2020-03-15,Queens,49,124,198,658
2020-03-16,Queens,38,162,136,794
2020-03-17,Queens,123,285,371,1165
2020-03-18,Queens,336,621,768,1933
2020-03-19,Queens,519,1140,1179,3112
2020-03-20,Queens,491,1631,1218,4330
2020-03-21,Queens,843,2474,1927,6257
2020-03-22,Queens,1152,3626,2048,8305
2020-03-23,Queens,839,4465,1518,9823
2020-03-24,Queens,1010,5475,1736,11559
2020-03-25,Queens,1238,6713,2110,13669
2020-03-26,Queens,1324,8037,2115,15784
2020-03-27,Queens,1238,9275,2055,17839
2020-03-28,Queens,1136,10411,1845,19684
2020-03-29,Queens,1258,11669,1915,21599
2020-03-30,Queens,2022,13691,3325,24924
2020-03-31,Queens,1211,14902,1871,26795
2020-04-01,Queens,1366,16268,2157,28952
2020-04-02,Queens,1899,18167,3048,32000
2020-04-03,Queens,1947,20114,3407,35407
2020-04-04,Queens,1322,21436,2255,37662
2020-04-05,Queens,1697,23133,2730,40392
2020-04-06,Queens,1707,24840,2864,43256
2020-04-07,Queens,1408,26248,2884,46140
2020-04-08,Queens,1504,27752,2831,48971
2020-04-09,Queens,1551,29303,2941,51912
2020-04-10,Queens,1988,31291,3803,55715
2020-04-11,Queens,1544,32835,3219,58934
2020-04-12,Queens,1150,33985,2481,61415
2020-04-13,Queens,1068,35053,2430,63845
2020-04-14,Queens,1712,36765,3674,67519
2020-04-15,Queens,1153,37918,3144,70663
2020-04-16,Queens,1173,39091,3056,73719
2020-04-17,Queens,1125,40216,3347,77066
2020-04-18,Queens,1021,41237,3338,80404
2020-04-19,Queens,786,42023,2428,82832
2020-04-20,Queens,799,42822,2498,85330
2020-04-21,Queens,891,43713,3058,88388
2020-04-22,Queens,1191,44904,4142,92530
2020-04-23,Queens,1483,46387,5468,97998
2020-04-24,Queens,1474,47861,5296,103294
2020-04-25,Queens,884,48745,3676,106970
2020-04-26,Queens,654,49399,2829,109799
2020-04-27,Queens,530,49929,2628,112427
2020-04-28,Queens,812,50741,4061,116488
2020-04-29,Queens,890,51631,4201,120689
2020-04-30,Queens,643,52274,3689,124378
2020-05-01,Queens,765,53039,4517,128895
2020-05-02,Queens,601,53640,3755,132650
2020-05-03,Queens,450,54090,2696,135346
2020-05-04,Queens,358,54448,2633,137979
2020-05-05,Queens,432,54880,3591,141570
2020-05-06,Queens,570,55450,4505,146075
2020-05-07,Queens,494,55944,3992,150067
2020-05-08,Queens,549,56493,4596,154663
2020-05-09,Queens,369,56862,3416,158079
2020-05-10,Queens,318,57180,2937,161016
2020-05-11,Queens,211,57391,2552,163568
2020-05-12,Queens,357,57748,3829,167397
2020-05-13,Queens,336,58084,4439,171836
2020-05-14,Queens,432,58516,4879,176715
2020-05-15,Queens,325,58841,4644,181359
2020-05-16,Queens,291,59132,4209,185568
2020-05-17,Queens,192,59324,3226,188794
2020-05-18,Queens,184,59508,3363,192157
2020-05-19,Queens,244,59752,4581,196738
2020-05-20,Queens,273,60025,5151,201889
2020-05-21,Queens,211,60236,5181,207070
2020-05-22,Queens,186,60422,5388,212458
2020-05-23,Queens,214,60636,5270,217728
2020-05-24,Queens,192,60828,4448,222176
2020-05-25,Queens,132,60960,3789,225965
2020-05-26,Queens,165,61125,4201,230166
2020-05-27,Queens,275,61400,9126,239292
2020-05-28,Queens,244,61644,8480,247772
2020-05-29,Queens,183,61827,7088,254860
2020-05-30,Queens,148,61975,6226,261086
2020-05-31,Queens,119,62094,5906,266992
2020-06-01,Queens,199,62293,7231,274223
2020-06-02,Queens,132,62425,6319,280542
2020-06-03,Queens,117,62542,6451,286993
2020-06-04,Queens,150,62692,6695,293688
2020-06-05,Queens,158,62850,7672,301360
2020-06-06,Queens,113,62963,6497,307857
2020-06-07,Queens,134,63097,6514,314371
2020-06-08,Queens,97,63194,5227,319598
2020-06-09,Queens,132,63326,7770,327368
2020-06-10,Queens,106,63432,6796,334164
2020-06-11,Queens,141,63573,7566,341730
2020-06-12,Queens,154,63727,7817,349547
2020-06-13,Queens,95,63822,6737,356284
2020-06-14,Queens,110,63932,7488,363772
2020-06-15,Queens,110,64042,7036,370808
2020-06-16,Queens,134,64176,8317,379125
2020-06-17,Queens,92,64268,8696,387821
2020-06-18,Queens,112,64380,9082,396903
2020-06-19,Queens,106,64486,9753,406656
2020-06-20,Queens,135,64621,9115,415771
2020-06-21,Queens,91,64712,8237,424008
2020-06-22,Queens,85,64797,6537,430545
2020-06-23,Queens,84,64881,6683,437228
2020-06-24,Queens,106,64987,7723,444951
2020-06-25,Queens,102,65089,6943,451894
2020-06-26,Queens,86,65175,9718,461612
2020-06-27,Queens,101,65276,7681,469293
2020-06-28,Queens,49,65325,4737,474030
2020-06-29,Queens,66,65391,5589,479619
2020-06-30,Queens,64,65455,6065,485684
2020-07-01,Queens,113,65568,8286,493970
2020-07-02,Queens,137,65705,8116,502086
2020-07-03,Queens,95,65800,7211,509297
2020-07-04,Queens,76,65876,7211,516508
2020-07-05,Queens,52,65928,5745,522253
2020-07-06,Queens,96,66024,6329,528582
2020-07-07,Queens,75,66099,6297,534879
2020-07-08,Queens,75,66174,7104,541983
2020-07-09,Queens,67,66241,7807,549790
2020-07-10,Queens,82,66323,7981,557771
2020-07-11,Queens,87,66410,6788,564559
2020-07-12,Queens,56,66466,5880,570439
2020-07-13,Queens,78,66544,5537,575976
2020-07-14,Queens,99,66643,7205,583181
2020-07-15,Queens,92,66735,8387,591568
2020-07-16,Queens,94,66829,8943,600511
2020-07-17,Queens,92,66921,6870,607381
2020-07-18,Queens,86,67007,5405,612786
2020-07-19,Queens,72,67079,5736,618522
2020-07-20,Queens,115,67194,7288,625810
2020-07-21,Queens,71,67265,7508,633318
2020-07-22,Queens,109,67374,7517,640835
2020-07-23,Queens,84,67458,8063,648898
2020-07-24,Queens,74,67532,7012,655910
2020-07-25,Queens,63,67595,4878,660788
2020-07-26,Queens,84,67679,6560,667348
2020-07-27,Queens,60,67739,5574,672922
2020-07-28,Queens,81,67820,7112,680034
2020-07-29,Queens,74,67894,6889,686923
2020-07-30,Queens,74,67968,7561,694484
2020-07-31,Queens,73,68041,9722,704206
2020-08-01,Queens,60,68101,6641,710847
2020-08-02,Queens,65,68166,6268,717115
2020-08-03,Queens,59,68225,7005,724120
2020-08-04,Queens,72,68297,7698,731818
2020-08-05,Queens,71,68368,7812,739630
2020-08-06,Queens,84,68452,7539,747169
2020-08-07,Queens,96,68548,9235,756404
2020-08-08,Queens,56,68604,7162,763566
2020-08-09,Queens,66,68670,6807,770373
2020-08-10,Queens,63,68733,7556,777929
2020-08-11,Queens,96,68829,11290,789219
2020-08-12,Queens,96,68925,10584,799803
2020-08-13,Queens,98,69023,9426,809229
2020-08-14,Queens,75,69098,9481,818710
2020-08-15,Queens,76,69174,8964,827674
2020-08-16,Queens,71,69245,6531,834205
2020-08-17,Queens,63,69308,7562,841767
2020-08-18,Queens,76,69384,8697,850464
2020-08-19,Queens,67,69451,7919,858383
2020-08-20,Queens,87,69538,9593,867976
2020-08-21,Queens,85,69623,9862,877838
2020-08-22,Queens,71,69694,8018,885856
2020-08-23,Queens,51,69745,6730,892586
2020-08-24,Queens,60,69805,7615,900201
2020-08-25,Queens,65,69870,7377,907578
2020-08-26,Queens,90,69960,9322,916900
2020-08-27,Queens,74,70034,10803,927703
2020-08-28,Queens,64,70098,9345,937048
2020-08-29,Queens,64,70162,9956,947004
2020-08-30,Queens,60,70222,7758,954762
2020-08-31,Queens,66,70288,7895,962657
2020-09-01,Queens,56,70344,8305,970962
2020-09-02,Queens,69,70413,8540,979502
2020-09-03,Queens,83,70496,10286,989788
2020-09-04,Queens,53,70549,9134,998922
2020-09-05,Queens,76,70625,10158,1009080
2020-09-06,Queens,50,70675,6321,1015401
2020-09-07,Queens,91,70766,6495,1021896
2020-09-08,Queens,58,70824,7078,1028974
2020-09-09,Queens,93,70917,8086,1037060
2020-09-10,Queens,61,70978,8437,1045497
2020-09-11,Queens,62,71040,10532,1056029
2020-09-12,Queens,71,71111,7349,1063378
2020-09-13,Queens,69,71180,6247,1069625
2020-09-14,Queens,74,71254,6868,1076493
2020-09-15,Queens,55,71309,6732,1083225
2020-09-16,Queens,83,71392,8034,1091259
2020-09-17,Queens,82,71474,9319,1100578
2020-09-18,Queens,103,71577,12199,1112777
2020-09-19,Queens,105,71682,11181,1123958
2020-09-20,Queens,70,71752,6174,1130132
2020-09-21,Queens,66,71818,8528,1138660
2020-09-22,Queens,63,71881,5881,1144541
2020-09-23,Queens,97,71978,9524,1154065
2020-09-24,Queens,73,72051,9253,1163318
2020-09-25,Queens,91,72142,9255,1172573
2020-09-26,Queens,91,72233,7316,1179889
2020-09-27,Queens,90,72323,5591,1185480
2020-09-28,Queens,142,72465,9734,1195214
2020-09-29,Queens,91,72556,7756,1202970
2020-09-30,Queens,136,72692,10673,1213643
2020-10-01,Queens,171,72863,9883,1223526
2020-10-02,Queens,149,73012,12449,1235975
2020-10-03,Queens,119,73131,8946,1244921
2020-10-04,Queens,114,73245,6926,1251847
2020-10-05,Queens,138,73383,10477,1262324
2020-10-06,Queens,154,73537,9125,1271449
2020-10-07,Queens,205,73742,16090,1287539
2020-10-08,Queens,147,73889,12861,1300400
2020-10-09,Queens,140,74029,11706,1312106
2020-10-10,Queens,121,74150,10479,1322585
2020-10-11,Queens,115,74265,8192,1330777
2020-10-12,Queens,139,74404,10358,1341135
2020-10-13,Queens,106,74510,9123,1350258
2020-10-14,Queens,122,74632,12286,1362544
2020-10-15,Queens,166,74798,14007,1376551
2020-10-16,Queens,200,74998,15397,1391948
2020-10-17,Queens,111,75109,12025,1403973
2020-10-18,Queens,127,75236,7700,1411673
2020-10-19,Queens,108,75344,7980,1419653
2020-10-20,Queens,199,75543,11487,1431140
2020-10-21,Queens,155,75698,11723,1442863
2020-10-22,Queens,155,75853,14182,1457045
2020-10-23,Queens,204,76057,14656,1471701
2020-10-24,Queens,163,76220,11488,1483189
2020-10-25,Queens,96,76316,7857,1491046
2020-10-26,Queens,207,76523,9832,1500878
2020-10-27,Queens,173,76696,11638,1512516
2020-10-28,Queens,284,76980,16839,1529355
2020-10-29,Queens,233,77213,14012,1543367
2020-10-30,Queens,194,77407,12985,1556352
2020-10-31,Queens,242,77649,14087,1570439
2020-11-01,Queens,185,77834,10316,1580755
2020-11-02,Queens,179,78013,11616,1592371
2020-11-03,Queens,174,78187,14754,1607125
2020-11-04,Queens,253,78440,16122,1623247
2020-11-05,Queens,297,78737,15147,1638394
2020-11-06,Queens,306,79043,14315,1652709
2020-11-07,Queens,361,79404,15509,1668218
2020-11-08,Queens,298,79702,10970,1679188
2020-11-09,Queens,338,80040,10461,1689649
2020-11-10,Queens,515,80555,15355,1705004
2020-11-11,Queens,454,81009,16285,1721289
2020-11-12,Queens,477,81486,17329,1738618
2020-11-13,Queens,485,81971,16970,1755588
2020-11-14,Queens,385,82356,15490,1771078
2020-11-15,Queens,419,82775,12697,1783775
2020-11-16,Queens,536,83311,17353,1801128
2020-11-17,Queens,498,83809,14949,1816077
2020-11-18,Queens,460,84269,18566,1834643
2020-11-19,Queens,574,84843,21159,1855802
2020-11-20,Queens,441,85284,18628,1874430
2020-11-21,Queens,493,85777,16852,1891282
2020-11-22,Queens,469,86246,15986,1907268
2020-11-23,Queens,438,86684,16910,1924178
2020-11-24,Queens,511,87195,16927,1941105
2020-11-25,Queens,623,87818,20404,1961509
2020-11-26,Queens,678,88496,20783,1982292
2020-11-27,Queens,551,89047,17863,2000155
2020-11-28,Queens,634,89681,18133,2018288
2020-11-29,Queens,717,90398,17118,2035406
2020-11-30,Queens,658,91056,16265,2051671
2020-12-01,Queens,899,91955,17244,2068915
2020-12-02,Queens,858,92813,19919,2088834
2020-12-03,Queens,910,93723,19388,2108222
2020-12-04,Queens,861,94584,19894,2128116
2020-12-05,Queens,862,95446,20438,2148554
2020-12-06,Queens,821,96267,16095,2164649
2020-12-07,Queens,880,97147,19098,2183747
2020-12-08,Queens,1147,98294,24140,2207887
2020-12-09,Queens,1022,99316,21862,2229749
2020-12-10,Queens,949,100265,21229,2250978
2020-12-11,Queens,1184,101449,29157,2280135
2020-12-12,Queens,1061,102510,23023,2303158
2020-12-13,Queens,925,103435,16524,2319682
2020-12-14,Queens,1233,104668,25250,2344932
2020-12-15,Queens,1072,105740,18899,2363831
2020-12-16,Queens,1024,106764,20800,2384631
2020-12-17,Queens,1348,108112,31220,2415851
2020-12-18,Queens,944,109056,22599,2438450
2020-12-19,Queens,927,109983,19593,2458043
2020-12-20,Queens,938,110921,16566,2474609
2020-12-21,Queens,983,111904,16925,2491534
2020-12-22,Queens,1310,113214,23417,2514951
2020-12-23,Queens,1366,114580,24341,2539292
2020-12-24,Queens,1180,115760,22318,2561610
2020-12-25,Queens,1175,116935,23528,2585138
2020-12-26,Queens,906,117841,15330,2600468
2020-12-27,Queens,1115,118956,15666,2616134
2020-12-28,Queens,1421,120377,20710,2636844
2020-12-29,Queens,1404,121781,17083,2653927
2020-12-30,Queens,1752,123533,22025,2675952
2020-12-31,Queens,1574,125107,22581,2698533
2021-01-01,Queens,1506,126613,22553,2721086
2021-01-02,Queens,1130,127743,17515,2738601
2021-01-03,Queens,1196,128939,15757,2754358
2021-01-04,Queens,1422,130361,17676,2772034
2021-01-05,Queens,1713,132074,22346,2794380
2021-01-06,Queens,1819,133893,25632,2820012
2021-01-07,Queens,1835,135728,26072,2846084
2021-01-08,Queens,1840,137568,28361,2874445
2021-01-09,Queens,1549,139117,26580,2901025
2021-01-10,Queens,1537,140654,25001,2926026
2021-01-11,Queens,1830,142484,23615,2949641
2021-01-12,Queens,1742,144226,23892,2973533
2021-01-13,Queens,1537,145763,25256,2998789
2021-01-14,Queens,2265,148028,37559,3036348
2021-01-15,Queens,1788,149816,32470,3068818
2021-01-16,Queens,1684,151500,29938,3098756
2021-01-17,Queens,1519,153019,24078,3122834
2021-01-18,Queens,1669,154688,25044,3147878
2021-01-19,Queens,2722,157410,33457,3181335
2021-01-20,Queens,1455,158865,23754,3205089
2021-01-21,Queens,1798,160663,30448,3235537
2021-01-22,Queens,1792,162455,31137,3266674
2021-01-23,Queens,1764,164219,32177,3298851
2021-01-24,Queens,1591,165810,32393,3331244
2021-01-25,Queens,1532,167342,20091,3351335
2021-01-26,Queens,1442,168784,23996,3375331
2021-01-27,Queens,1770,170554,30534,3405865
2021-01-28,Queens,1632,172186,30558,3436423
2021-01-29,Queens,1810,173996,32427,3468850
2021-01-30,Queens,1390,175386,30703,3499553
2021-01-31,Queens,1198,176584,24549,3524102
2021-02-01,Queens,1263,177847,19928,3544030
2021-02-02,Queens,725,178572,13885,3557915
2021-02-03,Queens,777,179349,15200,3573115
2021-02-04,Queens,1051,180400,19311,3592426
2021-02-05,Queens,1584,181984,28264,3620690
2021-02-06,Queens,1433,183417,27829,3648519
2021-02-07,Queens,1306,184723,26167,3674686
2021-02-08,Queens,1259,185982,20671,3695357
2021-02-09,Queens,834,186816,16939,3712296
2021-02-10,Queens,1339,188155,30426,3742722
2021-02-11,Queens,1200,189355,26675,3769397
2021-02-12,Queens,1200,190555,27284,3796681
2021-02-13,Queens,1198,191753,27311,3823992
2021-02-14,Queens,1044,192797,21102,3845094
2021-02-15,Queens,1132,193929,19612,3864706
2021-02-16,Queens,886,194815,15540,3880246
2021-02-17,Queens,1000,195815,23426,3903672
2021-02-18,Queens,1313,197128,26336,3930008
2021-02-19,Queens,1133,198261,24943,3954951
2021-02-20,Queens,953,199214,18857,3973808
2021-02-21,Queens,1000,200214,18488,3992296
2021-02-22,Queens,1060,201274,17997,4010293
2021-02-23,Queens,898,202172,21579,4031872
2021-02-24,Queens,1109,203281,27899,4059771
2021-02-25,Queens,1111,204392,27222,4086993
2021-02-26,Queens,1264,205656,32536,4119529
2021-02-27,Queens,1068,206724,27767,4147296
2021-02-28,Queens,1021,207745,23296,4170592
2021-03-01,Queens,911,208656,15304,4185896
2021-03-02,Queens,1167,209823,24055,4209951
2021-03-03,Queens,1148,210971,28299,4238250
2021-03-04,Queens,1300,212271,35818,4274068
2021-03-05,Queens,1014,213285,27588,4301656
2021-03-06,Queens,1020,214305,23391,4325047
2021-03-07,Queens,877,215182,17996,4343043
2021-03-08,Queens,1171,216353,23638,4366681
2021-03-09,Queens,971,217324,20030,4386711
2021-03-10,Queens,979,218303,24575,4411286
2021-03-11,Queens,1404,219707,31029,4442315
2021-03-12,Queens,977,220684,22629,4464944
2021-03-13,Queens,1036,221720,19954,4484898
2021-03-14,Queens,961,222681,16534,4501432
2021-03-15,Queens,1102,223783,16165,4517597
2021-03-16,Queens,1506,225289,35602,4553199
2021-03-17,Queens,1201,226490,28224,4581423
2021-03-18,Queens,1396,227886,29638,4611061
2021-03-19,Queens,1098,228984,26665,4637726
2021-03-20,Queens,1211,230195,26692,4664418
2021-03-21,Queens,1217,231412,19779,4684197
2021-03-22,Queens,1041,232453,16199,4700396
2021-03-23,Queens,1097,233550,21525,4721921
2021-03-24,Queens,1182,234732,27841,4749762
2021-03-25,Queens,1276,236008,28073,4777835
2021-03-26,Queens,1167,237175,25326,4803161
2021-03-27,Queens,1661,238836,31827,4834988
2021-03-28,Queens,1210,240046,25140,4860128
2021-03-29,Queens,865,240911,15666,4875794
2021-03-30,Queens,1273,242184,22926,4898720
2021-03-31,Queens,1235,243419,25091,4923811
2021-04-01,Queens,1111,244530,25668,4949479
2021-04-02,Queens,1064,245594,23145,4972624
2021-04-03,Queens,1061,246655,24049,4996673
2021-04-04,Queens,1024,247679,19204,5015877
2021-04-05,Queens,853,248532,16372,5032249
2021-04-06,Queens,982,249514,22402,5054651
2021-04-07,Queens,1150,250664,30131,5084782
2021-04-08,Queens,1260,251924,32304,5117086
2021-04-09,Queens,927,252851,28586,5145672
2021-04-10,Queens,934,253785,25301,5170973
2021-04-11,Queens,691,254476,17923,5188896
2021-04-12,Queens,756,255232,13640,5202536
2021-04-13,Queens,744,255976,21264,5223800
2021-04-14,Queens,849,256825,24861,5248661
2021-04-15,Queens,913,257738,29158,5277819
2021-04-16,Queens,1123,258861,37299,5315118
2021-04-17,Queens,770,259631,25486,5340604
2021-04-18,Queens,656,260287,18976,5359580
2021-04-19,Queens,512,260799,12992,5372572
2021-04-20,Queens,591,261390,20194,5392766
2021-04-21,Queens,623,262013,27106,5419872
2021-04-22,Queens,551,262564,25515,5445387
2021-04-23,Queens,497,263061,24959,5470346
2021-04-24,Queens,511,263572,25135,5495481
2021-04-25,Queens,430,264002,17981,5513462
2021-04-26,Queens,321,264323,11400,5524862
2021-04-27,Queens,363,264686,17628,5542490
2021-04-28,Queens,419,265105,26180,5568670
2021-04-29,Queens,470,265575,26053,5594723
2021-04-30,Queens,396,265971,25485,5620208
2021-05-01,Queens,344,266315,20996,5641204
2021-05-02,Queens,283,266598,16235,5657439
2021-05-03,Queens,238,266836,10481,5667920
2021-05-04,Queens,285,267121,19763,5687683
2021-05-05,Queens,293,267414,21807,5709490
2021-05-06,Queens,238,267652,22261,5731751
2021-05-07,Queens,330,267982,26508,5758259
2021-05-08,Queens,242,268224,20755,5779014
2021-05-09,Queens,199,268423,15455,5794469
2021-05-10,Queens,195,268618,10202,5804671
2021-05-11,Queens,179,268797,17662,5822333
2021-05-12,Queens,242,269039,24020,5846353
2021-05-13,Queens,216,269255,25171,5871524
2021-05-14,Queens,196,269451,21917,5893441
2021-05-15,Queens,183,269634,18486,5911927
2021-05-16,Queens,153,269787,15175,5927102
2021-05-17,Queens,136,269923,11201,5938303
2021-05-18,Queens,124,270047,16567,5954870
2021-05-19,Queens,139,270186,21970,5976840
2021-05-20,Queens,143,270329,21166,5998006
2021-05-21,Queens,131,270460,21559,6019565
2021-05-22,Queens,118,270578,18665,6038230
2021-05-23,Queens,91,270669,13339,6051569
2021-05-24,Queens,98,270767,9429,6060998
2021-05-25,Queens,96,270863,15851,6076849
2021-05-26,Queens,122,270985,21471,6098320
2021-05-27,Queens,98,271083,20195,6118515
2021-05-28,Queens,102,271185,19189,6137704
2021-05-29,Queens,62,271247,17158,6154862
2021-05-30,Queens,70,271317,11629,6166491
2021-05-31,Queens,38,271355,6837,6173328
2021-06-01,Queens,50,271405,7868,6181196
2021-06-02,Queens,77,271482,15266,6196462
2021-06-03,Queens,85,271567,24476,6220938
2021-06-04,Queens,71,271638,18335,6239273
2021-06-05,Queens,57,271695,14838,6254111
2021-06-06,Queens,39,271734,11369,6265480
2021-06-07,Queens,55,271789,8288,6273768
2021-06-08,Queens,50,271839,14403,6288171
2021-06-09,Queens,67,271906,18631,6306802
2021-06-10,Queens,40,271946,16572,6323374
2021-06-11,Queens,55,272001,18414,6341788
2021-06-12,Queens,53,272054,17110,6358898
2021-06-13,Queens,36,272090,11870,6370768
2021-06-14,Queens,53,272143,6988,6377756
2021-06-15,Queens,43,272186,13131,6390887
2021-06-16,Queens,59,272245,16663,6407550
2021-06-17,Queens,44,272289,15267,6422817
2021-06-18,Queens,75,272364,15707,6438524
2021-06-19,Queens,28,272392,14566,6453090
2021-06-20,Queens,39,272431,10174,6463264
2021-06-21,Queens,34,272465,7974,6471238
2021-06-22,Queens,50,272515,12554,6483792
2021-06-23,Queens,48,272563,17091,6500883
2021-06-24,Queens,61,272624,13700,6514583
2021-06-25,Queens,51,272675,11931,6526514
2021-06-26,Queens,50,272725,11239,6537753
2021-06-27,Queens,43,272768,7641,6545394
2021-06-28,Queens,38,272806,7272,6552666
2021-06-29,Queens,50,272856,10059,6562725
2021-06-30,Queens,71,272927,10543,6573268
2021-07-01,Queens,44,272971,9728,6582996
2021-07-02,Queens,67,273038,9928,6592924
2021-07-03,Queens,61,273099,9482,6602406
2021-07-04,Queens,54,273153,7477,6609883
2021-07-05,Queens,44,273197,5258,6615141
2021-07-06,Queens,89,273286,8343,6623484
2021-07-07,Queens,124,273410,16043,6639527
2021-07-08,Queens,105,273515,11884,6651411
2021-07-09,Queens,106,273621,10514,6661925
2021-07-10,Queens,109,273730,9244,6671169
2021-07-11,Queens,74,273804,7643,6678812
2021-07-12,Queens,122,273926,7922,6686734
2021-07-13,Queens,116,274042,10339,6697073
2021-07-14,Queens,130,274172,11802,6708875
2021-07-15,Queens,132,274304,10406,6719281
2021-07-16,Queens,149,274453,11490,6730771
2021-07-17,Queens,125,274578,9948,6740719
2021-07-18,Queens,101,274679,8428,6749147
2020-03-01,Rensselaer,0,0,0,0
2020-03-02,Rensselaer,0,0,0,0
2020-03-03,Rensselaer,0,0,0,0
2020-03-04,Rensselaer,0,0,2,2
2020-03-05,Rensselaer,0,0,0,2
2020-03-06,Rensselaer,0,0,0,2
2020-03-07,Rensselaer,0,0,2,4
2020-03-08,Rensselaer,0,0,0,4
2020-03-09,Rensselaer,0,0,1,5
2020-03-10,Rensselaer,0,0,1,6
2020-03-11,Rensselaer,0,0,1,7
2020-03-12,Rensselaer,0,0,2,9
2020-03-13,Rensselaer,0,0,11,20
2020-03-14,Rensselaer,0,0,40,60
2020-03-15,Rensselaer,0,0,50,110
2020-03-16,Rensselaer,1,1,39,149
2020-03-17,Rensselaer,3,4,70,219
2020-03-18,Rensselaer,2,6,136,355
2020-03-19,Rensselaer,2,8,156,511
2020-03-20,Rensselaer,12,20,166,677
2020-03-21,Rensselaer,6,26,173,850
2020-03-22,Rensselaer,3,29,78,928
2020-03-23,Rensselaer,1,30,47,975
2020-03-24,Rensselaer,1,31,26,1001
2020-03-25,Rensselaer,1,32,22,1023
2020-03-26,Rensselaer,3,35,26,1049
2020-03-27,Rensselaer,3,38,37,1086
2020-03-28,Rensselaer,1,39,12,1098
2020-03-29,Rensselaer,1,40,25,1123
2020-03-30,Rensselaer,1,41,20,1143
2020-03-31,Rensselaer,2,43,19,1162
2020-04-01,Rensselaer,10,53,42,1204
2020-04-02,Rensselaer,3,56,31,1235
2020-04-03,Rensselaer,2,58,18,1253
2020-04-04,Rensselaer,2,60,48,1301
2020-04-05,Rensselaer,2,62,29,1330
2020-04-06,Rensselaer,5,67,30,1360
2020-04-07,Rensselaer,8,75,53,1413
2020-04-08,Rensselaer,4,79,52,1465
2020-04-09,Rensselaer,12,91,101,1566
2020-04-10,Rensselaer,5,96,40,1606
2020-04-11,Rensselaer,9,105,65,1671
2020-04-12,Rensselaer,8,113,61,1732
2020-04-13,Rensselaer,7,120,79,1811
2020-04-14,Rensselaer,4,124,42,1853
2020-04-15,Rensselaer,13,137,106,1959
2020-04-16,Rensselaer,13,150,100,2059
2020-04-17,Rensselaer,14,164,135,2194
2020-04-18,Rensselaer,9,173,117,2311
2020-04-19,Rensselaer,4,177,51,2362
2020-04-20,Rensselaer,6,183,50,2412
2020-04-21,Rensselaer,3,186,49,2461
2020-04-22,Rensselaer,5,191,52,2513
2020-04-23,Rensselaer,7,198,80,2593
2020-04-24,Rensselaer,23,221,209,2802
2020-04-25,Rensselaer,21,242,151,2953
2020-04-26,Rensselaer,4,246,83,3036
2020-04-27,Rensselaer,4,250,39,3075
2020-04-28,Rensselaer,12,262,91,3166
2020-04-29,Rensselaer,25,287,142,3308
2020-04-30,Rensselaer,11,298,101,3409
2020-05-01,Rensselaer,13,311,112,3521
2020-05-02,Rensselaer,11,322,170,3691
2020-05-03,Rensselaer,15,337,148,3839
2020-05-04,Rensselaer,2,339,71,3910
2020-05-05,Rensselaer,8,347,126,4036
2020-05-06,Rensselaer,20,367,159,4195
2020-05-07,Rensselaer,13,380,194,4389
2020-05-08,Rensselaer,27,407,187,4576
2020-05-09,Rensselaer,2,409,248,4824
2020-05-10,Rensselaer,2,411,62,4886
2020-05-11,Rensselaer,5,416,91,4977
2020-05-12,Rensselaer,4,420,429,5406
2020-05-13,Rensselaer,3,423,278,5684
2020-05-14,Rensselaer,5,428,204,5888
2020-05-15,Rensselaer,10,438,225,6113
2020-05-16,Rensselaer,1,439,113,6226
2020-05-17,Rensselaer,5,444,198,6424
2020-05-18,Rensselaer,0,444,76,6500
2020-05-19,Rensselaer,9,453,292,6792
2020-05-20,Rensselaer,3,456,403,7195
2020-05-21,Rensselaer,4,460,379,7574
2020-05-22,Rensselaer,3,463,386,7960
2020-05-23,Rensselaer,0,463,363,8323
2020-05-24,Rensselaer,2,465,123,8446
2020-05-25,Rensselaer,1,466,158,8604
2020-05-26,Rensselaer,0,466,150,8754
2020-05-27,Rensselaer,3,469,405,9159
2020-05-28,Rensselaer,9,478,319,9478
2020-05-29,Rensselaer,8,486,337,9815
2020-05-30,Rensselaer,5,491,313,10128
2020-05-31,Rensselaer,1,492,274,10402
2020-06-01,Rensselaer,1,493,168,10570
2020-06-02,Rensselaer,2,495,426,10996
2020-06-03,Rensselaer,0,495,312,11308
2020-06-04,Rensselaer,2,497,592,11900
2020-06-05,Rensselaer,2,499,332,12232
2020-06-06,Rensselaer,3,502,421,12653
2020-06-07,Rensselaer,1,503,517,13170
2020-06-08,Rensselaer,2,505,182,13352
2020-06-09,Rensselaer,2,507,316,13668
2020-06-10,Rensselaer,1,508,299,13967
2020-06-11,Rensselaer,2,510,665,14632
2020-06-12,Rensselaer,1,511,261,14893
2020-06-13,Rensselaer,2,513,262,15155
2020-06-14,Rensselaer,1,514,309,15464
2020-06-15,Rensselaer,0,514,252,15716
2020-06-16,Rensselaer,1,515,199,15915
2020-06-17,Rensselaer,0,515,383,16298
2020-06-18,Rensselaer,4,519,413,16711
2020-06-19,Rensselaer,2,521,374,17085
2020-06-20,Rensselaer,3,524,401,17486
2020-06-21,Rensselaer,4,528,361,17847
2020-06-22,Rensselaer,5,533,197,18044
2020-06-23,Rensselaer,1,534,277,18321
2020-06-24,Rensselaer,7,541,450,18771
2020-06-25,Rensselaer,8,549,350,19121
2020-06-26,Rensselaer,1,550,468,19589
2020-06-27,Rensselaer,1,551,359,19948
2020-06-28,Rensselaer,2,553,375,20323
2020-06-29,Rensselaer,0,553,306,20629
2020-06-30,Rensselaer,2,555,195,20824
2020-07-01,Rensselaer,1,556,287,21111
2020-07-02,Rensselaer,3,559,425,21536
2020-07-03,Rensselaer,4,563,612,22148
2020-07-04,Rensselaer,2,565,475,22623
2020-07-05,Rensselaer,3,568,389,23012
2020-07-06,Rensselaer,3,571,162,23174
2020-07-07,Rensselaer,9,580,304,23478
2020-07-08,Rensselaer,6,586,399,23877
2020-07-09,Rensselaer,2,588,252,24129
2020-07-10,Rensselaer,5,593,331,24460
2020-07-11,Rensselaer,23,616,378,24838
2020-07-12,Rensselaer,1,617,317,25155
2020-07-13,Rensselaer,8,625,416,25571
2020-07-14,Rensselaer,7,632,409,25980
2020-07-15,Rensselaer,7,639,495,26475
2020-07-16,Rensselaer,4,643,442,26917
2020-07-17,Rensselaer,7,650,358,27275
2020-07-18,Rensselaer,1,651,225,27500
2020-07-19,Rensselaer,2,653,295,27795
2020-07-20,Rensselaer,5,658,476,28271
2020-07-21,Rensselaer,10,668,558,28829
2020-07-22,Rensselaer,1,669,486,29315
2020-07-23,Rensselaer,7,676,429,29744
2020-07-24,Rensselaer,5,681,396,30140
2020-07-25,Rensselaer,3,684,364,30504
2020-07-26,Rensselaer,3,687,624,31128
2020-07-27,Rensselaer,3,690,356,31484
2020-07-28,Rensselaer,4,694,345,31829
2020-07-29,Rensselaer,24,718,309,32138
2020-07-30,Rensselaer,6,724,413,32551
2020-07-31,Rensselaer,10,734,478,33029
2020-08-01,Rensselaer,2,736,265,33294
2020-08-02,Rensselaer,4,740,293,33587
2020-08-03,Rensselaer,8,748,491,34078
2020-08-04,Rensselaer,7,755,480,34558
2020-08-05,Rensselaer,3,758,431,34989
2020-08-06,Rensselaer,1,759,371,35360
2020-08-07,Rensselaer,2,761,241,35601
2020-08-08,Rensselaer,4,765,435,36036
2020-08-09,Rensselaer,1,766,282,36318
2020-08-10,Rensselaer,4,770,435,36753
2020-08-11,Rensselaer,10,780,608,37361
2020-08-12,Rensselaer,2,782,610,37971
2020-08-13,Rensselaer,3,785,520,38491
2020-08-14,Rensselaer,4,789,420,38911
2020-08-15,Rensselaer,6,795,637,39548
2020-08-16,Rensselaer,0,795,304,39852
2020-08-17,Rensselaer,6,801,422,40274
2020-08-18,Rensselaer,3,804,439,40713
2020-08-19,Rensselaer,5,809,475,41188
2020-08-20,Rensselaer,1,810,593,41781
2020-08-21,Rensselaer,3,813,498,42279
2020-08-22,Rensselaer,4,817,563,42842
2020-08-23,Rensselaer,1,818,310,43152
2020-08-24,Rensselaer,1,819,363,43515
2020-08-25,Rensselaer,3,822,392,43907
2020-08-26,Rensselaer,1,823,343,44250
2020-08-27,Rensselaer,3,826,564,44814
2020-08-28,Rensselaer,4,830,405,45219
2020-08-29,Rensselaer,3,833,708,45927
2020-08-30,Rensselaer,5,838,311,46238
2020-08-31,Rensselaer,3,841,309,46547
2020-09-01,Rensselaer,3,844,446,46993
2020-09-02,Rensselaer,4,848,501,47494
2020-09-03,Rensselaer,6,854,379,47873
2020-09-04,Rensselaer,4,858,540,48413
2020-09-05,Rensselaer,1,859,485,48898
2020-09-06,Rensselaer,1,860,217,49115
2020-09-07,Rensselaer,5,865,284,49399
2020-09-08,Rensselaer,1,866,262,49661
2020-09-09,Rensselaer,1,867,295,49956
2020-09-10,Rensselaer,3,870,600,50556
2020-09-11,Rensselaer,6,876,492,51048
2020-09-12,Rensselaer,3,879,407,51455
2020-09-13,Rensselaer,0,879,501,51956
2020-09-14,Rensselaer,5,884,498,52454
2020-09-15,Rensselaer,3,887,357,52811
2020-09-16,Rensselaer,5,892,260,53071
2020-09-17,Rensselaer,3,895,571,53642
2020-09-18,Rensselaer,1,896,397,54039
2020-09-19,Rensselaer,3,899,808,54847
2020-09-20,Rensselaer,2,901,309,55156
2020-09-21,Rensselaer,0,901,445,55601
2020-09-22,Rensselaer,1,902,286,55887
2020-09-23,Rensselaer,1,903,460,56347
2020-09-24,Rensselaer,2,905,505,56852
2020-09-25,Rensselaer,3,908,649,57501
2020-09-26,Rensselaer,3,911,585,58086
2020-09-27,Rensselaer,2,913,342,58428
2020-09-28,Rensselaer,3,916,369,58797
2020-09-29,Rensselaer,3,919,1882,60679
2020-09-30,Rensselaer,4,923,2239,62918
2020-10-01,Rensselaer,8,931,1480,64398
2020-10-02,Rensselaer,6,937,1930,66328
2020-10-03,Rensselaer,7,944,619,66947
2020-10-04,Rensselaer,1,945,215,67162
2020-10-05,Rensselaer,7,952,404,67566
2020-10-06,Rensselaer,5,957,2055,69621
2020-10-07,Rensselaer,1,958,2408,72029
2020-10-08,Rensselaer,6,964,1612,73641
2020-10-09,Rensselaer,6,970,2154,75795
2020-10-10,Rensselaer,10,980,692,76487
2020-10-11,Rensselaer,5,985,540,77027
2020-10-12,Rensselaer,9,994,440,77467
2020-10-13,Rensselaer,8,1002,1599,79066
2020-10-14,Rensselaer,5,1007,2540,81606
2020-10-15,Rensselaer,13,1020,1815,83421
2020-10-16,Rensselaer,1,1021,764,84185
2020-10-17,Rensselaer,6,1027,818,85003
2020-10-18,Rensselaer,7,1034,338,85341
2020-10-19,Rensselaer,6,1040,442,85783
2020-10-20,Rensselaer,7,1047,2034,87817
2020-10-21,Rensselaer,11,1058,2518,90335
2020-10-22,Rensselaer,6,1064,984,91319
2020-10-23,Rensselaer,9,1073,2668,93987
2020-10-24,Rensselaer,7,1080,4893,98880
2020-10-25,Rensselaer,8,1088,296,99176
2020-10-26,Rensselaer,6,1094,569,99745
2020-10-27,Rensselaer,5,1099,526,100271
2020-10-28,Rensselaer,11,1110,1019,101290
2020-10-29,Rensselaer,1,1111,1702,102992
2020-10-30,Rensselaer,5,1116,2365,105357
2020-10-31,Rensselaer,8,1124,2407,107764
2020-11-01,Rensselaer,7,1131,421,108185
2020-11-02,Rensselaer,4,1135,516,108701
2020-11-03,Rensselaer,7,1142,2052,110753
2020-11-04,Rensselaer,19,1161,868,111621
2020-11-05,Rensselaer,14,1175,1527,113148
2020-11-06,Rensselaer,9,1184,2444,115592
2020-11-07,Rensselaer,14,1198,858,116450
2020-11-08,Rensselaer,15,1213,2238,118688
2020-11-09,Rensselaer,17,1230,585,119273
2020-11-10,Rensselaer,13,1243,2134,121407
2020-11-11,Rensselaer,15,1258,1307,122714
2020-11-12,Rensselaer,20,1278,1605,124319
2020-11-13,Rensselaer,26,1304,2508,126827
2020-11-14,Rensselaer,17,1321,496,127323
2020-11-15,Rensselaer,12,1333,410,127733
2020-11-16,Rensselaer,31,1364,938,128671
2020-11-17,Rensselaer,25,1389,735,129406
2020-11-18,Rensselaer,22,1411,1403,130809
2020-11-19,Rensselaer,38,1449,2513,133322
2020-11-20,Rensselaer,45,1494,2894,136216
2020-11-21,Rensselaer,21,1515,2155,138371
2020-11-22,Rensselaer,13,1528,2095,140466
2020-11-23,Rensselaer,26,1554,754,141220
2020-11-24,Rensselaer,33,1587,3921,145141
2020-11-25,Rensselaer,38,1625,1236,146377
2020-11-26,Rensselaer,41,1666,1530,147907
2020-11-27,Rensselaer,20,1686,535,148442
2020-11-28,Rensselaer,34,1720,1094,149536
2020-11-29,Rensselaer,26,1746,868,150404
2020-11-30,Rensselaer,49,1795,1025,151429
2020-12-01,Rensselaer,42,1837,1254,152683
2020-12-02,Rensselaer,54,1891,2681,155364
2020-12-03,Rensselaer,77,1968,1415,156779
2020-12-04,Rensselaer,66,2034,1659,158438
2020-12-05,Rensselaer,66,2100,1475,159913
2020-12-06,Rensselaer,45,2145,1659,161572
2020-12-07,Rensselaer,65,2210,993,162565
2020-12-08,Rensselaer,59,2269,864,163429
2020-12-09,Rensselaer,82,2351,1191,164620
2020-12-10,Rensselaer,60,2411,2429,167049
2020-12-11,Rensselaer,66,2477,1470,168519
2020-12-12,Rensselaer,92,2569,1329,169848
2020-12-13,Rensselaer,62,2631,1104,170952
2020-12-14,Rensselaer,81,2712,752,171704
2020-12-15,Rensselaer,77,2789,1068,172772
2020-12-16,Rensselaer,115,2904,1396,174168
2020-12-17,Rensselaer,87,2991,1383,175551
2020-12-18,Rensselaer,100,3091,1378,176929
2020-12-19,Rensselaer,77,3168,1260,178189
2020-12-20,Rensselaer,58,3226,1167,179356
2020-12-21,Rensselaer,106,3332,926,180282
2020-12-22,Rensselaer,80,3412,924,181206
2020-12-23,Rensselaer,122,3534,1480,182686
2020-12-24,Rensselaer,111,3645,1532,184218
2020-12-25,Rensselaer,106,3751,1539,185757
2020-12-26,Rensselaer,73,3824,776,186533
2020-12-27,Rensselaer,101,3925,832,187365
2020-12-28,Rensselaer,90,4015,784,188149
2020-12-29,Rensselaer,118,4133,692,188841
2020-12-30,Rensselaer,136,4269,1322,190163
2020-12-31,Rensselaer,146,4415,1670,191833
2021-01-01,Rensselaer,160,4575,1857,193690
2021-01-02,Rensselaer,149,4724,1110,194800
2021-01-03,Rensselaer,72,4796,667,195467
2021-01-04,Rensselaer,137,4933,1069,196536
2021-01-05,Rensselaer,134,5067,1054,197590
2021-01-06,Rensselaer,182,5249,1589,199179
2021-01-07,Rensselaer,191,5440,1754,200933
2021-01-08,Rensselaer,126,5566,3026,203959
2021-01-09,Rensselaer,148,5714,1614,205573
2021-01-10,Rensselaer,146,5860,1213,206786
2021-01-11,Rensselaer,180,6040,1338,208124
2021-01-12,Rensselaer,77,6117,1924,210048
2021-01-13,Rensselaer,158,6275,1591,211639
2021-01-14,Rensselaer,179,6454,2521,214160
2021-01-15,Rensselaer,142,6596,2460,216620
2021-01-16,Rensselaer,97,6693,1374,217994
2021-01-17,Rensselaer,79,6772,1477,219471
2021-01-18,Rensselaer,102,6874,1078,220549
2021-01-19,Rensselaer,91,6965,860,221409
2021-01-20,Rensselaer,147,7112,2064,223473
2021-01-21,Rensselaer,150,7262,1904,225377
2021-01-22,Rensselaer,87,7349,1493,226870
2021-01-23,Rensselaer,101,7450,2388,229258
2021-01-24,Rensselaer,52,7502,1028,230286
2021-01-25,Rensselaer,72,7574,903,231189
2021-01-26,Rensselaer,68,7642,1233,232422
2021-01-27,Rensselaer,78,7720,1643,234065
2021-01-28,Rensselaer,87,7807,1549,235614
2021-01-29,Rensselaer,67,7874,1972,237586
2021-01-30,Rensselaer,86,7960,1800,239386
2021-01-31,Rensselaer,46,8006,829,240215
2021-02-01,Rensselaer,29,8035,542,240757
2021-02-02,Rensselaer,29,8064,1482,242239
2021-02-03,Rensselaer,69,8133,3609,245848
2021-02-04,Rensselaer,52,8185,2483,248331
2021-02-05,Rensselaer,79,8264,2051,250382
2021-02-06,Rensselaer,37,8301,1820,252202
2021-02-07,Rensselaer,40,8341,1809,254011
2021-02-08,Rensselaer,28,8369,622,254633
2021-02-09,Rensselaer,38,8407,814,255447
2021-02-10,Rensselaer,52,8459,4154,259601
2021-02-11,Rensselaer,24,8483,1362,260963
2021-02-12,Rensselaer,44,8527,3704,264667
2021-02-13,Rensselaer,34,8561,3762,268429
2021-02-14,Rensselaer,31,8592,844,269273
2021-02-15,Rensselaer,29,8621,1619,270892
2021-02-16,Rensselaer,20,8641,1052,271944
2021-02-17,Rensselaer,49,8690,1433,273377
2021-02-18,Rensselaer,43,8733,4248,277625
2021-02-19,Rensselaer,27,8760,2490,280115
2021-02-20,Rensselaer,28,8788,3101,283216
2021-02-21,Rensselaer,22,8810,1453,284669
2021-02-22,Rensselaer,29,8839,683,285352
2021-02-23,Rensselaer,21,8860,1628,286980
2021-02-24,Rensselaer,42,8902,4178,291158
2021-02-25,Rensselaer,33,8935,2774,293932
2021-02-26,Rensselaer,30,8965,2354,296286
2021-02-27,Rensselaer,48,9013,3396,299682
2021-02-28,Rensselaer,26,9039,1730,301412
2021-03-01,Rensselaer,20,9059,656,302068
2021-03-02,Rensselaer,44,9103,1075,303143
2021-03-03,Rensselaer,21,9124,3860,307003
2021-03-04,Rensselaer,36,9160,2935,309938
2021-03-05,Rensselaer,45,9205,2342,312280
2021-03-06,Rensselaer,28,9233,3718,315998
2021-03-07,Rensselaer,42,9275,1941,317939
2021-03-08,Rensselaer,21,9296,580,318519
2021-03-09,Rensselaer,14,9310,1504,320023
2021-03-10,Rensselaer,32,9342,3666,323689
2021-03-11,Rensselaer,34,9376,3325,327014
2021-03-12,Rensselaer,32,9408,1943,328957
2021-03-13,Rensselaer,42,9450,4064,333021
2021-03-14,Rensselaer,34,9484,1725,334746
2021-03-15,Rensselaer,34,9518,953,335699
2021-03-16,Rensselaer,13,9531,1295,336994
2021-03-17,Rensselaer,39,9570,3871,340865
2021-03-18,Rensselaer,31,9601,1529,342394
2021-03-19,Rensselaer,24,9625,1778,344172
2021-03-20,Rensselaer,32,9657,4464,348636
2021-03-21,Rensselaer,22,9679,1889,350525
2021-03-22,Rensselaer,26,9705,753,351278
2021-03-23,Rensselaer,34,9739,978,352256
2021-03-24,Rensselaer,38,9777,4477,356733
2021-03-25,Rensselaer,47,9824,1543,358276
2021-03-26,Rensselaer,32,9856,2628,360904
2021-03-27,Rensselaer,45,9901,3992,364896
2021-03-28,Rensselaer,30,9931,1975,366871
2021-03-29,Rensselaer,42,9973,837,367708
2021-03-30,Rensselaer,31,10004,1130,368838
2021-03-31,Rensselaer,49,10053,4103,372941
2021-04-01,Rensselaer,38,10091,2689,375630
2021-04-02,Rensselaer,46,10137,2679,378309
2021-04-03,Rensselaer,44,10181,3707,382016
2021-04-04,Rensselaer,36,10217,648,382664
2021-04-05,Rensselaer,31,10248,802,383466
2021-04-06,Rensselaer,37,10285,997,384463
2021-04-07,Rensselaer,32,10317,3486,387949
2021-04-08,Rensselaer,42,10359,3277,391226
2021-04-09,Rensselaer,43,10402,1105,392331
2021-04-10,Rensselaer,37,10439,1526,393857
2021-04-11,Rensselaer,26,10465,4066,397923
2021-04-12,Rensselaer,30,10495,991,398914
2021-04-13,Rensselaer,31,10526,723,399637
2021-04-14,Rensselaer,41,10567,3943,403580
2021-04-15,Rensselaer,25,10592,1177,404757
2021-04-16,Rensselaer,50,10642,1583,406340
2021-04-17,Rensselaer,37,10679,1692,408032
2021-04-18,Rensselaer,30,10709,5516,413548
2021-04-19,Rensselaer,17,10726,621,414169
2021-04-20,Rensselaer,19,10745,1055,415224
2021-04-21,Rensselaer,31,10776,4006,419230
2021-04-22,Rensselaer,26,10802,2412,421642
2021-04-23,Rensselaer,9,10811,2022,423664
2021-04-24,Rensselaer,12,10823,3366,427030
2021-04-25,Rensselaer,23,10846,593,427623
2021-04-26,Rensselaer,11,10857,602,428225
2021-04-27,Rensselaer,10,10867,671,428896
2021-04-28,Rensselaer,23,10890,1386,430282
2021-04-29,Rensselaer,22,10912,2624,432906
2021-04-30,Rensselaer,16,10928,1227,434133
2021-05-01,Rensselaer,14,10942,3281,437414
2021-05-02,Rensselaer,10,10952,1676,439090
2021-05-03,Rensselaer,5,10957,368,439458
2021-05-04,Rensselaer,7,10964,634,440092
2021-05-05,Rensselaer,13,10977,3173,443265
2021-05-06,Rensselaer,25,11002,1908,445173
2021-05-07,Rensselaer,9,11011,1936,447109
2021-05-08,Rensselaer,15,11026,2723,449832
2021-05-09,Rensselaer,11,11037,457,450289
2021-05-10,Rensselaer,12,11049,467,450756
2021-05-11,Rensselaer,5,11054,471,451227
2021-05-12,Rensselaer,18,11072,1428,452655
2021-05-13,Rensselaer,17,11089,1257,453912
2021-05-14,Rensselaer,15,11104,1509,455421
2021-05-15,Rensselaer,10,11114,1112,456533
2021-05-16,Rensselaer,9,11123,470,457003
2021-05-17,Rensselaer,10,11133,467,457470
2021-05-18,Rensselaer,6,11139,635,458105
2021-05-19,Rensselaer,9,11148,1341,459446
2021-05-20,Rensselaer,8,11156,1182,460628
2021-05-21,Rensselaer,5,11161,882,461510
2021-05-22,Rensselaer,3,11164,746,462256
2021-05-23,Rensselaer,6,11170,431,462687
2021-05-24,Rensselaer,4,11174,358,463045
2021-05-25,Rensselaer,2,11176,500,463545
2021-05-26,Rensselaer,4,11180,860,464405
2021-05-27,Rensselaer,5,11185,1155,465560
2021-05-28,Rensselaer,1,11186,740,466300
2021-05-29,Rensselaer,2,11188,816,467116
2021-05-30,Rensselaer,1,11189,214,467330
2021-05-31,Rensselaer,3,11192,209,467539
2021-06-01,Rensselaer,2,11194,259,467798
2021-06-02,Rensselaer,1,11195,519,468317
2021-06-03,Rensselaer,9,11204,917,469234
2021-06-04,Rensselaer,1,11205,905,470139
2021-06-05,Rensselaer,3,11208,957,471096
2021-06-06,Rensselaer,7,11215,397,471493
2021-06-07,Rensselaer,2,11217,484,471977
2021-06-08,Rensselaer,0,11217,425,472402
2021-06-09,Rensselaer,3,11220,753,473155
2021-06-10,Rensselaer,2,11222,941,474096
2021-06-11,Rensselaer,1,11223,751,474847
2021-06-12,Rensselaer,2,11225,428,475275
2021-06-13,Rensselaer,3,11228,254,475529
2021-06-14,Rensselaer,1,11229,215,475744
2021-06-15,Rensselaer,0,11229,391,476135
2021-06-16,Rensselaer,0,11229,558,476693
2021-06-17,Rensselaer,3,11232,334,477027
2021-06-18,Rensselaer,3,11235,656,477683
2021-06-19,Rensselaer,3,11238,375,478058
2021-06-20,Rensselaer,1,11239,289,478347
2021-06-21,Rensselaer,0,11239,276,478623
2021-06-22,Rensselaer,3,11242,353,478976
2021-06-23,Rensselaer,2,11244,435,479411
2021-06-24,Rensselaer,0,11244,301,479712
2021-06-25,Rensselaer,0,11244,471,480183
2021-06-26,Rensselaer,3,11247,481,480664
2021-06-27,Rensselaer,0,11247,230,480894
2021-06-28,Rensselaer,0,11247,173,481067
2021-06-29,Rensselaer,2,11249,273,481340
2021-06-30,Rensselaer,2,11251,357,481697
2021-07-01,Rensselaer,1,11252,357,482054
2021-07-02,Rensselaer,0,11252,279,482333
2021-07-03,Rensselaer,0,11252,291,482624
2021-07-04,Rensselaer,1,11253,604,483228
2021-07-05,Rensselaer,0,11253,160,483388
2021-07-06,Rensselaer,0,11253,139,483527
2021-07-07,Rensselaer,1,11254,215,483742
2021-07-08,Rensselaer,5,11259,359,484101
2021-07-09,Rensselaer,3,11262,454,484555
2021-07-10,Rensselaer,2,11264,156,484711
2021-07-11,Rensselaer,7,11271,241,484952
2021-07-12,Rensselaer,2,11273,166,485118
2021-07-13,Rensselaer,4,11277,238,485356
2021-07-14,Rensselaer,5,11282,250,485606
2021-07-15,Rensselaer,6,11288,282,485888
2021-07-16,Rensselaer,5,11293,211,486099
2021-07-17,Rensselaer,9,11302,293,486392
2021-07-18,Rensselaer,3,11305,202,486594
2020-03-01,Richmond,0,0,0,0
2020-03-02,Richmond,0,0,0,0
2020-03-03,Richmond,0,0,0,0
2020-03-04,Richmond,0,0,0,0
2020-03-05,Richmond,0,0,0,0
2020-03-06,Richmond,0,0,3,3
2020-03-07,Richmond,0,0,2,5
2020-03-08,Richmond,0,0,0,5
2020-03-09,Richmond,0,0,6,11
2020-03-10,Richmond,1,1,5,16
2020-03-11,Richmond,1,2,5,21
2020-03-12,Richmond,4,6,16,37
2020-03-13,Richmond,5,11,34,71
2020-03-14,Richmond,3,14,29,100
2020-03-15,Richmond,6,20,27,127
2020-03-16,Richmond,11,31,35,162
2020-03-17,Richmond,26,57,61,223
2020-03-18,Richmond,33,90,110,333
2020-03-19,Richmond,116,206,272,605
2020-03-20,Richmond,109,315,334,939
2020-03-21,Richmond,207,522,645,1584
2020-03-22,Richmond,193,715,417,2001
2020-03-23,Richmond,200,915,487,2488
2020-03-24,Richmond,110,1025,223,2711
2020-03-25,Richmond,164,1189,293,3004
2020-03-26,Richmond,223,1412,413,3417
2020-03-27,Richmond,415,1827,847,4264
2020-03-28,Richmond,402,2229,878,5142
2020-03-29,Richmond,336,2565,711,5853
2020-03-30,Richmond,324,2889,691,6544
2020-03-31,Richmond,299,3188,616,7160
2020-04-01,Richmond,279,3467,559,7719
2020-04-02,Richmond,287,3754,563,8282
2020-04-03,Richmond,319,4073,679,8961
2020-04-04,Richmond,218,4291,513,9474
2020-04-05,Richmond,288,4579,600,10074
2020-04-06,Richmond,218,4797,605,10679
2020-04-07,Richmond,546,5343,1262,11941
2020-04-08,Richmond,641,5984,1528,13469
2020-04-09,Richmond,500,6484,1212,14681
2020-04-10,Richmond,376,6860,807,15488
2020-04-11,Richmond,456,7316,1030,16518
2020-04-12,Richmond,352,7668,887,17405
2020-04-13,Richmond,292,7960,725,18130
2020-04-14,Richmond,338,8298,743,18873
2020-04-15,Richmond,386,8684,1184,20057
2020-04-16,Richmond,347,9031,1084,21141
2020-04-17,Richmond,302,9333,1106,22247
2020-04-18,Richmond,341,9674,1288,23535
2020-04-19,Richmond,239,9913,874,24409
2020-04-20,Richmond,208,10121,882,25291
2020-04-21,Richmond,224,10345,998,26289
2020-04-22,Richmond,245,10590,1031,27320
2020-04-23,Richmond,293,10883,1272,28592
2020-04-24,Richmond,246,11129,1011,29603
2020-04-25,Richmond,154,11283,882,30485
2020-04-26,Richmond,140,11423,658,31143
2020-04-27,Richmond,93,11516,567,31710
2020-04-28,Richmond,144,11660,935,32645
2020-04-29,Richmond,151,11811,841,33486
2020-04-30,Richmond,126,11937,849,34335
2020-05-01,Richmond,157,12094,918,35253
2020-05-02,Richmond,101,12195,729,35982
2020-05-03,Richmond,60,12255,549,36531
2020-05-04,Richmond,62,12317,573,37104
2020-05-05,Richmond,84,12401,702,37806
2020-05-06,Richmond,105,12506,828,38634
2020-05-07,Richmond,72,12578,672,39306
2020-05-08,Richmond,72,12650,832,40138
2020-05-09,Richmond,52,12702,717,40855
2020-05-10,Richmond,45,12747,493,41348
2020-05-11,Richmond,22,12769,517,41865
2020-05-12,Richmond,41,12810,806,42671
2020-05-13,Richmond,51,12861,869,43540
2020-05-14,Richmond,48,12909,812,44352
2020-05-15,Richmond,65,12974,843,45195
2020-05-16,Richmond,37,13011,713,45908
2020-05-17,Richmond,36,13047,571,46479
2020-05-18,Richmond,22,13069,621,47100
2020-05-19,Richmond,31,13100,751,47851
2020-05-20,Richmond,40,13140,908,48759
2020-05-21,Richmond,31,13171,877,49636
2020-05-22,Richmond,44,13215,1232,50868
2020-05-23,Richmond,51,13266,1120,51988
2020-05-24,Richmond,21,13287,732,52720
2020-05-25,Richmond,38,13325,1047,53767
2020-05-26,Richmond,23,13348,720,54487
2020-05-27,Richmond,56,13404,1623,56110
2020-05-28,Richmond,51,13455,1731,57841
2020-05-29,Richmond,50,13505,1376,59217
2020-05-30,Richmond,17,13522,1214,60431
2020-05-31,Richmond,15,13537,1200,61631
2020-06-01,Richmond,25,13562,972,62603
2020-06-02,Richmond,23,13585,991,63594
2020-06-03,Richmond,36,13621,1784,65378
2020-06-04,Richmond,42,13663,1576,66954
2020-06-05,Richmond,28,13691,1886,68840
2020-06-06,Richmond,26,13717,1379,70219
2020-06-07,Richmond,10,13727,1182,71401
2020-06-08,Richmond,20,13747,896,72297
2020-06-09,Richmond,14,13761,1144,73441
2020-06-10,Richmond,19,13780,1290,74731
2020-06-11,Richmond,20,13800,1547,76278
2020-06-12,Richmond,17,13817,1596,77874
2020-06-13,Richmond,40,13857,1365,79239
2020-06-14,Richmond,21,13878,1391,80630
2020-06-15,Richmond,10,13888,2387,83017
2020-06-16,Richmond,5,13893,1328,84345
2020-06-17,Richmond,7,13900,1579,85924
2020-06-18,Richmond,17,13917,2306,88230
2020-06-19,Richmond,27,13944,1882,90112
2020-06-20,Richmond,14,13958,1749,91861
2020-06-21,Richmond,13,13971,1507,93368
2020-06-22,Richmond,12,13983,1121,94489
2020-06-23,Richmond,11,13994,1894,96383
2020-06-24,Richmond,26,14020,2032,98415
2020-06-25,Richmond,17,14037,1707,100122
2020-06-26,Richmond,15,14052,1697,101819
2020-06-27,Richmond,21,14073,1581,103400
2020-06-28,Richmond,9,14082,979,104379
2020-06-29,Richmond,11,14093,1749,106128
2020-06-30,Richmond,16,14109,1304,107432
2020-07-01,Richmond,16,14125,1787,109219
2020-07-02,Richmond,39,14164,1955,111174
2020-07-03,Richmond,26,14190,1613,112787
2020-07-04,Richmond,12,14202,1578,114365
2020-07-05,Richmond,11,14213,1362,115727
2020-07-06,Richmond,12,14225,1707,117434
2020-07-07,Richmond,18,14243,1406,118840
2020-07-08,Richmond,19,14262,1592,120432
2020-07-09,Richmond,23,14285,1874,122306
2020-07-10,Richmond,23,14308,1837,124143
2020-07-11,Richmond,21,14329,1681,125824
2020-07-12,Richmond,12,14341,1495,127319
2020-07-13,Richmond,31,14372,1891,129210
2020-07-14,Richmond,17,14389,1604,130814
2020-07-15,Richmond,28,14417,1878,132692
2020-07-16,Richmond,22,14439,2004,134696
2020-07-17,Richmond,20,14459,1566,136262
2020-07-18,Richmond,21,14480,1301,137563
2020-07-19,Richmond,23,14503,1213,138776
2020-07-20,Richmond,36,14539,2050,140826
2020-07-21,Richmond,18,14557,1252,142078
2020-07-22,Richmond,30,14587,1890,143968
2020-07-23,Richmond,26,14613,2065,146033
2020-07-24,Richmond,20,14633,1908,147941
2020-07-25,Richmond,16,14649,1116,149057
2020-07-26,Richmond,32,14681,1401,150458
2020-07-27,Richmond,17,14698,1571,152029
2020-07-28,Richmond,29,14727,1531,153560
2020-07-29,Richmond,21,14748,1720,155280
2020-07-30,Richmond,16,14764,1562,156842
2020-07-31,Richmond,17,14781,2229,159071
2020-08-01,Richmond,24,14805,1599,160670
2020-08-02,Richmond,17,14822,1421,162091
2020-08-03,Richmond,18,14840,1840,163931
2020-08-04,Richmond,14,14854,1492,165423
2020-08-05,Richmond,23,14877,1916,167339
2020-08-06,Richmond,14,14891,1679,169018
2020-08-07,Richmond,18,14909,2154,171172
2020-08-08,Richmond,12,14921,1395,172567
2020-08-09,Richmond,13,14934,1656,174223
2020-08-10,Richmond,19,14953,2137,176360
2020-08-11,Richmond,21,14974,2162,178522
2020-08-12,Richmond,24,14998,2896,181418
2020-08-13,Richmond,19,15017,2232,183650
2020-08-14,Richmond,29,15046,2189,185839
2020-08-15,Richmond,20,15066,1946,187785
2020-08-16,Richmond,7,15073,1454,189239
2020-08-17,Richmond,14,15087,1440,190679
2020-08-18,Richmond,14,15101,2347,193026
2020-08-19,Richmond,17,15118,2464,195490
2020-08-20,Richmond,11,15129,2418,197908
2020-08-21,Richmond,13,15142,2419,200327
2020-08-22,Richmond,20,15162,2047,202374
2020-08-23,Richmond,15,15177,1899,204273
2020-08-24,Richmond,12,15189,1977,206250
2020-08-25,Richmond,17,15206,2296,208546
2020-08-26,Richmond,18,15224,1950,210496
2020-08-27,Richmond,15,15239,2716,213212
2020-08-28,Richmond,13,15252,2633,215845
2020-08-29,Richmond,17,15269,2346,218191
2020-08-30,Richmond,19,15288,1528,219719
2020-08-31,Richmond,20,15308,2469,222188
2020-09-01,Richmond,24,15332,2045,224233
2020-09-02,Richmond,18,15350,2887,227120
2020-09-03,Richmond,19,15369,2641,229761
2020-09-04,Richmond,24,15393,2553,232314
2020-09-05,Richmond,27,15420,2668,234982
2020-09-06,Richmond,31,15451,1846,236828
2020-09-07,Richmond,15,15466,1483,238311
2020-09-08,Richmond,20,15486,1827,240138
2020-09-09,Richmond,24,15510,2525,242663
2020-09-10,Richmond,27,15537,1967,244630
2020-09-11,Richmond,28,15565,3042,247672
2020-09-12,Richmond,17,15582,1740,249412
2020-09-13,Richmond,22,15604,1601,251013
2020-09-14,Richmond,27,15631,2318,253331
2020-09-15,Richmond,11,15642,1532,254863
2020-09-16,Richmond,24,15666,2426,257289
2020-09-17,Richmond,23,15689,2017,259306
2020-09-18,Richmond,24,15713,2718,262024
2020-09-19,Richmond,17,15730,2408,264432
2020-09-20,Richmond,23,15753,1329,265761
2020-09-21,Richmond,33,15786,2287,268048
2020-09-22,Richmond,13,15799,1076,269124
2020-09-23,Richmond,24,15823,2677,271801
2020-09-24,Richmond,14,15837,2118,273919
2020-09-25,Richmond,30,15867,2524,276443
2020-09-26,Richmond,23,15890,2226,278669
2020-09-27,Richmond,23,15913,1743,280412
2020-09-28,Richmond,37,15950,2385,282797
2020-09-29,Richmond,39,15989,1763,284560
2020-09-30,Richmond,36,16025,2281,286841
2020-10-01,Richmond,36,16061,2341,289182
2020-10-02,Richmond,46,16107,3278,292460
2020-10-03,Richmond,30,16137,2661,295121
2020-10-04,Richmond,20,16157,1760,296881
2020-10-05,Richmond,52,16209,2812,299693
2020-10-06,Richmond,31,16240,2182,301875
2020-10-07,Richmond,54,16294,3978,305853
2020-10-08,Richmond,30,16324,2487,308340
2020-10-09,Richmond,49,16373,3396,311736
2020-10-10,Richmond,28,16401,2812,314548
2020-10-11,Richmond,33,16434,2630,317178
2020-10-12,Richmond,62,16496,3099,320277
2020-10-13,Richmond,26,16522,2079,322356
2020-10-14,Richmond,37,16559,2715,325071
2020-10-15,Richmond,46,16605,3256,328327
2020-10-16,Richmond,65,16670,4789,333116
2020-10-17,Richmond,50,16720,3621,336737
2020-10-18,Richmond,26,16746,1988,338725
2020-10-19,Richmond,36,16782,2376,341101
2020-10-20,Richmond,78,16860,3394,344495
2020-10-21,Richmond,32,16892,2803,347298
2020-10-22,Richmond,37,16929,3598,350896
2020-10-23,Richmond,75,17004,3988,354884
2020-10-24,Richmond,44,17048,2919,357803
2020-10-25,Richmond,37,17085,1832,359635
2020-10-26,Richmond,89,17174,4278,363913
2020-10-27,Richmond,78,17252,2959,366872
2020-10-28,Richmond,107,17359,4394,371266
2020-10-29,Richmond,98,17457,3388,374654
2020-10-30,Richmond,78,17535,3642,378296
2020-10-31,Richmond,109,17644,3817,382113
2020-11-01,Richmond,59,17703,2396,384509
2020-11-02,Richmond,74,17777,3050,387559
2020-11-03,Richmond,49,17826,2344,389903
2020-11-04,Richmond,115,17941,3848,393751
2020-11-05,Richmond,191,18132,5425,399176
2020-11-06,Richmond,137,18269,4565,403741
2020-11-07,Richmond,128,18397,4448,408189
2020-11-08,Richmond,126,18523,3301,411490
2020-11-09,Richmond,138,18661,3175,414665
2020-11-10,Richmond,215,18876,4472,419137
2020-11-11,Richmond,160,19036,4292,423429
2020-11-12,Richmond,229,19265,4967,428396
2020-11-13,Richmond,226,19491,5081,433477
2020-11-14,Richmond,151,19642,4355,437832
2020-11-15,Richmond,107,19749,3502,441334
2020-11-16,Richmond,273,20022,5729,447063
2020-11-17,Richmond,192,20214,4468,451531
2020-11-18,Richmond,184,20398,4427,455958
2020-11-19,Richmond,188,20586,5420,461378
2020-11-20,Richmond,204,20790,5390,466768
2020-11-21,Richmond,256,21046,5835,472603
2020-11-22,Richmond,167,21213,4009,476612
2020-11-23,Richmond,219,21432,5963,482575
2020-11-24,Richmond,265,21697,5772,488347
2020-11-25,Richmond,254,21951,7089,495436
2020-11-26,Richmond,258,22209,5833,501269
2020-11-27,Richmond,195,22404,5153,506422
2020-11-28,Richmond,331,22735,6471,512893
2020-11-29,Richmond,280,23015,4787,517680
2020-11-30,Richmond,361,23376,5232,522912
2020-12-01,Richmond,490,23866,7833,530745
2020-12-02,Richmond,339,24205,5936,536681
2020-12-03,Richmond,548,24753,8815,545496
2020-12-04,Richmond,358,25111,5839,551335
2020-12-05,Richmond,359,25470,4975,556310
2020-12-06,Richmond,271,25741,4258,560568
2020-12-07,Richmond,507,26248,6575,567143
2020-12-08,Richmond,428,26676,6645,573788
2020-12-09,Richmond,348,27024,7281,581069
2020-12-10,Richmond,424,27448,7011,588080
2020-12-11,Richmond,305,27753,6840,594920
2020-12-12,Richmond,321,28074,7110,602030
2020-12-13,Richmond,277,28351,4792,606822
2020-12-14,Richmond,459,28810,8628,615450
2020-12-15,Richmond,357,29167,5297,620747
2020-12-16,Richmond,337,29504,6782,627529
2020-12-17,Richmond,350,29854,7600,635129
2020-12-18,Richmond,338,30192,5840,640969
2020-12-19,Richmond,313,30505,6288,647257
2020-12-20,Richmond,297,30802,4607,651864
2020-12-21,Richmond,350,31152,5837,657701
2020-12-22,Richmond,456,31608,7340,665041
2020-12-23,Richmond,464,32072,8494,673535
2020-12-24,Richmond,410,32482,7163,680698
2020-12-25,Richmond,323,32805,6384,687082
2020-12-26,Richmond,219,33024,3879,690961
2020-12-27,Richmond,394,33418,4309,695270
2020-12-28,Richmond,501,33919,7145,702415
2020-12-29,Richmond,483,34402,5171,707586
2020-12-30,Richmond,596,34998,8114,715700
2020-12-31,Richmond,551,35549,8709,724409
2021-01-01,Richmond,499,36048,6812,731221
2021-01-02,Richmond,371,36419,5152,736373
2021-01-03,Richmond,430,36849,4760,741133
2021-01-04,Richmond,616,37465,7068,748201
2021-01-05,Richmond,641,38106,7146,755347
2021-01-06,Richmond,580,38686,8811,764158
2021-01-07,Richmond,498,39184,7552,771710
2021-01-08,Richmond,621,39805,10371,782081
2021-01-09,Richmond,469,40274,8040,790121
2021-01-10,Richmond,457,40731,7248,797369
2021-01-11,Richmond,564,41295,7543,804912
2021-01-12,Richmond,519,41814,7815,812727
2021-01-13,Richmond,459,42273,7455,820182
2021-01-14,Richmond,614,42887,10500,830682
2021-01-15,Richmond,481,43368,8321,839003
2021-01-16,Richmond,444,43812,7751,846754
2021-01-17,Richmond,440,44252,6666,853420
2021-01-18,Richmond,426,44678,6373,859793
2021-01-19,Richmond,491,45169,7235,867028
2021-01-20,Richmond,358,45527,6067,873095
2021-01-21,Richmond,485,46012,8559,881654
2021-01-22,Richmond,389,46401,7315,888969
2021-01-23,Richmond,440,46841,7652,896621
2021-01-24,Richmond,413,47254,6679,903300
2021-01-25,Richmond,361,47615,5985,909285
2021-01-26,Richmond,334,47949,6380,915665
2021-01-27,Richmond,347,48296,7121,922786
2021-01-28,Richmond,371,48667,8024,930810
2021-01-29,Richmond,362,49029,8172,938982
2021-01-30,Richmond,280,49309,6806,945788
2021-01-31,Richmond,255,49564,4750,950538
2021-02-01,Richmond,289,49853,5366,955904
2021-02-02,Richmond,196,50049,3592,959496
2021-02-03,Richmond,161,50210,2989,962485
2021-02-04,Richmond,184,50394,4113,966598
2021-02-05,Richmond,332,50726,7052,973650
2021-02-06,Richmond,344,51070,6688,980338
2021-02-07,Richmond,310,51380,5954,986292
2021-02-08,Richmond,242,51622,4551,990843
2021-02-09,Richmond,199,51821,4519,995362
2021-02-10,Richmond,324,52145,7810,1003172
2021-02-11,Richmond,278,52423,6458,1009630
2021-02-12,Richmond,300,52723,6818,1016448
2021-02-13,Richmond,332,53055,6232,1022680
2021-02-14,Richmond,211,53266,4930,1027610
2021-02-15,Richmond,220,53486,4704,1032314
2021-02-16,Richmond,232,53718,4985,1037299
2021-02-17,Richmond,209,53927,5896,1043195
2021-02-18,Richmond,286,54213,6560,1049755
2021-02-19,Richmond,246,54459,5642,1055397
2021-02-20,Richmond,212,54671,4012,1059409
2021-02-21,Richmond,216,54887,4299,1063708
2021-02-22,Richmond,222,55109,3841,1067549
2021-02-23,Richmond,241,55350,5876,1073425
2021-02-24,Richmond,247,55597,7132,1080557
2021-02-25,Richmond,276,55873,7423,1087980
2021-02-26,Richmond,267,56140,7537,1095517
2021-02-27,Richmond,284,56424,6408,1101925
2021-02-28,Richmond,221,56645,5125,1107050
2021-03-01,Richmond,221,56866,3696,1110746
2021-03-02,Richmond,272,57138,5657,1116403
2021-03-03,Richmond,313,57451,7166,1123569
2021-03-04,Richmond,382,57833,8833,1132402
2021-03-05,Richmond,293,58126,7334,1139736
2021-03-06,Richmond,276,58402,6295,1146031
2021-03-07,Richmond,220,58622,3675,1149706
2021-03-08,Richmond,324,58946,6372,1156078
2021-03-09,Richmond,247,59193,5048,1161126
2021-03-10,Richmond,222,59415,6230,1167356
2021-03-11,Richmond,387,59802,7938,1175294
2021-03-12,Richmond,263,60065,4835,1180129
2021-03-13,Richmond,212,60277,5202,1185331
2021-03-14,Richmond,226,60503,3643,1188974
2021-03-15,Richmond,244,60747,3692,1192666
2021-03-16,Richmond,363,61110,9652,1202318
2021-03-17,Richmond,259,61369,6651,1208969
2021-03-18,Richmond,338,61707,7881,1216850
2021-03-19,Richmond,291,61998,6657,1223507
2021-03-20,Richmond,363,62361,7457,1230964
2021-03-21,Richmond,248,62609,4725,1235689
2021-03-22,Richmond,289,62898,4662,1240351
2021-03-23,Richmond,320,63218,6379,1246730
2021-03-24,Richmond,283,63501,6367,1253097
2021-03-25,Richmond,335,63836,7595,1260692
2021-03-26,Richmond,260,64096,6379,1267071
2021-03-27,Richmond,351,64447,7069,1274140
2021-03-28,Richmond,305,64752,5056,1279196
2021-03-29,Richmond,280,65032,4734,1283930
2021-03-30,Richmond,376,65408,6332,1290262
2021-03-31,Richmond,349,65757,6341,1296603
2021-04-01,Richmond,282,66039,6762,1303365
2021-04-02,Richmond,315,66354,6396,1309761
2021-04-03,Richmond,288,66642,6597,1316358
2021-04-04,Richmond,261,66903,4916,1321274
2021-04-05,Richmond,251,67154,3876,1325150
2021-04-06,Richmond,277,67431,5886,1331036
2021-04-07,Richmond,413,67844,9222,1340258
2021-04-08,Richmond,361,68205,8468,1348726
2021-04-09,Richmond,280,68485,7603,1356329
2021-04-10,Richmond,334,68819,6981,1363310
2021-04-11,Richmond,168,68987,3443,1366753
2021-04-12,Richmond,200,69187,3778,1370531
2021-04-13,Richmond,270,69457,5904,1376435
2021-04-14,Richmond,196,69653,5468,1381903
2021-04-15,Richmond,269,69922,7879,1389782
2021-04-16,Richmond,318,70240,10759,1400541
2021-04-17,Richmond,250,70490,7083,1407624
2021-04-18,Richmond,206,70696,4749,1412373
2021-04-19,Richmond,187,70883,3561,1415934
2021-04-20,Richmond,161,71044,5209,1421143
2021-04-21,Richmond,197,71241,7130,1428273
2021-04-22,Richmond,176,71417,7027,1435300
2021-04-23,Richmond,193,71610,8108,1443408
2021-04-24,Richmond,186,71796,7120,1450528
2021-04-25,Richmond,120,71916,3943,1454471
2021-04-26,Richmond,97,72013,3155,1457626
2021-04-27,Richmond,103,72116,5201,1462827
2021-04-28,Richmond,137,72253,7598,1470425
2021-04-29,Richmond,127,72380,7087,1477512
2021-04-30,Richmond,127,72507,6434,1483946
2021-05-01,Richmond,117,72624,5931,1489877
2021-05-02,Richmond,95,72719,3728,1493605
2021-05-03,Richmond,81,72800,3280,1496885
2021-05-04,Richmond,66,72866,5304,1502189
2021-05-05,Richmond,95,72961,6355,1508544
2021-05-06,Richmond,84,73045,6510,1515054
2021-05-07,Richmond,86,73131,7151,1522205
2021-05-08,Richmond,64,73195,5772,1527977
2021-05-09,Richmond,77,73272,3420,1531397
2021-05-10,Richmond,55,73327,2601,1533998
2021-05-11,Richmond,41,73368,5316,1539314
2021-05-12,Richmond,75,73443,6267,1545581
2021-05-13,Richmond,74,73517,6843,1552424
2021-05-14,Richmond,65,73582,4933,1557357
2021-05-15,Richmond,67,73649,5220,1562577
2021-05-16,Richmond,40,73689,2939,1565516
2021-05-17,Richmond,31,73720,3152,1568668
2021-05-18,Richmond,52,73772,4384,1573052
2021-05-19,Richmond,55,73827,6238,1579290
2021-05-20,Richmond,36,73863,6842,1586132
2021-05-21,Richmond,39,73902,5702,1591834
2021-05-22,Richmond,31,73933,4656,1596490
2021-05-23,Richmond,33,73966,2518,1599008
2021-05-24,Richmond,29,73995,2523,1601531
2021-05-25,Richmond,47,74042,4786,1606317
2021-05-26,Richmond,44,74086,6552,1612869
2021-05-27,Richmond,32,74118,5210,1618079
2021-05-28,Richmond,43,74161,4394,1622473
2021-05-29,Richmond,21,74182,4218,1626691
2021-05-30,Richmond,13,74195,2094,1628785
2021-05-31,Richmond,17,74212,1872,1630657
2021-06-01,Richmond,15,74227,1864,1632521
2021-06-02,Richmond,24,74251,4171,1636692
2021-06-03,Richmond,30,74281,7923,1644615
2021-06-04,Richmond,21,74302,3429,1648044
2021-06-05,Richmond,21,74323,4899,1652943
2021-06-06,Richmond,14,74337,2236,1655179
2021-06-07,Richmond,15,74352,2644,1657823
2021-06-08,Richmond,19,74371,4195,1662018
2021-06-09,Richmond,24,74395,4663,1666681
2021-06-10,Richmond,23,74418,5123,1671804
2021-06-11,Richmond,29,74447,5047,1676851
2021-06-12,Richmond,17,74464,4453,1681304
2021-06-13,Richmond,14,74478,1938,1683242
2021-06-14,Richmond,11,74489,1981,1685223
2021-06-15,Richmond,23,74512,4145,1689368
2021-06-16,Richmond,17,74529,4581,1693949
2021-06-17,Richmond,25,74554,4777,1698726
2021-06-18,Richmond,28,74582,4247,1702973
2021-06-19,Richmond,23,74605,3368,1706341
2021-06-20,Richmond,24,74629,2006,1708347
2021-06-21,Richmond,16,74645,2376,1710723
2021-06-22,Richmond,22,74667,3296,1714019
2021-06-23,Richmond,22,74689,3666,1717685
2021-06-24,Richmond,23,74712,3225,1720910
2021-06-25,Richmond,30,74742,3587,1724497
2021-06-26,Richmond,32,74774,3252,1727749
2021-06-27,Richmond,26,74800,2089,1729838
2021-06-28,Richmond,30,74830,1893,1731731
2021-06-29,Richmond,35,74865,2508,1734239
2021-06-30,Richmond,36,74901,3496,1737735
2021-07-01,Richmond,40,74941,2305,1740040
2021-07-02,Richmond,38,74979,2909,1742949
2021-07-03,Richmond,37,75016,2610,1745559
2021-07-04,Richmond,30,75046,1872,1747431
2021-07-05,Richmond,12,75058,1146,1748577
2021-07-06,Richmond,23,75081,1291,1749868
2021-07-07,Richmond,37,75118,3597,1753465
2021-07-08,Richmond,49,75167,3104,1756569
2021-07-09,Richmond,45,75212,2948,1759517
2021-07-10,Richmond,40,75252,2623,1762140
2021-07-11,Richmond,40,75292,1977,1764117
2021-07-12,Richmond,20,75312,2007,1766124
2021-07-13,Richmond,49,75361,2772,1768896
2021-07-14,Richmond,53,75414,3146,1772042
2021-07-15,Richmond,54,75468,3032,1775074
2021-07-16,Richmond,63,75531,2975,1778049
2021-07-17,Richmond,76,75607,2926,1780975
2021-07-18,Richmond,42,75649,2277,1783252
2020-03-01,Rockland,0,0,0,0
2020-03-02,Rockland,0,0,0,0
2020-03-03,Rockland,0,0,0,0
2020-03-04,Rockland,0,0,0,0
2020-03-05,Rockland,0,0,0,0
2020-03-06,Rockland,1,1,1,1
2020-03-07,Rockland,0,1,0,1
2020-03-08,Rockland,0,1,2,3
2020-03-09,Rockland,3,4,7,10
2020-03-10,Rockland,0,4,2,12
2020-03-11,Rockland,2,6,2,14
2020-03-12,Rockland,2,8,5,19
2020-03-13,Rockland,1,9,8,27
2020-03-14,Rockland,3,12,21,48
2020-03-15,Rockland,1,13,35,83
2020-03-16,Rockland,9,22,39,122
2020-03-17,Rockland,8,30,29,151
2020-03-18,Rockland,23,53,58,209
2020-03-19,Rockland,48,101,192,401
2020-03-20,Rockland,161,262,569,970
2020-03-21,Rockland,193,455,604,1574
2020-03-22,Rockland,137,592,393,1967
2020-03-23,Rockland,79,671,315,2282
2020-03-24,Rockland,297,968,592,2874
2020-03-25,Rockland,229,1197,567,3441
2020-03-26,Rockland,260,1457,588,4029
2020-03-27,Rockland,439,1896,1078,5107
2020-03-28,Rockland,313,2209,827,5934
2020-03-29,Rockland,302,2511,604,6538
2020-03-30,Rockland,352,2863,739,7277
2020-03-31,Rockland,458,3321,930,8207
2020-04-01,Rockland,430,3751,904,9111
2020-04-02,Rockland,538,4289,997,10108
2020-04-03,Rockland,583,4872,1124,11232
2020-04-04,Rockland,454,5326,880,12112
2020-04-05,Rockland,377,5703,732,12844
2020-04-06,Rockland,287,5990,662,13506
2020-04-07,Rockland,423,6413,1027,14533
2020-04-08,Rockland,252,6665,648,15181
2020-04-09,Rockland,457,7122,1013,16194
2020-04-10,Rockland,355,7477,785,16979
2020-04-11,Rockland,244,7721,569,17548
2020-04-12,Rockland,244,7965,586,18134
2020-04-13,Rockland,370,8335,779,18913
2020-04-14,Rockland,139,8474,371,19284
2020-04-15,Rockland,278,8752,830,20114
2020-04-16,Rockland,235,8987,678,20792
2020-04-17,Rockland,184,9171,610,21402
2020-04-18,Rockland,193,9364,547,21949
2020-04-19,Rockland,93,9457,316,22265
2020-04-20,Rockland,111,9568,407,22672
2020-04-21,Rockland,131,9699,478,23150
2020-04-22,Rockland,129,9828,584,23734
2020-04-23,Rockland,263,10091,1255,24989
2020-04-24,Rockland,1000,11091,2606,27595
2020-04-25,Rockland,165,11256,677,28272
2020-04-26,Rockland,110,11366,565,28837
2020-04-27,Rockland,87,11453,537,29374
2020-04-28,Rockland,133,11586,528,29902
2020-04-29,Rockland,122,11708,691,30593
2020-04-30,Rockland,104,11812,823,31416
2020-05-01,Rockland,133,11945,779,32195
2020-05-02,Rockland,80,12025,598,32793
2020-05-03,Rockland,70,12095,476,33269
2020-05-04,Rockland,49,12144,437,33706
2020-05-05,Rockland,60,12204,401,34107
2020-05-06,Rockland,76,12280,852,34959
2020-05-07,Rockland,69,12349,740,35699
2020-05-08,Rockland,51,12400,669,36368
2020-05-09,Rockland,51,12451,582,36950
2020-05-10,Rockland,33,12484,564,37514
2020-05-11,Rockland,20,12504,368,37882
2020-05-12,Rockland,39,12543,637,38519
2020-05-13,Rockland,53,12596,1096,39615
2020-05-14,Rockland,41,12637,851,40466
2020-05-15,Rockland,51,12688,1035,41501
2020-05-16,Rockland,70,12758,779,42280
2020-05-17,Rockland,19,12777,486,42766
2020-05-18,Rockland,21,12798,338,43104
2020-05-19,Rockland,33,12831,577,43681
2020-05-20,Rockland,46,12877,1091,44772
2020-05-21,Rockland,28,12905,790,45562
2020-05-22,Rockland,29,12934,814,46376
2020-05-23,Rockland,29,12963,735,47111
2020-05-24,Rockland,33,12996,634,47745
2020-05-25,Rockland,23,13019,652,48397
2020-05-26,Rockland,28,13047,554,48951
2020-05-27,Rockland,29,13076,1115,50066
2020-05-28,Rockland,24,13100,1097,51163
2020-05-29,Rockland,28,13128,807,51970
2020-05-30,Rockland,23,13151,616,52586
2020-05-31,Rockland,34,13185,682,53268
2020-06-01,Rockland,38,13223,785,54053
2020-06-02,Rockland,36,13259,1088,55141
2020-06-03,Rockland,21,13280,969,56110
2020-06-04,Rockland,17,13297,1191,57301
2020-06-05,Rockland,18,13315,1030,58331
2020-06-06,Rockland,10,13325,795,59126
2020-06-07,Rockland,15,13340,761,59887
2020-06-08,Rockland,13,13353,847,60734
2020-06-09,Rockland,19,13372,843,61577
2020-06-10,Rockland,13,13385,976,62553
2020-06-11,Rockland,11,13396,905,63458
2020-06-12,Rockland,15,13411,885,64343
2020-06-13,Rockland,12,13423,876,65219
2020-06-14,Rockland,18,13441,797,66016
2020-06-15,Rockland,19,13460,770,66786
2020-06-16,Rockland,7,13467,683,67469
2020-06-17,Rockland,7,13474,918,68387
2020-06-18,Rockland,12,13486,1081,69468
2020-06-19,Rockland,9,13495,804,70272
2020-06-20,Rockland,9,13504,628,70900
2020-06-21,Rockland,10,13514,603,71503
2020-06-22,Rockland,15,13529,575,72078
2020-06-23,Rockland,5,13534,498,72576
2020-06-24,Rockland,15,13549,686,73262
2020-06-25,Rockland,8,13557,881,74143
2020-06-26,Rockland,9,13566,951,75094
2020-06-27,Rockland,10,13576,795,75889
2020-06-28,Rockland,4,13580,627,76516
2020-06-29,Rockland,10,13590,728,77244
2020-06-30,Rockland,12,13602,999,78243
2020-07-01,Rockland,10,13612,980,79223
2020-07-02,Rockland,11,13623,1109,80332
2020-07-03,Rockland,6,13629,636,80968
2020-07-04,Rockland,19,13648,1043,82011
2020-07-05,Rockland,8,13656,759,82770
2020-07-06,Rockland,12,13668,895,83665
2020-07-07,Rockland,11,13679,744,84409
2020-07-08,Rockland,4,13683,932,85341
2020-07-09,Rockland,8,13691,927,86268
2020-07-10,Rockland,9,13700,949,87217
2020-07-11,Rockland,16,13716,1039,88256
2020-07-12,Rockland,3,13719,555,88811
2020-07-13,Rockland,14,13733,1001,89812
2020-07-14,Rockland,10,13743,1127,90939
2020-07-15,Rockland,20,13763,975,91914
2020-07-16,Rockland,12,13775,1034,92948
2020-07-17,Rockland,9,13784,1038,93986
2020-07-18,Rockland,9,13793,497,94483
2020-07-19,Rockland,5,13798,497,94980
2020-07-20,Rockland,8,13806,651,95631
2020-07-21,Rockland,6,13812,900,96531
2020-07-22,Rockland,8,13820,719,97250
2020-07-23,Rockland,10,13830,1114,98364
2020-07-24,Rockland,7,13837,844,99208
2020-07-25,Rockland,2,13839,520,99728
2020-07-26,Rockland,2,13841,580,100308
2020-07-27,Rockland,4,13845,772,101080
2020-07-28,Rockland,7,13852,646,101726
2020-07-29,Rockland,8,13860,642,102368
2020-07-30,Rockland,4,13864,789,103157
2020-07-31,Rockland,16,13880,898,104055
2020-08-01,Rockland,2,13882,573,104628
2020-08-02,Rockland,3,13885,525,105153
2020-08-03,Rockland,8,13893,948,106101
2020-08-04,Rockland,10,13903,867,106968
2020-08-05,Rockland,15,13918,841,107809
2020-08-06,Rockland,7,13925,744,108553
2020-08-07,Rockland,11,13936,784,109337
2020-08-08,Rockland,6,13942,785,110122
2020-08-09,Rockland,7,13949,617,110739
2020-08-10,Rockland,5,13954,1150,111889
2020-08-11,Rockland,12,13966,1261,113150
2020-08-12,Rockland,7,13973,1042,114192
2020-08-13,Rockland,8,13981,959,115151
2020-08-14,Rockland,16,13997,1160,116311
2020-08-15,Rockland,10,14007,852,117163
2020-08-16,Rockland,4,14011,638,117801
2020-08-17,Rockland,42,14053,911,118712
2020-08-18,Rockland,14,14067,1153,119865
2020-08-19,Rockland,22,14089,1063,120928
2020-08-20,Rockland,17,14106,1229,122157
2020-08-21,Rockland,12,14118,1382,123539
2020-08-22,Rockland,11,14129,997,124536
2020-08-23,Rockland,10,14139,782,125318
2020-08-24,Rockland,10,14149,837,126155
2020-08-25,Rockland,12,14161,1016,127171
2020-08-26,Rockland,22,14183,963,128134
2020-08-27,Rockland,14,14197,1165,129299
2020-08-28,Rockland,21,14218,1251,130550
2020-08-29,Rockland,15,14233,1733,132283
2020-08-30,Rockland,22,14255,723,133006
2020-08-31,Rockland,16,14271,900,133906
2020-09-01,Rockland,34,14305,2290,136196
2020-09-02,Rockland,29,14334,1283,137479
2020-09-03,Rockland,24,14358,1148,138627
2020-09-04,Rockland,24,14382,1299,139926
2020-09-05,Rockland,14,14396,950,140876
2020-09-06,Rockland,22,14418,607,141483
2020-09-07,Rockland,21,14439,505,141988
2020-09-08,Rockland,20,14459,1253,143241
2020-09-09,Rockland,21,14480,1169,144410
2020-09-10,Rockland,30,14510,1434,145844
2020-09-11,Rockland,20,14530,1225,147069
2020-09-12,Rockland,17,14547,745,147814
2020-09-13,Rockland,34,14581,715,148529
2020-09-14,Rockland,36,14617,1571,150100
2020-09-15,Rockland,43,14660,1135,151235
2020-09-16,Rockland,38,14698,1256,152491
2020-09-17,Rockland,49,14747,1402,153893
2020-09-18,Rockland,54,14801,1453,155346
2020-09-19,Rockland,22,14823,946,156292
2020-09-20,Rockland,10,14833,654,156946
2020-09-21,Rockland,58,14891,1763,158709
2020-09-22,Rockland,63,14954,1341,160050
2020-09-23,Rockland,44,14998,1308,161358
2020-09-24,Rockland,47,15045,1070,162428
2020-09-25,Rockland,55,15100,1477,163905
2020-09-26,Rockland,67,15167,993,164898
2020-09-27,Rockland,110,15277,859,165757
2020-09-28,Rockland,65,15342,1811,167568
2020-09-29,Rockland,110,15452,1680,169248
2020-09-30,Rockland,184,15636,2143,171391
2020-10-01,Rockland,213,15849,2790,174181
2020-10-02,Rockland,124,15973,2078,176259
2020-10-03,Rockland,43,16016,1115,177374
2020-10-04,Rockland,55,16071,888,178262
2020-10-05,Rockland,119,16190,1633,179895
2020-10-06,Rockland,66,16256,1478,181373
2020-10-07,Rockland,198,16454,2760,184133
2020-10-08,Rockland,145,16599,2577,186710
2020-10-09,Rockland,91,16690,2330,189040
2020-10-10,Rockland,27,16717,1283,190323
2020-10-11,Rockland,43,16760,1046,191369
2020-10-12,Rockland,69,16829,3169,194538
2020-10-13,Rockland,62,16891,1552,196090
2020-10-14,Rockland,81,16972,2254,198344
2020-10-15,Rockland,91,17063,2005,200349
2020-10-16,Rockland,62,17125,2420,202769
2020-10-17,Rockland,46,17171,2138,204907
2020-10-18,Rockland,36,17207,1631,206538
2020-10-19,Rockland,62,17269,3034,209572
2020-10-20,Rockland,184,17453,3576,213148
2020-10-21,Rockland,71,17524,4181,217329
2020-10-22,Rockland,57,17581,2649,219978
2020-10-23,Rockland,54,17635,3304,223282
2020-10-24,Rockland,50,17685,1857,225139
2020-10-25,Rockland,75,17760,1344,226483
2020-10-26,Rockland,72,17832,2631,229114
2020-10-27,Rockland,111,17943,3399,232513
2020-10-28,Rockland,81,18024,2769,235282
2020-10-29,Rockland,86,18110,2878,238160
2020-10-30,Rockland,67,18177,2202,240362
2020-10-31,Rockland,88,18265,2331,242693
2020-11-01,Rockland,88,18353,1588,244281
2020-11-02,Rockland,113,18466,3596,247877
2020-11-03,Rockland,115,18581,3055,250932
2020-11-04,Rockland,102,18683,3091,254023
2020-11-05,Rockland,73,18756,3378,257401
2020-11-06,Rockland,98,18854,3773,261174
2020-11-07,Rockland,56,18910,1464,262638
2020-11-08,Rockland,85,18995,2084,264722
2020-11-09,Rockland,138,19133,3251,267973
2020-11-10,Rockland,144,19277,3903,271876
2020-11-11,Rockland,137,19414,4093,275969
2020-11-12,Rockland,153,19567,4310,280279
2020-11-13,Rockland,156,19723,4635,284914
2020-11-14,Rockland,120,19843,3911,288825
2020-11-15,Rockland,61,19904,1723,290548
2020-11-16,Rockland,140,20044,2800,293348
2020-11-17,Rockland,132,20176,2800,296148
2020-11-18,Rockland,87,20263,3039,299187
2020-11-19,Rockland,88,20351,3795,302982
2020-11-20,Rockland,160,20511,5044,308026
2020-11-21,Rockland,91,20602,2574,310600
2020-11-22,Rockland,106,20708,3197,313797
2020-11-23,Rockland,116,20824,3071,316868
2020-11-24,Rockland,118,20942,2812,319680
2020-11-25,Rockland,169,21111,3874,323554
2020-11-26,Rockland,147,21258,3778,327332
2020-11-27,Rockland,120,21378,2794,330126
2020-11-28,Rockland,124,21502,2651,332777
2020-11-29,Rockland,130,21632,2747,335524
2020-11-30,Rockland,213,21845,3483,339007
2020-12-01,Rockland,203,22048,3402,342409
2020-12-02,Rockland,173,22221,2998,345407
2020-12-03,Rockland,200,22421,3241,348648
2020-12-04,Rockland,212,22633,3798,352446
2020-12-05,Rockland,167,22800,3244,355690
2020-12-06,Rockland,97,22897,2248,357938
2020-12-07,Rockland,175,23072,2645,360583
2020-12-08,Rockland,236,23308,3600,364183
2020-12-09,Rockland,197,23505,3400,367583
2020-12-10,Rockland,175,23680,2874,370457
2020-12-11,Rockland,169,23849,3536,373993
2020-12-12,Rockland,142,23991,2764,376757
2020-12-13,Rockland,192,24183,2813,379570
2020-12-14,Rockland,151,24334,2168,381738
2020-12-15,Rockland,221,24555,3495,385233
2020-12-16,Rockland,232,24787,3446,388679
2020-12-17,Rockland,196,24983,3298,391977
2020-12-18,Rockland,141,25124,2522,394499
2020-12-19,Rockland,151,25275,3113,397612
2020-12-20,Rockland,138,25413,1895,399507
2020-12-21,Rockland,166,25579,2585,402092
2020-12-22,Rockland,260,25839,3419,405511
2020-12-23,Rockland,209,26048,3646,409157
2020-12-24,Rockland,243,26291,4156,413313
2020-12-25,Rockland,142,26433,2538,415851
2020-12-26,Rockland,137,26570,2518,418369
2020-12-27,Rockland,137,26707,1605,419974
2020-12-28,Rockland,219,26926,2558,422532
2020-12-29,Rockland,267,27193,3089,425621
2020-12-30,Rockland,317,27510,3847,429468
2020-12-31,Rockland,258,27768,3521,432989
2021-01-01,Rockland,243,28011,3058,436047
2021-01-02,Rockland,151,28162,2061,438108
2021-01-03,Rockland,173,28335,2084,440192
2021-01-04,Rockland,233,28568,2438,442630
2021-01-05,Rockland,293,28861,3223,445853
2021-01-06,Rockland,341,29202,4128,449981
2021-01-07,Rockland,242,29444,3248,453229
2021-01-08,Rockland,216,29660,3645,456874
2021-01-09,Rockland,167,29827,3131,460005
2021-01-10,Rockland,188,30015,2541,462546
2021-01-11,Rockland,258,30273,3652,466198
2021-01-12,Rockland,284,30557,3128,469326
2021-01-13,Rockland,213,30770,2868,472194
2021-01-14,Rockland,291,31061,4925,477119
2021-01-15,Rockland,285,31346,4071,481190
2021-01-16,Rockland,163,31509,3072,484262
2021-01-17,Rockland,159,31668,2382,486644
2021-01-18,Rockland,216,31884,2772,489416
2021-01-19,Rockland,253,32137,3403,492819
2021-01-20,Rockland,270,32407,3898,496717
2021-01-21,Rockland,253,32660,3873,500590
2021-01-22,Rockland,288,32948,4149,504739
2021-01-23,Rockland,176,33124,3487,508226
2021-01-24,Rockland,203,33327,3505,511731
2021-01-25,Rockland,205,33532,2608,514339
2021-01-26,Rockland,237,33769,3188,517527
2021-01-27,Rockland,226,33995,4508,522035
2021-01-28,Rockland,179,34174,3459,525494
2021-01-29,Rockland,291,34465,4226,529720
2021-01-30,Rockland,124,34589,2591,532311
2021-01-31,Rockland,115,34704,2057,534368
2021-02-01,Rockland,126,34830,2751,537119
2021-02-02,Rockland,120,34950,1772,538891
2021-02-03,Rockland,144,35094,2088,540979
2021-02-04,Rockland,158,35252,3065,544044
2021-02-05,Rockland,243,35495,3970,548014
2021-02-06,Rockland,133,35628,2867,550881
2021-02-07,Rockland,141,35769,2676,553557
2021-02-08,Rockland,158,35927,2235,555792
2021-02-09,Rockland,134,36061,2483,558275
2021-02-10,Rockland,186,36247,3488,561763
2021-02-11,Rockland,176,36423,3804,565567
2021-02-12,Rockland,167,36590,3175,568742
2021-02-13,Rockland,82,36672,2233,570975
2021-02-14,Rockland,105,36777,2364,573339
2021-02-15,Rockland,177,36954,2556,575895
2021-02-16,Rockland,134,37088,2746,578641
2021-02-17,Rockland,112,37200,2459,581100
2021-02-18,Rockland,120,37320,2183,583283
2021-02-19,Rockland,158,37478,3035,586318
2021-02-20,Rockland,101,37579,1775,588093
2021-02-21,Rockland,95,37674,1957,590050
2021-02-22,Rockland,159,37833,2146,592196
2021-02-23,Rockland,115,37948,2583,594779
2021-02-24,Rockland,190,38138,3731,598510
2021-02-25,Rockland,127,38265,3389,601899
2021-02-26,Rockland,151,38416,3190,605089
2021-02-27,Rockland,122,38538,2263,607352
2021-02-28,Rockland,90,38628,2172,609524
2021-03-01,Rockland,169,38797,2412,611936
2021-03-02,Rockland,158,38955,3950,615886
2021-03-03,Rockland,194,39149,3345,619231
2021-03-04,Rockland,175,39324,3850,623081
2021-03-05,Rockland,222,39546,3896,626977
2021-03-06,Rockland,127,39673,2413,629390
2021-03-07,Rockland,132,39805,1690,631080
2021-03-08,Rockland,205,40010,3035,634115
2021-03-09,Rockland,193,40203,2804,636919
2021-03-10,Rockland,204,40407,3309,640228
2021-03-11,Rockland,224,40631,3954,644182
2021-03-12,Rockland,127,40758,2784,646966
2021-03-13,Rockland,112,40870,2249,649215
2021-03-14,Rockland,118,40988,1453,650668
2021-03-15,Rockland,187,41175,2617,653285
2021-03-16,Rockland,184,41359,3398,656683
2021-03-17,Rockland,187,41546,3776,660459
2021-03-18,Rockland,183,41729,3735,664194
2021-03-19,Rockland,129,41858,2930,667124
2021-03-20,Rockland,132,41990,2583,669707
2021-03-21,Rockland,87,42077,1489,671196
2021-03-22,Rockland,173,42250,2557,673753
2021-03-23,Rockland,134,42384,2223,675976
2021-03-24,Rockland,172,42556,2750,678726
2021-03-25,Rockland,185,42741,4328,683054
2021-03-26,Rockland,191,42932,4510,687564
2021-03-27,Rockland,198,43130,3204,690768
2021-03-28,Rockland,107,43237,1825,692593
2021-03-29,Rockland,138,43375,1862,694455
2021-03-30,Rockland,210,43585,2839,697294
2021-03-31,Rockland,133,43718,2647,699941
2021-04-01,Rockland,168,43886,3098,703039
2021-04-02,Rockland,166,44052,3269,706308
2021-04-03,Rockland,98,44150,1931,708239
2021-04-04,Rockland,84,44234,1835,710074
2021-04-05,Rockland,150,44384,2259,712333
2021-04-06,Rockland,119,44503,4405,716738
2021-04-07,Rockland,139,44642,3016,719754
2021-04-08,Rockland,181,44823,3886,723640
2021-04-09,Rockland,129,44952,2809,726449
2021-04-10,Rockland,116,45068,2699,729148
2021-04-11,Rockland,80,45148,1618,730766
2021-04-12,Rockland,97,45245,2066,732832
2021-04-13,Rockland,100,45345,2967,735799
2021-04-14,Rockland,94,45439,3074,738873
2021-04-15,Rockland,88,45527,3446,742319
2021-04-16,Rockland,124,45651,3341,745660
2021-04-17,Rockland,49,45700,2622,748282
2021-04-18,Rockland,39,45739,1611,749893
2021-04-19,Rockland,56,45795,1550,751443
2021-04-20,Rockland,54,45849,2595,754038
2021-04-21,Rockland,73,45922,3462,757500
2021-04-22,Rockland,79,46001,3910,761410
2021-04-23,Rockland,48,46049,3520,764930
2021-04-24,Rockland,34,46083,2369,767299
2021-04-25,Rockland,30,46113,1497,768796
2021-04-26,Rockland,36,46149,1513,770309
2021-04-27,Rockland,32,46181,2931,773240
2021-04-28,Rockland,50,46231,2507,775747
2021-04-29,Rockland,37,46268,2426,778173
2021-04-30,Rockland,51,46319,2817,780990
2021-05-01,Rockland,28,46347,2058,783048
2021-05-02,Rockland,15,46362,1784,784832
2021-05-03,Rockland,26,46388,1066,785898
2021-05-04,Rockland,58,46446,2721,788619
2021-05-05,Rockland,37,46483,2858,791477
2021-05-06,Rockland,28,46511,2267,793744
2021-05-07,Rockland,21,46532,2925,796669
2021-05-08,Rockland,13,46545,1662,798331
2021-05-09,Rockland,8,46553,1043,799374
2021-05-10,Rockland,11,46564,1077,800451
2021-05-11,Rockland,22,46586,4163,804614
2021-05-12,Rockland,21,46607,3109,807723
2021-05-13,Rockland,19,46626,2138,809861
2021-05-14,Rockland,30,46656,3501,813362
2021-05-15,Rockland,17,46673,1957,815319
2021-05-16,Rockland,24,46697,1506,816825
2021-05-17,Rockland,7,46704,1612,818437
2021-05-18,Rockland,11,46715,1468,819905
2021-05-19,Rockland,16,46731,2157,822062
2021-05-20,Rockland,16,46747,2372,824434
2021-05-21,Rockland,21,46768,2076,826510
2021-05-22,Rockland,9,46777,1470,827980
2021-05-23,Rockland,5,46782,1029,829009
2021-05-24,Rockland,11,46793,1814,830823
2021-05-25,Rockland,16,46809,1797,832620
2021-05-26,Rockland,12,46821,1664,834284
2021-05-27,Rockland,8,46829,1893,836177
2021-05-28,Rockland,6,46835,1511,837688
2021-05-29,Rockland,9,46844,1107,838795
2021-05-30,Rockland,5,46849,1336,840131
2021-05-31,Rockland,8,46857,838,840969
2021-06-01,Rockland,7,46864,3771,844740
2021-06-02,Rockland,4,46868,1475,846215
2021-06-03,Rockland,14,46882,4252,850467
2021-06-04,Rockland,12,46894,2713,853180
2021-06-05,Rockland,10,46904,1799,854979
2021-06-06,Rockland,1,46905,1046,856025
2021-06-07,Rockland,4,46909,1631,857656
2021-06-08,Rockland,6,46915,1270,858926
2021-06-09,Rockland,5,46920,1916,860842
2021-06-10,Rockland,4,46924,1634,862476
2021-06-11,Rockland,6,46930,2627,865103
2021-06-12,Rockland,5,46935,2509,867612
2021-06-13,Rockland,1,46936,621,868233
2021-06-14,Rockland,8,46944,929,869162
2021-06-15,Rockland,4,46948,1629,870791
2021-06-16,Rockland,4,46952,1320,872111
2021-06-17,Rockland,6,46958,1766,873877
2021-06-18,Rockland,7,46965,1257,875134
2021-06-19,Rockland,4,46969,1214,876348
2021-06-20,Rockland,0,46969,858,877206
2021-06-21,Rockland,12,46981,1515,878721
2021-06-22,Rockland,5,46986,1397,880118
2021-06-23,Rockland,1,46987,1476,881594
2021-06-24,Rockland,8,46995,1206,882800
2021-06-25,Rockland,12,47007,1778,884578
2021-06-26,Rockland,4,47011,1062,885640
2021-06-27,Rockland,3,47014,779,886419
2021-06-28,Rockland,3,47017,941,887360
2021-06-29,Rockland,5,47022,1803,889163
2021-06-30,Rockland,5,47027,1015,890178
2021-07-01,Rockland,41,47068,952,891130
2021-07-02,Rockland,8,47076,1899,893029
2021-07-03,Rockland,5,47081,854,893883
2021-07-04,Rockland,5,47086,592,894475
2021-07-05,Rockland,7,47093,509,894984
2021-07-06,Rockland,12,47105,1908,896892
2021-07-07,Rockland,9,47114,1244,898136
2021-07-08,Rockland,17,47131,1027,899163
2021-07-09,Rockland,12,47143,1553,900716
2021-07-10,Rockland,8,47151,895,901611
2021-07-11,Rockland,5,47156,2129,903740
2021-07-12,Rockland,12,47168,956,904696
2021-07-13,Rockland,11,47179,2735,907431
2021-07-14,Rockland,11,47190,955,908386
2021-07-15,Rockland,13,47203,1053,909439
2021-07-16,Rockland,18,47221,2040,911479
2021-07-17,Rockland,6,47227,893,912372
2021-07-18,Rockland,9,47236,5245,917617
2020-03-01,Saratoga,0,0,0,0
2020-03-02,Saratoga,0,0,0,0
2020-03-03,Saratoga,0,0,0,0
2020-03-04,Saratoga,0,0,0,0
2020-03-05,Saratoga,0,0,0,0
2020-03-06,Saratoga,0,0,0,0
2020-03-07,Saratoga,0,0,1,1
2020-03-08,Saratoga,0,0,0,1
2020-03-09,Saratoga,2,2,9,10
2020-03-10,Saratoga,0,2,2,12
2020-03-11,Saratoga,1,3,31,43
2020-03-12,Saratoga,0,3,32,75
2020-03-13,Saratoga,0,3,41,116
2020-03-14,Saratoga,0,3,45,161
2020-03-15,Saratoga,2,5,66,227
2020-03-16,Saratoga,4,9,55,282
2020-03-17,Saratoga,5,14,76,358
2020-03-18,Saratoga,4,18,156,514
2020-03-19,Saratoga,6,24,102,616
2020-03-20,Saratoga,11,35,279,895
2020-03-21,Saratoga,6,41,143,1038
2020-03-22,Saratoga,12,53,164,1202
2020-03-23,Saratoga,7,60,76,1278
2020-03-24,Saratoga,4,64,69,1347
2020-03-25,Saratoga,9,73,55,1402
2020-03-26,Saratoga,9,82,69,1471
2020-03-27,Saratoga,14,96,82,1553
2020-03-28,Saratoga,6,102,51,1604
2020-03-29,Saratoga,3,105,15,1619
2020-03-30,Saratoga,3,108,23,1642
2020-03-31,Saratoga,14,122,78,1720
2020-04-01,Saratoga,10,132,69,1789
2020-04-02,Saratoga,9,141,53,1842
2020-04-03,Saratoga,0,141,57,1899
2020-04-04,Saratoga,7,148,110,2009
2020-04-05,Saratoga,5,153,34,2043
2020-04-06,Saratoga,2,155,40,2083
2020-04-07,Saratoga,7,162,73,2156
2020-04-08,Saratoga,10,172,113,2269
2020-04-09,Saratoga,10,182,154,2423
2020-04-10,Saratoga,5,187,68,2491
2020-04-11,Saratoga,9,196,88,2579
2020-04-12,Saratoga,5,201,61,2640
2020-04-13,Saratoga,23,224,193,2833
2020-04-14,Saratoga,3,227,71,2904
2020-04-15,Saratoga,4,231,92,2996
2020-04-16,Saratoga,5,236,77,3073
2020-04-17,Saratoga,8,244,98,3171
2020-04-18,Saratoga,7,251,105,3276
2020-04-19,Saratoga,3,254,32,3308
2020-04-20,Saratoga,3,257,42,3350
2020-04-21,Saratoga,7,264,101,3451
2020-04-22,Saratoga,1,265,52,3503
2020-04-23,Saratoga,13,278,127,3630
2020-04-24,Saratoga,42,320,642,4272
2020-04-25,Saratoga,10,330,217,4489
2020-04-26,Saratoga,6,336,114,4603
2020-04-27,Saratoga,7,343,116,4719
2020-04-28,Saratoga,3,346,125,4844
2020-04-29,Saratoga,8,354,195,5039
2020-04-30,Saratoga,4,358,171,5210
2020-05-01,Saratoga,3,361,173,5383
2020-05-02,Saratoga,2,363,203,5586
2020-05-03,Saratoga,4,367,103,5689
2020-05-04,Saratoga,1,368,115,5804
2020-05-05,Saratoga,3,371,173,5977
2020-05-06,Saratoga,3,374,157,6134
2020-05-07,Saratoga,14,388,174,6308
2020-05-08,Saratoga,11,399,179,6487
2020-05-09,Saratoga,3,402,183,6670
2020-05-10,Saratoga,1,403,170,6840
2020-05-11,Saratoga,4,407,154,6994
2020-05-12,Saratoga,3,410,196,7190
2020-05-13,Saratoga,5,415,280,7470
2020-05-14,Saratoga,6,421,266,7736
2020-05-15,Saratoga,2,423,358,8094
2020-05-16,Saratoga,5,428,560,8654
2020-05-17,Saratoga,6,434,242,8896
2020-05-18,Saratoga,2,436,139,9035
2020-05-19,Saratoga,2,438,267,9302
2020-05-20,Saratoga,2,440,458,9760
2020-05-21,Saratoga,8,448,351,10111
2020-05-22,Saratoga,4,452,254,10365
2020-05-23,Saratoga,4,456,316,10681
2020-05-24,Saratoga,5,461,185,10866
2020-05-25,Saratoga,2,463,312,11178
2020-05-26,Saratoga,2,465,285,11463
2020-05-27,Saratoga,3,468,292,11755
2020-05-28,Saratoga,5,473,511,12266
2020-05-29,Saratoga,4,477,518,12784
2020-05-30,Saratoga,3,480,399,13183
2020-05-31,Saratoga,3,483,487,13670
2020-06-01,Saratoga,1,484,317,13987
2020-06-02,Saratoga,5,489,609,14596
2020-06-03,Saratoga,4,493,741,15337
2020-06-04,Saratoga,3,496,574,15911
2020-06-05,Saratoga,5,501,610,16521
2020-06-06,Saratoga,1,502,520,17041
2020-06-07,Saratoga,2,504,654,17695
2020-06-08,Saratoga,7,511,396,18091
2020-06-09,Saratoga,0,511,495,18586
2020-06-10,Saratoga,2,513,577,19163
2020-06-11,Saratoga,1,514,693,19856
2020-06-12,Saratoga,0,514,357,20213
2020-06-13,Saratoga,1,515,437,20650
2020-06-14,Saratoga,2,517,568,21218
2020-06-15,Saratoga,5,522,425,21643
2020-06-16,Saratoga,1,523,435,22078
2020-06-17,Saratoga,3,526,488,22566
2020-06-18,Saratoga,2,528,546,23112
2020-06-19,Saratoga,3,531,561,23673
2020-06-20,Saratoga,2,533,492,24165
2020-06-21,Saratoga,2,535,543,24708
2020-06-22,Saratoga,3,538,273,24981
2020-06-23,Saratoga,0,538,470,25451
2020-06-24,Saratoga,2,540,389,25840
2020-06-25,Saratoga,0,540,564,26404
2020-06-26,Saratoga,6,546,589,26993
2020-06-27,Saratoga,2,548,517,27510
2020-06-28,Saratoga,1,549,531,28041
2020-06-29,Saratoga,0,549,283,28324
2020-06-30,Saratoga,1,550,246,28570
2020-07-01,Saratoga,5,555,444,29014
2020-07-02,Saratoga,6,561,512,29526
2020-07-03,Saratoga,1,562,518,30044
2020-07-04,Saratoga,4,566,516,30560
2020-07-05,Saratoga,6,572,431,30991
2020-07-06,Saratoga,6,578,267,31258
2020-07-07,Saratoga,4,582,539,31797
2020-07-08,Saratoga,3,585,555,32352
2020-07-09,Saratoga,2,587,419,32771
2020-07-10,Saratoga,8,595,524,33295
2020-07-11,Saratoga,7,602,506,33801
2020-07-12,Saratoga,8,610,480,34281
2020-07-13,Saratoga,6,616,577,34858
2020-07-14,Saratoga,7,623,531,35389
2020-07-15,Saratoga,1,624,483,35872
2020-07-16,Saratoga,6,630,494,36366
2020-07-17,Saratoga,5,635,893,37259
2020-07-18,Saratoga,2,637,479,37738
2020-07-19,Saratoga,2,639,412,38150
2020-07-20,Saratoga,7,646,782,38932
2020-07-21,Saratoga,4,650,556,39488
2020-07-22,Saratoga,13,663,890,40378
2020-07-23,Saratoga,2,665,546,40924
2020-07-24,Saratoga,14,679,889,41813
2020-07-25,Saratoga,6,685,795,42608
2020-07-26,Saratoga,3,688,521,43129
2020-07-27,Saratoga,3,691,639,43768
2020-07-28,Saratoga,10,701,462,44230
2020-07-29,Saratoga,8,709,537,44767
2020-07-30,Saratoga,6,715,540,45307
2020-07-31,Saratoga,11,726,1028,46335
2020-08-01,Saratoga,6,732,603,46938
2020-08-02,Saratoga,1,733,426,47364
2020-08-03,Saratoga,6,739,841,48205
2020-08-04,Saratoga,5,744,681,48886
2020-08-05,Saratoga,3,747,576,49462
2020-08-06,Saratoga,5,752,826,50288
2020-08-07,Saratoga,3,755,506,50794
2020-08-08,Saratoga,2,757,685,51479
2020-08-09,Saratoga,3,760,451,51930
2020-08-10,Saratoga,7,767,749,52679
2020-08-11,Saratoga,1,768,601,53280
2020-08-12,Saratoga,6,774,831,54111
2020-08-13,Saratoga,8,782,728,54839
2020-08-14,Saratoga,1,783,789,55628
2020-08-15,Saratoga,9,792,720,56348
2020-08-16,Saratoga,3,795,498,56846
2020-08-17,Saratoga,5,800,934,57780
2020-08-18,Saratoga,0,800,1088,58868
2020-08-19,Saratoga,2,802,1221,60089
2020-08-20,Saratoga,6,808,1254,61343
2020-08-21,Saratoga,5,813,1228,62571
2020-08-22,Saratoga,2,815,981,63552
2020-08-23,Saratoga,1,816,438,63990
2020-08-24,Saratoga,8,824,679,64669
2020-08-25,Saratoga,0,824,1137,65806
2020-08-26,Saratoga,5,829,1175,66981
2020-08-27,Saratoga,3,832,661,67642
2020-08-28,Saratoga,0,832,1292,68934
2020-08-29,Saratoga,10,842,1102,70036
2020-08-30,Saratoga,2,844,800,70836
2020-08-31,Saratoga,2,846,379,71215
2020-09-01,Saratoga,6,852,1239,72454
2020-09-02,Saratoga,11,863,1102,73556
2020-09-03,Saratoga,5,868,1151,74707
2020-09-04,Saratoga,9,877,1075,75782
2020-09-05,Saratoga,12,889,1108,76890
2020-09-06,Saratoga,4,893,420,77310
2020-09-07,Saratoga,7,900,470,77780
2020-09-08,Saratoga,11,911,910,78690
2020-09-09,Saratoga,7,918,376,79066
2020-09-10,Saratoga,25,943,1731,80797
2020-09-11,Saratoga,12,955,1702,82499
2020-09-12,Saratoga,6,961,958,83457
2020-09-13,Saratoga,3,964,642,84099
2020-09-14,Saratoga,1,965,471,84570
2020-09-15,Saratoga,5,970,1298,85868
2020-09-16,Saratoga,6,976,1190,87058
2020-09-17,Saratoga,9,985,1305,88363
2020-09-18,Saratoga,5,990,1188,89551
2020-09-19,Saratoga,8,998,1375,90926
2020-09-20,Saratoga,6,1004,511,91437
2020-09-21,Saratoga,2,1006,728,92165
2020-09-22,Saratoga,8,1014,690,92855
2020-09-23,Saratoga,3,1017,1849,94704
2020-09-24,Saratoga,14,1031,1044,95748
2020-09-25,Saratoga,5,1036,1322,97070
2020-09-26,Saratoga,8,1044,1862,98932
2020-09-27,Saratoga,8,1052,650,99582
2020-09-28,Saratoga,8,1060,643,100225
2020-09-29,Saratoga,6,1066,1286,101511
2020-09-30,Saratoga,7,1073,1305,102816
2020-10-01,Saratoga,10,1083,1421,104237
2020-10-02,Saratoga,7,1090,1172,105409
2020-10-03,Saratoga,5,1095,1666,107075
2020-10-04,Saratoga,5,1100,1001,108076
2020-10-05,Saratoga,3,1103,1206,109282
2020-10-06,Saratoga,8,1111,1036,110318
2020-10-07,Saratoga,11,1122,1426,111744
2020-10-08,Saratoga,17,1139,1587,113331
2020-10-09,Saratoga,2,1141,1133,114464
2020-10-10,Saratoga,8,1149,1012,115476
2020-10-11,Saratoga,9,1158,1961,117437
2020-10-12,Saratoga,10,1168,1397,118834
2020-10-13,Saratoga,6,1174,745,119579
2020-10-14,Saratoga,8,1182,1150,120729
2020-10-15,Saratoga,8,1190,991,121720
2020-10-16,Saratoga,12,1202,1463,123183
2020-10-17,Saratoga,5,1207,1762,124945
2020-10-18,Saratoga,6,1213,1148,126093
2020-10-19,Saratoga,6,1219,1462,127555
2020-10-20,Saratoga,10,1229,1103,128658
2020-10-21,Saratoga,15,1244,1060,129718
2020-10-22,Saratoga,21,1265,1125,130843
2020-10-23,Saratoga,30,1295,1240,132083
2020-10-24,Saratoga,13,1308,1772,133855
2020-10-25,Saratoga,11,1319,1278,135133
2020-10-26,Saratoga,15,1334,1577,136710
2020-10-27,Saratoga,11,1345,1168,137878
2020-10-28,Saratoga,20,1365,1314,139192
2020-10-29,Saratoga,18,1383,1073,140265
2020-10-30,Saratoga,22,1405,1349,141614
2020-10-31,Saratoga,18,1423,2115,143729
2020-11-01,Saratoga,15,1438,1029,144758
2020-11-02,Saratoga,10,1448,1765,146523
2020-11-03,Saratoga,10,1458,1375,147898
2020-11-04,Saratoga,24,1482,1362,149260
2020-11-05,Saratoga,21,1503,1255,150515
2020-11-06,Saratoga,17,1520,976,151491
2020-11-07,Saratoga,21,1541,2204,153695
2020-11-08,Saratoga,12,1553,1032,154727
2020-11-09,Saratoga,14,1567,1463,156190
2020-11-10,Saratoga,16,1583,1390,157580
2020-11-11,Saratoga,28,1611,1495,159075
2020-11-12,Saratoga,31,1642,1258,160333
2020-11-13,Saratoga,24,1666,1065,161398
2020-11-14,Saratoga,14,1680,729,162127
2020-11-15,Saratoga,14,1694,748,162875
2020-11-16,Saratoga,47,1741,2624,165499
2020-11-17,Saratoga,28,1769,976,166475
2020-11-18,Saratoga,35,1804,1949,168424
2020-11-19,Saratoga,38,1842,1378,169802
2020-11-20,Saratoga,33,1875,2778,172580
2020-11-21,Saratoga,29,1904,1086,173666
2020-11-22,Saratoga,65,1969,2399,176065
2020-11-23,Saratoga,37,2006,1375,177440
2020-11-24,Saratoga,39,2045,1317,178757
2020-11-25,Saratoga,44,2089,1272,180029
2020-11-26,Saratoga,62,2151,1671,181700
2020-11-27,Saratoga,29,2180,1034,182734
2020-11-28,Saratoga,65,2245,1514,184248
2020-11-29,Saratoga,48,2293,1452,185700
2020-11-30,Saratoga,77,2370,1589,187289
2020-12-01,Saratoga,43,2413,1046,188335
2020-12-02,Saratoga,75,2488,1771,190106
2020-12-03,Saratoga,93,2581,2034,192140
2020-12-04,Saratoga,91,2672,1714,193854
2020-12-05,Saratoga,62,2734,1468,195322
2020-12-06,Saratoga,53,2787,1122,196444
2020-12-07,Saratoga,101,2888,1646,198090
2020-12-08,Saratoga,77,2965,1285,199375
2020-12-09,Saratoga,100,3065,2053,201428
2020-12-10,Saratoga,118,3183,1895,203323
2020-12-11,Saratoga,115,3298,1875,205198
2020-12-12,Saratoga,68,3366,1533,206731
2020-12-13,Saratoga,111,3477,1665,208396
2020-12-14,Saratoga,122,3599,1358,209754
2020-12-15,Saratoga,117,3716,1087,210841
2020-12-16,Saratoga,93,3809,1838,212679
2020-12-17,Saratoga,99,3908,1861,214540
2020-12-18,Saratoga,100,4008,1227,215767
2020-12-19,Saratoga,88,4096,1345,217112
2020-12-20,Saratoga,83,4179,1385,218497
2020-12-21,Saratoga,137,4316,1342,219839
2020-12-22,Saratoga,98,4414,1292,221131
2020-12-23,Saratoga,194,4608,2022,223153
2020-12-24,Saratoga,133,4741,1807,224960
2020-12-25,Saratoga,127,4868,1764,226724
2020-12-26,Saratoga,125,4993,1458,228182
2020-12-27,Saratoga,137,5130,924,229106
2020-12-28,Saratoga,138,5268,1351,230457
2020-12-29,Saratoga,145,5413,989,231446
2020-12-30,Saratoga,175,5588,2111,233557
2020-12-31,Saratoga,208,5796,2115,235672
2021-01-01,Saratoga,264,6060,2085,237757
2021-01-02,Saratoga,183,6243,1832,239589
2021-01-03,Saratoga,117,6360,920,240509
2021-01-04,Saratoga,183,6543,1521,242030
2021-01-05,Saratoga,210,6753,2055,244085
2021-01-06,Saratoga,274,7027,2716,246801
2021-01-07,Saratoga,276,7303,2545,249346
2021-01-08,Saratoga,208,7511,2527,251873
2021-01-09,Saratoga,242,7753,2316,254189
2021-01-10,Saratoga,207,7960,2047,256236
2021-01-11,Saratoga,164,8124,1690,257926
2021-01-12,Saratoga,102,8226,1176,259102
2021-01-13,Saratoga,221,8447,2541,261643
2021-01-14,Saratoga,206,8653,2960,264603
2021-01-15,Saratoga,186,8839,2445,267048
2021-01-16,Saratoga,145,8984,2094,269142
2021-01-17,Saratoga,156,9140,1729,270871
2021-01-18,Saratoga,127,9267,1444,272315
2021-01-19,Saratoga,108,9375,1232,273547
2021-01-20,Saratoga,152,9527,2606,276153
2021-01-21,Saratoga,162,9689,2205,278358
2021-01-22,Saratoga,153,9842,2219,280577
2021-01-23,Saratoga,109,9951,2073,282650
2021-01-24,Saratoga,69,10020,1328,283978
2021-01-25,Saratoga,89,10109,1643,285621
2021-01-26,Saratoga,89,10198,1370,286991
2021-01-27,Saratoga,106,10304,2063,289054
2021-01-28,Saratoga,86,10390,3015,292069
2021-01-29,Saratoga,85,10475,1891,293960
2021-01-30,Saratoga,73,10548,1848,295808
2021-01-31,Saratoga,56,10604,1564,297372
2021-02-01,Saratoga,53,10657,1643,299015
2021-02-02,Saratoga,61,10718,866,299881
2021-02-03,Saratoga,77,10795,3171,303052
2021-02-04,Saratoga,74,10869,1711,304763
2021-02-05,Saratoga,73,10942,2710,307473
2021-02-06,Saratoga,75,11017,3083,310556
2021-02-07,Saratoga,50,11067,2351,312907
2021-02-08,Saratoga,42,11109,1307,314214
2021-02-09,Saratoga,59,11168,1274,315488
2021-02-10,Saratoga,44,11212,2468,317956
2021-02-11,Saratoga,44,11256,2558,320514
2021-02-12,Saratoga,48,11304,2194,322708
2021-02-13,Saratoga,45,11349,2076,324784
2021-02-14,Saratoga,30,11379,2416,327200
2021-02-15,Saratoga,36,11415,1023,328223
2021-02-16,Saratoga,26,11441,1237,329460
2021-02-17,Saratoga,43,11484,1661,331121
2021-02-18,Saratoga,33,11517,1739,332860
2021-02-19,Saratoga,43,11560,1475,334335
2021-02-20,Saratoga,44,11604,2488,336823
2021-02-21,Saratoga,38,11642,870,337693
2021-02-22,Saratoga,45,11687,1122,338815
2021-02-23,Saratoga,36,11723,1267,340082
2021-02-24,Saratoga,73,11796,2476,342558
2021-02-25,Saratoga,48,11844,1933,344491
2021-02-26,Saratoga,45,11889,2329,346820
2021-02-27,Saratoga,50,11939,2154,348974
2021-02-28,Saratoga,31,11970,1974,350948
2021-03-01,Saratoga,32,12002,794,351742
2021-03-02,Saratoga,50,12052,1469,353211
2021-03-03,Saratoga,43,12095,2542,355753
2021-03-04,Saratoga,51,12146,2003,357756
2021-03-05,Saratoga,44,12190,2356,360112
2021-03-06,Saratoga,55,12245,2128,362240
2021-03-07,Saratoga,29,12274,1680,363920
2021-03-08,Saratoga,31,12305,818,364738
2021-03-09,Saratoga,33,12338,1118,365856
2021-03-10,Saratoga,33,12371,2332,368188
2021-03-11,Saratoga,53,12424,2189,370377
2021-03-12,Saratoga,41,12465,2215,372592
2021-03-13,Saratoga,38,12503,2156,374748
2021-03-14,Saratoga,40,12543,1079,375827
2021-03-15,Saratoga,34,12577,1047,376874
2021-03-16,Saratoga,34,12611,1047,377921
2021-03-17,Saratoga,53,12664,2174,380095
2021-03-18,Saratoga,50,12714,2449,382544
2021-03-19,Saratoga,60,12774,2193,384737
2021-03-20,Saratoga,60,12834,2259,386996
2021-03-21,Saratoga,36,12870,1138,388134
2021-03-22,Saratoga,54,12924,974,389108
2021-03-23,Saratoga,49,12973,1800,390908
2021-03-24,Saratoga,61,13034,2196,393104
2021-03-25,Saratoga,67,13101,2413,395517
2021-03-26,Saratoga,61,13162,1978,397495
2021-03-27,Saratoga,55,13217,2578,400073
2021-03-28,Saratoga,58,13275,1413,401486
2021-03-29,Saratoga,63,13338,1291,402777
2021-03-30,Saratoga,51,13389,1542,404319
2021-03-31,Saratoga,60,13449,2481,406800
2021-04-01,Saratoga,84,13533,2724,409524
2021-04-02,Saratoga,66,13599,1633,411157
2021-04-03,Saratoga,69,13668,2682,413839
2021-04-04,Saratoga,45,13713,1134,414973
2021-04-05,Saratoga,39,13752,815,415788
2021-04-06,Saratoga,74,13826,1769,417557
2021-04-07,Saratoga,49,13875,1809,419366
2021-04-08,Saratoga,69,13944,2618,421984
2021-04-09,Saratoga,100,14044,1948,423932
2021-04-10,Saratoga,33,14077,2442,426374
2021-04-11,Saratoga,45,14122,846,427220
2021-04-12,Saratoga,45,14167,1029,428249
2021-04-13,Saratoga,55,14222,1590,429839
2021-04-14,Saratoga,70,14292,2372,432211
2021-04-15,Saratoga,31,14323,1624,433835
2021-04-16,Saratoga,57,14380,2131,435966
2021-04-17,Saratoga,38,14418,2894,438860
2021-04-18,Saratoga,36,14454,1154,440014
2021-04-19,Saratoga,23,14477,1083,441097
2021-04-20,Saratoga,40,14517,1583,442680
2021-04-21,Saratoga,33,14550,1916,444596
2021-04-22,Saratoga,35,14585,1931,446527
2021-04-23,Saratoga,26,14611,1869,448396
2021-04-24,Saratoga,24,14635,2234,450630
2021-04-25,Saratoga,22,14657,933,451563
2021-04-26,Saratoga,23,14680,872,452435
2021-04-27,Saratoga,24,14704,947,453382
2021-04-28,Saratoga,31,14735,2042,455424
2021-04-29,Saratoga,25,14760,2386,457810
2021-04-30,Saratoga,29,14789,2512,460322
2021-05-01,Saratoga,17,14806,2278,462600
2021-05-02,Saratoga,27,14833,1070,463670
2021-05-03,Saratoga,30,14863,643,464313
2021-05-04,Saratoga,24,14887,903,465216
2021-05-05,Saratoga,16,14903,1937,467153
2021-05-06,Saratoga,21,14924,1810,468963
2021-05-07,Saratoga,24,14948,2235,471198
2021-05-08,Saratoga,28,14976,1732,472930
2021-05-09,Saratoga,18,14994,1035,473965
2021-05-10,Saratoga,20,15014,598,474563
2021-05-11,Saratoga,41,15055,1322,475885
2021-05-12,Saratoga,16,15071,1879,477764
2021-05-13,Saratoga,19,15090,1912,479676
2021-05-14,Saratoga,23,15113,2074,481750
2021-05-15,Saratoga,10,15123,1113,482863
2021-05-16,Saratoga,13,15136,728,483591
2021-05-17,Saratoga,11,15147,925,484516
2021-05-18,Saratoga,18,15165,1489,486005
2021-05-19,Saratoga,22,15187,1303,487308
2021-05-20,Saratoga,18,15205,1497,488805
2021-05-21,Saratoga,8,15213,1450,490255
2021-05-22,Saratoga,13,15226,1170,491425
2021-05-23,Saratoga,16,15242,856,492281
2021-05-24,Saratoga,8,15250,483,492764
2021-05-25,Saratoga,13,15263,762,493526
2021-05-26,Saratoga,8,15271,1221,494747
2021-05-27,Saratoga,9,15280,1154,495901
2021-05-28,Saratoga,11,15291,1004,496905
2021-05-29,Saratoga,4,15295,863,497768
2021-05-30,Saratoga,7,15302,504,498272
2021-05-31,Saratoga,4,15306,307,498579
2021-06-01,Saratoga,6,15312,459,499038
2021-06-02,Saratoga,6,15318,865,499903
2021-06-03,Saratoga,6,15324,1349,501252
2021-06-04,Saratoga,6,15330,1305,502557
2021-06-05,Saratoga,7,15337,992,503549
2021-06-06,Saratoga,5,15342,578,504127
2021-06-07,Saratoga,5,15347,648,504775
2021-06-08,Saratoga,2,15349,611,505386
2021-06-09,Saratoga,1,15350,1219,506605
2021-06-10,Saratoga,2,15352,890,507495
2021-06-11,Saratoga,5,15357,914,508409
2021-06-12,Saratoga,2,15359,804,509213
2021-06-13,Saratoga,3,15362,380,509593
2021-06-14,Saratoga,2,15364,368,509961
2021-06-15,Saratoga,3,15367,398,510359
2021-06-16,Saratoga,9,15376,922,511281
2021-06-17,Saratoga,3,15379,637,511918
2021-06-18,Saratoga,10,15389,1024,512942
2021-06-19,Saratoga,2,15391,563,513505
2021-06-20,Saratoga,2,15393,404,513909
2021-06-21,Saratoga,3,15396,307,514216
2021-06-22,Saratoga,2,15398,401,514617
2021-06-23,Saratoga,1,15399,612,515229
2021-06-24,Saratoga,1,15400,457,515686
2021-06-25,Saratoga,1,15401,514,516200
2021-06-26,Saratoga,2,15403,737,516937
2021-06-27,Saratoga,1,15404,411,517348
2021-06-28,Saratoga,5,15409,258,517606
2021-06-29,Saratoga,3,15412,323,517929
2021-06-30,Saratoga,2,15414,448,518377
2021-07-01,Saratoga,1,15415,477,518854
2021-07-02,Saratoga,0,15415,366,519220
2021-07-03,Saratoga,2,15417,467,519687
2021-07-04,Saratoga,0,15417,307,519994
2021-07-05,Saratoga,1,15418,245,520239
2021-07-06,Saratoga,2,15420,242,520481
2021-07-07,Saratoga,3,15423,339,520820
2021-07-08,Saratoga,3,15426,438,521258
2021-07-09,Saratoga,3,15429,454,521712
2021-07-10,Saratoga,3,15432,344,522056
2021-07-11,Saratoga,1,15433,385,522441
2021-07-12,Saratoga,7,15440,286,522727
2021-07-13,Saratoga,7,15447,418,523145
2021-07-14,Saratoga,8,15455,512,523657
2021-07-15,Saratoga,4,15459,395,524052
2021-07-16,Saratoga,9,15468,398,524450
2021-07-17,Saratoga,10,15478,473,524923
2021-07-18,Saratoga,9,15487,298,525221
2020-03-01,Schenectady,0,0,0,0
2020-03-02,Schenectady,0,0,0,0
2020-03-03,Schenectady,0,0,0,0
2020-03-04,Schenectady,0,0,0,0
2020-03-05,Schenectady,0,0,0,0
2020-03-06,Schenectady,0,0,0,0
2020-03-07,Schenectady,0,0,0,0
2020-03-08,Schenectady,0,0,1,1
2020-03-09,Schenectady,0,0,2,3
2020-03-10,Schenectady,0,0,0,3
2020-03-11,Schenectady,0,0,12,15
2020-03-12,Schenectady,0,0,5,20
2020-03-13,Schenectady,1,1,20,40
2020-03-14,Schenectady,1,2,54,94
2020-03-15,Schenectady,2,4,42,136
2020-03-16,Schenectady,1,5,27,163
2020-03-17,Schenectady,9,14,98,261
2020-03-18,Schenectady,4,18,131,392
2020-03-19,Schenectady,3,21,115,507
2020-03-20,Schenectady,11,32,157,664
2020-03-21,Schenectady,7,39,123,787
2020-03-22,Schenectady,5,44,62,849
2020-03-23,Schenectady,2,46,50,899
2020-03-24,Schenectady,9,55,53,952
2020-03-25,Schenectady,7,62,32,984
2020-03-26,Schenectady,4,66,41,1025
2020-03-27,Schenectady,6,72,43,1068
2020-03-28,Schenectady,4,76,28,1096
2020-03-29,Schenectady,4,80,12,1108
2020-03-30,Schenectady,5,85,33,1141
2020-03-31,Schenectady,8,93,22,1163
2020-04-01,Schenectady,8,101,31,1194
2020-04-02,Schenectady,9,110,42,1236
2020-04-03,Schenectady,7,117,38,1274
2020-04-04,Schenectady,11,128,64,1338
2020-04-05,Schenectady,10,138,64,1402
2020-04-06,Schenectady,7,145,35,1437
2020-04-07,Schenectady,4,149,23,1460
2020-04-08,Schenectady,18,167,104,1564
2020-04-09,Schenectady,24,191,183,1747
2020-04-10,Schenectady,3,194,24,1771
2020-04-11,Schenectady,5,199,27,1798
2020-04-12,Schenectady,5,204,27,1825
2020-04-13,Schenectady,31,235,232,2057
2020-04-14,Schenectady,2,237,18,2075
2020-04-15,Schenectady,8,245,45,2120
2020-04-16,Schenectady,5,250,35,2155
2020-04-17,Schenectady,9,259,38,2193
2020-04-18,Schenectady,9,268,36,2229
2020-04-19,Schenectady,1,269,23,2252
2020-04-20,Schenectady,4,273,23,2275
2020-04-21,Schenectady,7,280,24,2299
2020-04-22,Schenectady,8,288,47,2346
2020-04-23,Schenectady,9,297,33,2379
2020-04-24,Schenectady,134,431,964,3343
2020-04-25,Schenectady,18,449,186,3529
2020-04-26,Schenectady,8,457,96,3625
2020-04-27,Schenectady,12,469,119,3744
2020-04-28,Schenectady,10,479,184,3928
2020-04-29,Schenectady,22,501,246,4174
2020-04-30,Schenectady,13,514,195,4369
2020-05-01,Schenectady,7,521,194,4563
2020-05-02,Schenectady,6,527,146,4709
2020-05-03,Schenectady,8,535,126,4835
2020-05-04,Schenectady,2,537,98,4933
2020-05-05,Schenectady,14,551,178,5111
2020-05-06,Schenectady,0,551,194,5305
2020-05-07,Schenectady,7,558,144,5449
2020-05-08,Schenectady,13,571,204,5653
2020-05-09,Schenectady,0,571,199,5852
2020-05-10,Schenectady,4,575,113,5965
2020-05-11,Schenectady,6,581,102,6067
2020-05-12,Schenectady,6,587,164,6231
2020-05-13,Schenectady,10,597,276,6507
2020-05-14,Schenectady,6,603,170,6677
2020-05-15,Schenectady,10,613,272,6949
2020-05-16,Schenectady,7,620,175,7124
2020-05-17,Schenectady,9,629,233,7357
2020-05-18,Schenectady,2,631,83,7440
2020-05-19,Schenectady,2,633,392,7832
2020-05-20,Schenectady,5,638,378,8210
2020-05-21,Schenectady,7,645,667,8877
2020-05-22,Schenectady,3,648,248,9125
2020-05-23,Schenectady,10,658,641,9766
2020-05-24,Schenectady,6,664,340,10106
2020-05-25,Schenectady,4,668,143,10249
2020-05-26,Schenectady,5,673,243,10492
2020-05-27,Schenectady,3,676,485,10977
2020-05-28,Schenectady,4,680,792,11769
2020-05-29,Schenectady,6,686,477,12246
2020-05-30,Schenectady,3,689,324,12570
2020-05-31,Schenectady,4,693,482,13052
2020-06-01,Schenectady,3,696,481,13533
2020-06-02,Schenectady,5,701,406,13939
2020-06-03,Schenectady,0,701,565,14504
2020-06-04,Schenectady,5,706,802,15306
2020-06-05,Schenectady,4,710,497,15803
2020-06-06,Schenectady,1,711,579,16382
2020-06-07,Schenectady,1,712,533,16915
2020-06-08,Schenectady,3,715,402,17317
2020-06-09,Schenectady,1,716,211,17528
2020-06-10,Schenectady,1,717,550,18078
2020-06-11,Schenectady,4,721,990,19068
2020-06-12,Schenectady,2,723,372,19440
2020-06-13,Schenectady,2,725,421,19861
2020-06-14,Schenectady,7,732,329,20190
2020-06-15,Schenectady,3,735,495,20685
2020-06-16,Schenectady,2,737,350,21035
2020-06-17,Schenectady,1,738,540,21575
2020-06-18,Schenectady,8,746,763,22338
2020-06-19,Schenectady,3,749,478,22816
2020-06-20,Schenectady,5,754,549,23365
2020-06-21,Schenectady,7,761,594,23959
2020-06-22,Schenectady,9,770,347,24306
2020-06-23,Schenectady,2,772,391,24697
2020-06-24,Schenectady,6,778,812,25509
2020-06-25,Schenectady,3,781,403,25912
2020-06-26,Schenectady,5,786,454,26366
2020-06-27,Schenectady,6,792,385,26751
2020-06-28,Schenectady,7,799,393,27144
2020-06-29,Schenectady,1,800,295,27439
2020-06-30,Schenectady,5,805,247,27686
2020-07-01,Schenectady,11,816,690,28376
2020-07-02,Schenectady,8,824,395,28771
2020-07-03,Schenectady,7,831,418,29189
2020-07-04,Schenectady,3,834,559,29748
2020-07-05,Schenectady,4,838,471,30219
2020-07-06,Schenectady,5,843,340,30559
2020-07-07,Schenectady,1,844,297,30856
2020-07-08,Schenectady,4,848,413,31269
2020-07-09,Schenectady,4,852,436,31705
2020-07-10,Schenectady,4,856,447,32152
2020-07-11,Schenectady,8,864,385,32537
2020-07-12,Schenectady,4,868,488,33025
2020-07-13,Schenectady,15,883,495,33520
2020-07-14,Schenectady,8,891,476,33996
2020-07-15,Schenectady,5,896,445,34441
2020-07-16,Schenectady,6,902,489,34930
2020-07-17,Schenectady,8,910,639,35569
2020-07-18,Schenectady,5,915,203,35772
2020-07-19,Schenectady,0,915,249,36021
2020-07-20,Schenectady,11,926,661,36682
2020-07-21,Schenectady,10,936,497,37179
2020-07-22,Schenectady,10,946,476,37655
2020-07-23,Schenectady,9,955,441,38096
2020-07-24,Schenectady,20,975,590,38686
2020-07-25,Schenectady,12,987,466,39152
2020-07-26,Schenectady,3,990,260,39412
2020-07-27,Schenectady,8,998,543,39955
2020-07-28,Schenectady,12,1010,450,40405
2020-07-29,Schenectady,8,1018,512,40917
2020-07-30,Schenectady,5,1023,563,41480
2020-07-31,Schenectady,9,1032,666,42146
2020-08-01,Schenectady,3,1035,332,42478
2020-08-02,Schenectady,2,1037,298,42776
2020-08-03,Schenectady,4,1041,482,43258
2020-08-04,Schenectady,4,1045,518,43776
2020-08-05,Schenectady,5,1050,719,44495
2020-08-06,Schenectady,5,1055,662,45157
2020-08-07,Schenectady,3,1058,352,45509
2020-08-08,Schenectady,0,1058,399,45908
2020-08-09,Schenectady,2,1060,274,46182
2020-08-10,Schenectady,15,1075,523,46705
2020-08-11,Schenectady,4,1079,448,47153
2020-08-12,Schenectady,5,1084,749,47902
2020-08-13,Schenectady,8,1092,558,48460
2020-08-14,Schenectady,9,1101,647,49107
2020-08-15,Schenectady,18,1119,536,49643
2020-08-16,Schenectady,2,1121,324,49967
2020-08-17,Schenectady,9,1130,515,50482
2020-08-18,Schenectady,3,1133,386,50868
2020-08-19,Schenectady,10,1143,885,51753
2020-08-20,Schenectady,16,1159,825,52578
2020-08-21,Schenectady,13,1172,905,53483
2020-08-22,Schenectady,7,1179,567,54050
2020-08-23,Schenectady,3,1182,148,54198
2020-08-24,Schenectady,24,1206,542,54740
2020-08-25,Schenectady,5,1211,536,55276
2020-08-26,Schenectady,20,1231,813,56089
2020-08-27,Schenectady,2,1233,626,56715
2020-08-28,Schenectady,22,1255,949,57664
2020-08-29,Schenectady,5,1260,751,58415
2020-08-30,Schenectady,3,1263,440,58855
2020-08-31,Schenectady,8,1271,442,59297
2020-09-01,Schenectady,7,1278,769,60066
2020-09-02,Schenectady,12,1290,826,60892
2020-09-03,Schenectady,8,1298,829,61721
2020-09-04,Schenectady,1,1299,855,62576
2020-09-05,Schenectady,11,1310,778,63354
2020-09-06,Schenectady,4,1314,489,63843
2020-09-07,Schenectady,8,1322,536,64379
2020-09-08,Schenectady,2,1324,652,65031
2020-09-09,Schenectady,11,1335,520,65551
2020-09-10,Schenectady,8,1343,1235,66786
2020-09-11,Schenectady,8,1351,1410,68196
2020-09-12,Schenectady,5,1356,550,68746
2020-09-13,Schenectady,1,1357,219,68965
2020-09-14,Schenectady,1,1358,329,69294
2020-09-15,Schenectady,4,1362,884,70178
2020-09-16,Schenectady,10,1372,1199,71377
2020-09-17,Schenectady,2,1374,1111,72488
2020-09-18,Schenectady,3,1377,1213,73701
2020-09-19,Schenectady,3,1380,1112,74813
2020-09-20,Schenectady,3,1383,326,75139
2020-09-21,Schenectady,0,1383,451,75590
2020-09-22,Schenectady,5,1388,1006,76596
2020-09-23,Schenectady,7,1395,1193,77789
2020-09-24,Schenectady,3,1398,1096,78885
2020-09-25,Schenectady,1,1399,1364,80249
2020-09-26,Schenectady,3,1402,1461,81710
2020-09-27,Schenectady,1,1403,310,82020
2020-09-28,Schenectady,2,1405,481,82501
2020-09-29,Schenectady,5,1410,941,83442
2020-09-30,Schenectady,7,1417,1243,84685
2020-10-01,Schenectady,3,1420,1540,86225
2020-10-02,Schenectady,5,1425,1135,87360
2020-10-03,Schenectady,4,1429,1369,88729
2020-10-04,Schenectady,0,1429,380,89109
2020-10-05,Schenectady,1,1430,349,89458
2020-10-06,Schenectady,2,1432,634,90092
2020-10-07,Schenectady,6,1438,1564,91656
2020-10-08,Schenectady,7,1445,1590,93246
2020-10-09,Schenectady,6,1451,871,94117
2020-10-10,Schenectady,3,1454,1721,95838
2020-10-11,Schenectady,5,1459,429,96267
2020-10-12,Schenectady,2,1461,424,96691
2020-10-13,Schenectady,3,1464,488,97179
2020-10-14,Schenectady,13,1477,1309,98488
2020-10-15,Schenectady,8,1485,1071,99559
2020-10-16,Schenectady,6,1491,2493,102052
2020-10-17,Schenectady,7,1498,676,102728
2020-10-18,Schenectady,9,1507,376,103104
2020-10-19,Schenectady,3,1510,402,103506
2020-10-20,Schenectady,6,1516,1127,104633
2020-10-21,Schenectady,6,1522,1423,106056
2020-10-22,Schenectady,8,1530,1501,107557
2020-10-23,Schenectady,9,1539,1620,109177
2020-10-24,Schenectady,7,1546,583,109760
2020-10-25,Schenectady,3,1549,362,110122
2020-10-26,Schenectady,15,1564,986,111108
2020-10-27,Schenectady,6,1570,1025,112133
2020-10-28,Schenectady,9,1579,1238,113371
2020-10-29,Schenectady,12,1591,1707,115078
2020-10-30,Schenectady,9,1600,1766,116844
2020-10-31,Schenectady,22,1622,871,117715
2020-11-01,Schenectady,9,1631,398,118113
2020-11-02,Schenectady,13,1644,694,118807
2020-11-03,Schenectady,6,1650,1162,119969
2020-11-04,Schenectady,16,1666,1393,121362
2020-11-05,Schenectady,21,1687,1543,122905
2020-11-06,Schenectady,14,1701,1637,124542
2020-11-07,Schenectady,15,1716,964,125506
2020-11-08,Schenectady,17,1733,517,126023
2020-11-09,Schenectady,25,1758,520,126543
2020-11-10,Schenectady,19,1777,1069,127612
2020-11-11,Schenectady,25,1802,1813,129425
2020-11-12,Schenectady,26,1828,1583,131008
2020-11-13,Schenectady,32,1860,1969,132977
2020-11-14,Schenectady,11,1871,447,133424
2020-11-15,Schenectady,19,1890,514,133938
2020-11-16,Schenectady,30,1920,875,134813
2020-11-17,Schenectady,30,1950,647,135460
2020-11-18,Schenectady,33,1983,1817,137277
2020-11-19,Schenectady,14,1997,1049,138326
2020-11-20,Schenectady,65,2062,2540,140866
2020-11-21,Schenectady,11,2073,673,141539
2020-11-22,Schenectady,63,2136,2009,143548
2020-11-23,Schenectady,53,2189,1124,144672
2020-11-24,Schenectady,38,2227,823,145495
2020-11-25,Schenectady,56,2283,1908,147403
2020-11-26,Schenectady,70,2353,1990,149393
2020-11-27,Schenectady,36,2389,474,149867
2020-11-28,Schenectady,54,2443,1351,151218
2020-11-29,Schenectady,38,2481,771,151989
2020-11-30,Schenectady,74,2555,909,152898
2020-12-01,Schenectady,60,2615,1024,153922
2020-12-02,Schenectady,84,2699,1703,155625
2020-12-03,Schenectady,120,2819,1580,157205
2020-12-04,Schenectady,138,2957,1552,158757
2020-12-05,Schenectady,75,3032,1142,159899
2020-12-06,Schenectady,49,3081,844,160743
2020-12-07,Schenectady,98,3179,1063,161806
2020-12-08,Schenectady,93,3272,868,162674
2020-12-09,Schenectady,99,3371,1691,164365
2020-12-10,Schenectady,119,3490,1569,165934
2020-12-11,Schenectady,97,3587,1660,167594
2020-12-12,Schenectady,81,3668,1340,168934
2020-12-13,Schenectady,113,3781,1114,170048
2020-12-14,Schenectady,143,3924,1046,171094
2020-12-15,Schenectady,90,4014,745,171839
2020-12-16,Schenectady,139,4153,2261,174100
2020-12-17,Schenectady,115,4268,1378,175478
2020-12-18,Schenectady,109,4377,1262,176740
2020-12-19,Schenectady,111,4488,1227,177967
2020-12-20,Schenectady,90,4578,745,178712
2020-12-21,Schenectady,117,4695,1003,179715
2020-12-22,Schenectady,119,4814,1179,180894
2020-12-23,Schenectady,147,4961,1525,182419
2020-12-24,Schenectady,137,5098,1468,183887
2020-12-25,Schenectady,150,5248,1531,185418
2020-12-26,Schenectady,112,5360,1083,186501
2020-12-27,Schenectady,94,5454,573,187074
2020-12-28,Schenectady,154,5608,1064,188138
2020-12-29,Schenectady,124,5732,1002,189140
2020-12-30,Schenectady,181,5913,1683,190823
2020-12-31,Schenectady,163,6076,1995,192818
2021-01-01,Schenectady,153,6229,1478,194296
2021-01-02,Schenectady,140,6369,1552,195848
2021-01-03,Schenectady,132,6501,1007,196855
2021-01-04,Schenectady,118,6619,933,197788
2021-01-05,Schenectady,181,6800,1256,199044
2021-01-06,Schenectady,152,6952,1762,200806
2021-01-07,Schenectady,166,7118,1669,202475
2021-01-08,Schenectady,166,7284,2217,204692
2021-01-09,Schenectady,169,7453,2457,207149
2021-01-10,Schenectady,166,7619,1944,209093
2021-01-11,Schenectady,140,7759,1423,210516
2021-01-12,Schenectady,120,7879,1047,211563
2021-01-13,Schenectady,141,8020,2324,213887
2021-01-14,Schenectady,163,8183,3419,217306
2021-01-15,Schenectady,164,8347,3056,220362
2021-01-16,Schenectady,133,8480,2614,222976
2021-01-17,Schenectady,107,8587,1154,224130
2021-01-18,Schenectady,73,8660,801,224931
2021-01-19,Schenectady,110,8770,2152,227083
2021-01-20,Schenectady,99,8869,1589,228672
2021-01-21,Schenectady,152,9021,2448,231120
2021-01-22,Schenectady,110,9131,2396,233516
2021-01-23,Schenectady,100,9231,2310,235826
2021-01-24,Schenectady,68,9299,1887,237713
2021-01-25,Schenectady,74,9373,1112,238825
2021-01-26,Schenectady,80,9453,1289,240114
2021-01-27,Schenectady,76,9529,2103,242217
2021-01-28,Schenectady,73,9602,2312,244529
2021-01-29,Schenectady,77,9679,2165,246694
2021-01-30,Schenectady,85,9764,2271,248965
2021-01-31,Schenectady,34,9798,1444,250409
2021-02-01,Schenectady,38,9836,685,251094
2021-02-02,Schenectady,45,9881,613,251707
2021-02-03,Schenectady,72,9953,3275,254982
2021-02-04,Schenectady,67,10020,1121,256103
2021-02-05,Schenectady,77,10097,2610,258713
2021-02-06,Schenectady,69,10166,2993,261706
2021-02-07,Schenectady,37,10203,838,262544
2021-02-08,Schenectady,29,10232,599,263143
2021-02-09,Schenectady,51,10283,1001,264144
2021-02-10,Schenectady,37,10320,1881,266025
2021-02-11,Schenectady,38,10358,2404,268429
2021-02-12,Schenectady,46,10404,1779,270208
2021-02-13,Schenectady,47,10451,1605,271813
2021-02-14,Schenectady,21,10472,942,272755
2021-02-15,Schenectady,21,10493,548,273303
2021-02-16,Schenectady,20,10513,1088,274391
2021-02-17,Schenectady,41,10554,1457,275848
2021-02-18,Schenectady,19,10573,1613,277461
2021-02-19,Schenectady,20,10593,1285,278746
2021-02-20,Schenectady,31,10624,989,279735
2021-02-21,Schenectady,21,10645,676,280411
2021-02-22,Schenectady,16,10661,572,280983
2021-02-23,Schenectady,24,10685,1331,282314
2021-02-24,Schenectady,55,10740,1961,284275
2021-02-25,Schenectady,25,10765,2537,286812
2021-02-26,Schenectady,25,10790,2161,288973
2021-02-27,Schenectady,37,10827,1550,290523
2021-02-28,Schenectady,15,10842,972,291495
2021-03-01,Schenectady,28,10870,597,292092
2021-03-02,Schenectady,41,10911,962,293054
2021-03-03,Schenectady,35,10946,2018,295072
2021-03-04,Schenectady,32,10978,2162,297234
2021-03-05,Schenectady,32,11010,2058,299292
2021-03-06,Schenectady,29,11039,1343,300635
2021-03-07,Schenectady,14,11053,752,301387
2021-03-08,Schenectady,24,11077,554,301941
2021-03-09,Schenectady,16,11093,858,302799
2021-03-10,Schenectady,32,11125,2047,304846
2021-03-11,Schenectady,43,11168,2401,307247
2021-03-12,Schenectady,24,11192,2172,309419
2021-03-13,Schenectady,28,11220,1416,310835
2021-03-14,Schenectady,24,11244,658,311493
2021-03-15,Schenectady,24,11268,653,312146
2021-03-16,Schenectady,27,11295,793,312939
2021-03-17,Schenectady,27,11322,1903,314842
2021-03-18,Schenectady,34,11356,2829,317671
2021-03-19,Schenectady,25,11381,1607,319278
2021-03-20,Schenectady,26,11407,1645,320923
2021-03-21,Schenectady,23,11430,781,321704
2021-03-22,Schenectady,40,11470,657,322361
2021-03-23,Schenectady,53,11523,1507,323868
2021-03-24,Schenectady,63,11586,1784,325652
2021-03-25,Schenectady,56,11642,2257,327909
2021-03-26,Schenectady,35,11677,1660,329569
2021-03-27,Schenectady,40,11717,1936,331505
2021-03-28,Schenectady,20,11737,683,332188
2021-03-29,Schenectady,38,11775,746,332934
2021-03-30,Schenectady,47,11822,2411,335345
2021-03-31,Schenectady,32,11854,1992,337337
2021-04-01,Schenectady,40,11894,2231,339568
2021-04-02,Schenectady,23,11917,1348,340916
2021-04-03,Schenectady,34,11951,2369,343285
2021-04-04,Schenectady,36,11987,683,343968
2021-04-05,Schenectady,11,11998,604,344572
2021-04-06,Schenectady,48,12046,2428,347000
2021-04-07,Schenectady,42,12088,1983,348983
2021-04-08,Schenectady,40,12128,2639,351622
2021-04-09,Schenectady,29,12157,2292,353914
2021-04-10,Schenectady,44,12201,1800,355714
2021-04-11,Schenectady,27,12228,507,356221
2021-04-12,Schenectady,24,12252,600,356821
2021-04-13,Schenectady,37,12289,1670,358491
2021-04-14,Schenectady,43,12332,2655,361146
2021-04-15,Schenectady,25,12357,1632,362778
2021-04-16,Schenectady,38,12395,1836,364614
2021-04-17,Schenectady,25,12420,1458,366072
2021-04-18,Schenectady,15,12435,703,366775
2021-04-19,Schenectady,22,12457,480,367255
2021-04-20,Schenectady,14,12471,1499,368754
2021-04-21,Schenectady,34,12505,1896,370650
2021-04-22,Schenectady,26,12531,2253,372903
2021-04-23,Schenectady,22,12553,1581,374484
2021-04-24,Schenectady,22,12575,1057,375541
2021-04-25,Schenectady,23,12598,710,376251
2021-04-26,Schenectady,24,12622,620,376871
2021-04-27,Schenectady,24,12646,1121,377992
2021-04-28,Schenectady,24,12670,1378,379370
2021-04-29,Schenectady,18,12688,2118,381488
2021-04-30,Schenectady,29,12717,1287,382775
2021-05-01,Schenectady,26,12743,1499,384274
2021-05-02,Schenectady,11,12754,640,384914
2021-05-03,Schenectady,24,12778,370,385284
2021-05-04,Schenectady,22,12800,859,386143
2021-05-05,Schenectady,15,12815,1960,388103
2021-05-06,Schenectady,20,12835,1813,389916
2021-05-07,Schenectady,37,12872,1541,391457
2021-05-08,Schenectady,16,12888,1008,392465
2021-05-09,Schenectady,21,12909,926,393391
2021-05-10,Schenectady,15,12924,800,394191
2021-05-11,Schenectady,14,12938,593,394784
2021-05-12,Schenectady,10,12948,1746,396530
2021-05-13,Schenectady,24,12972,2006,398536
2021-05-14,Schenectady,16,12988,1472,400008
2021-05-15,Schenectady,11,12999,941,400949
2021-05-16,Schenectady,10,13009,555,401504
2021-05-17,Schenectady,9,13018,387,401891
2021-05-18,Schenectady,11,13029,680,402571
2021-05-19,Schenectady,12,13041,1295,403866
2021-05-20,Schenectady,23,13064,1879,405745
2021-05-21,Schenectady,16,13080,1216,406961
2021-05-22,Schenectady,5,13085,633,407594
2021-05-23,Schenectady,12,13097,506,408100
2021-05-24,Schenectady,15,13112,325,408425
2021-05-25,Schenectady,3,13115,580,409005
2021-05-26,Schenectady,10,13125,1213,410218
2021-05-27,Schenectady,8,13133,1427,411645
2021-05-28,Schenectady,10,13143,905,412550
2021-05-29,Schenectady,9,13152,735,413285
2021-05-30,Schenectady,2,13154,301,413586
2021-05-31,Schenectady,2,13156,145,413731
2021-06-01,Schenectady,11,13167,451,414182
2021-06-02,Schenectady,1,13168,751,414933
2021-06-03,Schenectady,2,13170,1667,416600
2021-06-04,Schenectady,5,13175,1227,417827
2021-06-05,Schenectady,3,13178,687,418514
2021-06-06,Schenectady,2,13180,376,418890
2021-06-07,Schenectady,2,13182,481,419371
2021-06-08,Schenectady,2,13184,566,419937
2021-06-09,Schenectady,2,13186,770,420707
2021-06-10,Schenectady,4,13190,1360,422067
2021-06-11,Schenectady,2,13192,1281,423348
2021-06-12,Schenectady,5,13197,547,423895
2021-06-13,Schenectady,3,13200,244,424139
2021-06-14,Schenectady,2,13202,269,424408
2021-06-15,Schenectady,2,13204,381,424789
2021-06-16,Schenectady,3,13207,647,425436
2021-06-17,Schenectady,0,13207,904,426340
2021-06-18,Schenectady,0,13207,641,426981
2021-06-19,Schenectady,1,13208,358,427339
2021-06-20,Schenectady,1,13209,427,427766
2021-06-21,Schenectady,1,13210,206,427972
2021-06-22,Schenectady,3,13213,482,428454
2021-06-23,Schenectady,3,13216,602,429056
2021-06-24,Schenectady,0,13216,419,429475
2021-06-25,Schenectady,0,13216,478,429953
2021-06-26,Schenectady,1,13217,454,430407
2021-06-27,Schenectady,0,13217,256,430663
2021-06-28,Schenectady,0,13217,202,430865
2021-06-29,Schenectady,0,13217,312,431177
2021-06-30,Schenectady,0,13217,338,431515
2021-07-01,Schenectady,2,13219,377,431892
2021-07-02,Schenectady,0,13219,371,432263
2021-07-03,Schenectady,0,13219,309,432572
2021-07-04,Schenectady,0,13219,174,432746
2021-07-05,Schenectady,1,13220,171,432917
2021-07-06,Schenectady,1,13221,170,433087
2021-07-07,Schenectady,1,13222,357,433444
2021-07-08,Schenectady,0,13222,336,433780
2021-07-09,Schenectady,0,13222,267,434047
2021-07-10,Schenectady,0,13222,264,434311
2021-07-11,Schenectady,4,13226,224,434535
2021-07-12,Schenectady,2,13228,179,434714
2021-07-13,Schenectady,0,13228,251,434965
2021-07-14,Schenectady,2,13230,297,435262
2021-07-15,Schenectady,4,13234,253,435515
2021-07-16,Schenectady,6,13240,216,435731
2021-07-17,Schenectady,4,13244,330,436061
2021-07-18,Schenectady,1,13245,156,436217
2020-03-01,Schoharie,0,0,0,0
2020-03-02,Schoharie,0,0,0,0
2020-03-03,Schoharie,0,0,0,0
2020-03-04,Schoharie,0,0,0,0
2020-03-05,Schoharie,0,0,0,0
2020-03-06,Schoharie,0,0,0,0
2020-03-07,Schoharie,0,0,0,0
2020-03-08,Schoharie,0,0,0,0
2020-03-09,Schoharie,0,0,0,0
2020-03-10,Schoharie,0,0,0,0
2020-03-11,Schoharie,0,0,2,2
2020-03-12,Schoharie,0,0,1,3
2020-03-13,Schoharie,0,0,0,3
2020-03-14,Schoharie,0,0,0,3
2020-03-15,Schoharie,0,0,0,3
2020-03-16,Schoharie,0,0,0,3
2020-03-17,Schoharie,0,0,8,11
2020-03-18,Schoharie,1,1,8,19
2020-03-19,Schoharie,0,1,10,29
2020-03-20,Schoharie,0,1,16,45
2020-03-21,Schoharie,0,1,6,51
2020-03-22,Schoharie,0,1,3,54
2020-03-23,Schoharie,0,1,1,55
2020-03-24,Schoharie,1,2,3,58
2020-03-25,Schoharie,0,2,2,60
2020-03-26,Schoharie,1,3,3,63
2020-03-27,Schoharie,2,5,9,72
2020-03-28,Schoharie,0,5,5,77
2020-03-29,Schoharie,1,6,3,80
2020-03-30,Schoharie,0,6,4,84
2020-03-31,Schoharie,2,8,7,91
2020-04-01,Schoharie,0,8,10,101
2020-04-02,Schoharie,1,9,5,106
2020-04-03,Schoharie,1,10,21,127
2020-04-04,Schoharie,1,11,16,143
2020-04-05,Schoharie,0,11,17,160
2020-04-06,Schoharie,1,12,19,179
2020-04-07,Schoharie,0,12,20,199
2020-04-08,Schoharie,0,12,8,207
2020-04-09,Schoharie,0,12,16,223
2020-04-10,Schoharie,0,12,5,228
2020-04-11,Schoharie,0,12,2,230
2020-04-12,Schoharie,0,12,4,234
2020-04-13,Schoharie,8,20,59,293
2020-04-14,Schoharie,0,20,1,294
2020-04-15,Schoharie,0,20,5,299
2020-04-16,Schoharie,0,20,0,299
2020-04-17,Schoharie,0,20,1,300
2020-04-18,Schoharie,0,20,2,302
2020-04-19,Schoharie,0,20,4,306
2020-04-20,Schoharie,0,20,4,310
2020-04-21,Schoharie,0,20,0,310
2020-04-22,Schoharie,1,21,8,318
2020-04-23,Schoharie,0,21,13,331
2020-04-24,Schoharie,12,33,177,508
2020-04-25,Schoharie,2,35,29,537
2020-04-26,Schoharie,0,35,15,552
2020-04-27,Schoharie,3,38,19,571
2020-04-28,Schoharie,1,39,21,592
2020-04-29,Schoharie,3,42,17,609
2020-04-30,Schoharie,1,43,24,633
2020-05-01,Schoharie,0,43,16,649
2020-05-02,Schoharie,2,45,20,669
2020-05-03,Schoharie,0,45,21,690
2020-05-04,Schoharie,0,45,29,719
2020-05-05,Schoharie,0,45,29,748
2020-05-06,Schoharie,0,45,20,768
2020-05-07,Schoharie,0,45,15,783
2020-05-08,Schoharie,1,46,32,815
2020-05-09,Schoharie,0,46,23,838
2020-05-10,Schoharie,0,46,19,857
2020-05-11,Schoharie,0,46,32,889
2020-05-12,Schoharie,1,47,27,916
2020-05-13,Schoharie,0,47,32,948
2020-05-14,Schoharie,0,47,8,956
2020-05-15,Schoharie,0,47,22,978
2020-05-16,Schoharie,0,47,39,1017
2020-05-17,Schoharie,1,48,36,1053
2020-05-18,Schoharie,0,48,21,1074
2020-05-19,Schoharie,0,48,34,1108
2020-05-20,Schoharie,1,49,33,1141
2020-05-21,Schoharie,0,49,27,1168
2020-05-22,Schoharie,0,49,23,1191
2020-05-23,Schoharie,0,49,29,1220
2020-05-24,Schoharie,0,49,21,1241
2020-05-25,Schoharie,0,49,12,1253
2020-05-26,Schoharie,0,49,46,1299
2020-05-27,Schoharie,0,49,74,1373
2020-05-28,Schoharie,0,49,32,1405
2020-05-29,Schoharie,1,50,32,1437
2020-05-30,Schoharie,0,50,41,1478
2020-05-31,Schoharie,0,50,47,1525
2020-06-01,Schoharie,1,51,39,1564
2020-06-02,Schoharie,0,51,46,1610
2020-06-03,Schoharie,0,51,63,1673
2020-06-04,Schoharie,0,51,60,1733
2020-06-05,Schoharie,3,54,85,1818
2020-06-06,Schoharie,0,54,59,1877
2020-06-07,Schoharie,0,54,65,1942
2020-06-08,Schoharie,0,54,60,2002
2020-06-09,Schoharie,0,54,41,2043
2020-06-10,Schoharie,0,54,74,2117
2020-06-11,Schoharie,0,54,33,2150
2020-06-12,Schoharie,0,54,40,2190
2020-06-13,Schoharie,0,54,37,2227
2020-06-14,Schoharie,0,54,42,2269
2020-06-15,Schoharie,0,54,83,2352
2020-06-16,Schoharie,1,55,87,2439
2020-06-17,Schoharie,0,55,38,2477
2020-06-18,Schoharie,0,55,45,2522
2020-06-19,Schoharie,1,56,35,2557
2020-06-20,Schoharie,1,57,55,2612
2020-06-21,Schoharie,0,57,84,2696
2020-06-22,Schoharie,0,57,61,2757
2020-06-23,Schoharie,0,57,37,2794
2020-06-24,Schoharie,0,57,45,2839
2020-06-25,Schoharie,0,57,19,2858
2020-06-26,Schoharie,0,57,47,2905
2020-06-27,Schoharie,1,58,61,2966
2020-06-28,Schoharie,0,58,48,3014
2020-06-29,Schoharie,0,58,68,3082
2020-06-30,Schoharie,0,58,46,3128
2020-07-01,Schoharie,0,58,49,3177
2020-07-02,Schoharie,0,58,25,3202
2020-07-03,Schoharie,0,58,39,3241
2020-07-04,Schoharie,1,59,49,3290
2020-07-05,Schoharie,0,59,39,3329
2020-07-06,Schoharie,0,59,29,3358
2020-07-07,Schoharie,1,60,48,3406
2020-07-08,Schoharie,1,61,45,3451
2020-07-09,Schoharie,1,62,42,3493
2020-07-10,Schoharie,0,62,53,3546
2020-07-11,Schoharie,0,62,42,3588
2020-07-12,Schoharie,0,62,32,3620
2020-07-13,Schoharie,0,62,35,3655
2020-07-14,Schoharie,0,62,73,3728
2020-07-15,Schoharie,0,62,52,3780
2020-07-16,Schoharie,0,62,77,3857
2020-07-17,Schoharie,0,62,81,3938
2020-07-18,Schoharie,0,62,28,3966
2020-07-19,Schoharie,0,62,42,4008
2020-07-20,Schoharie,2,64,71,4079
2020-07-21,Schoharie,0,64,86,4165
2020-07-22,Schoharie,2,66,43,4208
2020-07-23,Schoharie,1,67,32,4240
2020-07-24,Schoharie,0,67,32,4272
2020-07-25,Schoharie,1,68,48,4320
2020-07-26,Schoharie,0,68,28,4348
2020-07-27,Schoharie,0,68,36,4384
2020-07-28,Schoharie,0,68,44,4428
2020-07-29,Schoharie,0,68,62,4490
2020-07-30,Schoharie,0,68,55,4545
2020-07-31,Schoharie,0,68,61,4606
2020-08-01,Schoharie,0,68,56,4662
2020-08-02,Schoharie,0,68,39,4701
2020-08-03,Schoharie,0,68,72,4773
2020-08-04,Schoharie,0,68,82,4855
2020-08-05,Schoharie,1,69,37,4892
2020-08-06,Schoharie,0,69,42,4934
2020-08-07,Schoharie,0,69,65,4999
2020-08-08,Schoharie,0,69,62,5061
2020-08-09,Schoharie,0,69,33,5094
2020-08-10,Schoharie,0,69,121,5215
2020-08-11,Schoharie,0,69,68,5283
2020-08-12,Schoharie,0,69,65,5348
2020-08-13,Schoharie,0,69,38,5386
2020-08-14,Schoharie,0,69,75,5461
2020-08-15,Schoharie,0,69,55,5516
2020-08-16,Schoharie,0,69,52,5568
2020-08-17,Schoharie,0,69,65,5633
2020-08-18,Schoharie,0,69,64,5697
2020-08-19,Schoharie,0,69,61,5758
2020-08-20,Schoharie,0,69,55,5813
2020-08-21,Schoharie,0,69,64,5877
2020-08-22,Schoharie,0,69,86,5963
2020-08-23,Schoharie,0,69,50,6013
2020-08-24,Schoharie,0,69,47,6060
2020-08-25,Schoharie,0,69,84,6144
2020-08-26,Schoharie,0,69,30,6174
2020-08-27,Schoharie,0,69,53,6227
2020-08-28,Schoharie,0,69,53,6280
2020-08-29,Schoharie,0,69,68,6348
2020-08-30,Schoharie,0,69,46,6394
2020-08-31,Schoharie,1,70,86,6480
2020-09-01,Schoharie,0,70,56,6536
2020-09-02,Schoharie,0,70,65,6601
2020-09-03,Schoharie,1,71,50,6651
2020-09-04,Schoharie,1,72,54,6705
2020-09-05,Schoharie,1,73,66,6771
2020-09-06,Schoharie,0,73,60,6831
2020-09-07,Schoharie,0,73,55,6886
2020-09-08,Schoharie,0,73,26,6912
2020-09-09,Schoharie,1,74,40,6952
2020-09-10,Schoharie,1,75,57,7009
2020-09-11,Schoharie,2,77,66,7075
2020-09-12,Schoharie,1,78,63,7138
2020-09-13,Schoharie,4,82,57,7195
2020-09-14,Schoharie,1,83,56,7251
2020-09-15,Schoharie,0,83,46,7297
2020-09-16,Schoharie,0,83,51,7348
2020-09-17,Schoharie,0,83,48,7396
2020-09-18,Schoharie,0,83,47,7443
2020-09-19,Schoharie,0,83,86,7529
2020-09-20,Schoharie,0,83,47,7576
2020-09-21,Schoharie,0,83,63,7639
2020-09-22,Schoharie,0,83,53,7692
2020-09-23,Schoharie,0,83,54,7746
2020-09-24,Schoharie,0,83,43,7789
2020-09-25,Schoharie,1,84,82,7871
2020-09-26,Schoharie,1,85,64,7935
2020-09-27,Schoharie,0,85,45,7980
2020-09-28,Schoharie,0,85,107,8087
2020-09-29,Schoharie,0,85,49,8136
2020-09-30,Schoharie,0,85,596,8732
2020-10-01,Schoharie,0,85,60,8792
2020-10-02,Schoharie,1,86,88,8880
2020-10-03,Schoharie,0,86,76,8956
2020-10-04,Schoharie,1,87,80,9036
2020-10-05,Schoharie,0,87,63,9099
2020-10-06,Schoharie,0,87,51,9150
2020-10-07,Schoharie,1,88,55,9205
2020-10-08,Schoharie,2,90,400,9605
2020-10-09,Schoharie,3,93,81,9686
2020-10-10,Schoharie,1,94,61,9747
2020-10-11,Schoharie,0,94,780,10527
2020-10-12,Schoharie,1,95,121,10648
2020-10-13,Schoharie,0,95,57,10705
2020-10-14,Schoharie,2,97,496,11201
2020-10-15,Schoharie,3,100,87,11288
2020-10-16,Schoharie,0,100,88,11376
2020-10-17,Schoharie,0,100,84,11460
2020-10-18,Schoharie,0,100,94,11554
2020-10-19,Schoharie,1,101,70,11624
2020-10-20,Schoharie,0,101,577,12201
2020-10-21,Schoharie,0,101,53,12254
2020-10-22,Schoharie,3,104,72,12326
2020-10-23,Schoharie,3,107,81,12407
2020-10-24,Schoharie,2,109,111,12518
2020-10-25,Schoharie,0,109,91,12609
2020-10-26,Schoharie,1,110,66,12675
2020-10-27,Schoharie,1,111,752,13427
2020-10-28,Schoharie,1,112,821,14248
2020-10-29,Schoharie,1,113,86,14334
2020-10-30,Schoharie,1,114,107,14441
2020-10-31,Schoharie,1,115,70,14511
2020-11-01,Schoharie,1,116,99,14610
2020-11-02,Schoharie,0,116,32,14642
2020-11-03,Schoharie,1,117,792,15434
2020-11-04,Schoharie,2,119,838,16272
2020-11-05,Schoharie,1,120,74,16346
2020-11-06,Schoharie,1,121,80,16426
2020-11-07,Schoharie,1,122,86,16512
2020-11-08,Schoharie,2,124,59,16571
2020-11-09,Schoharie,6,130,796,17367
2020-11-10,Schoharie,3,133,1031,18398
2020-11-11,Schoharie,4,137,123,18521
2020-11-12,Schoharie,4,141,96,18617
2020-11-13,Schoharie,0,141,80,18697
2020-11-14,Schoharie,2,143,65,18762
2020-11-15,Schoharie,2,145,56,18818
2020-11-16,Schoharie,10,155,104,18922
2020-11-17,Schoharie,5,160,602,19524
2020-11-18,Schoharie,2,162,609,20133
2020-11-19,Schoharie,0,162,24,20157
2020-11-20,Schoharie,4,166,126,20283
2020-11-21,Schoharie,3,169,42,20325
2020-11-22,Schoharie,7,176,200,20525
2020-11-23,Schoharie,0,176,89,20614
2020-11-24,Schoharie,3,179,281,20895
2020-11-25,Schoharie,4,183,90,20985
2020-11-26,Schoharie,7,190,64,21049
2020-11-27,Schoharie,4,194,73,21122
2020-11-28,Schoharie,2,196,71,21193
2020-11-29,Schoharie,1,197,113,21306
2020-11-30,Schoharie,11,208,141,21447
2020-12-01,Schoharie,4,212,100,21547
2020-12-02,Schoharie,5,217,342,21889
2020-12-03,Schoharie,3,220,81,21970
2020-12-04,Schoharie,15,235,139,22109
2020-12-05,Schoharie,10,245,129,22238
2020-12-06,Schoharie,5,250,111,22349
2020-12-07,Schoharie,10,260,104,22453
2020-12-08,Schoharie,15,275,127,22580
2020-12-09,Schoharie,4,279,66,22646
2020-12-10,Schoharie,14,293,100,22746
2020-12-11,Schoharie,13,306,147,22893
2020-12-12,Schoharie,20,326,169,23062
2020-12-13,Schoharie,16,342,145,23207
2020-12-14,Schoharie,14,356,104,23311
2020-12-15,Schoharie,22,378,118,23429
2020-12-16,Schoharie,14,392,498,23927
2020-12-17,Schoharie,9,401,133,24060
2020-12-18,Schoharie,7,408,138,24198
2020-12-19,Schoharie,10,418,121,24319
2020-12-20,Schoharie,8,426,107,24426
2020-12-21,Schoharie,12,438,93,24519
2020-12-22,Schoharie,11,449,127,24646
2020-12-23,Schoharie,7,456,116,24762
2020-12-24,Schoharie,15,471,109,24871
2020-12-25,Schoharie,22,493,151,25022
2020-12-26,Schoharie,14,507,81,25103
2020-12-27,Schoharie,9,516,68,25171
2020-12-28,Schoharie,11,527,120,25291
2020-12-29,Schoharie,15,542,166,25457
2020-12-30,Schoharie,12,554,142,25599
2020-12-31,Schoharie,18,572,180,25779
2021-01-01,Schoharie,17,589,136,25915
2021-01-02,Schoharie,22,611,118,26033
2021-01-03,Schoharie,17,628,99,26132
2021-01-04,Schoharie,10,638,75,26207
2021-01-05,Schoharie,16,654,138,26345
2021-01-06,Schoharie,25,679,508,26853
2021-01-07,Schoharie,22,701,151,27004
2021-01-08,Schoharie,27,728,187,27191
2021-01-09,Schoharie,14,742,156,27347
2021-01-10,Schoharie,14,756,134,27481
2021-01-11,Schoharie,24,780,215,27696
2021-01-12,Schoharie,19,799,119,27815
2021-01-13,Schoharie,19,818,113,27928
2021-01-14,Schoharie,33,851,509,28437
2021-01-15,Schoharie,22,873,214,28651
2021-01-16,Schoharie,9,882,124,28775
2021-01-17,Schoharie,7,889,83,28858
2021-01-18,Schoharie,8,897,87,28945
2021-01-19,Schoharie,17,914,182,29127
2021-01-20,Schoharie,12,926,145,29272
2021-01-21,Schoharie,17,943,135,29407
2021-01-22,Schoharie,17,960,229,29636
2021-01-23,Schoharie,15,975,158,29794
2021-01-24,Schoharie,6,981,137,29931
2021-01-25,Schoharie,9,990,111,30042
2021-01-26,Schoharie,8,998,106,30148
2021-01-27,Schoharie,5,1003,98,30246
2021-01-28,Schoharie,9,1012,515,30761
2021-01-29,Schoharie,6,1018,145,30906
2021-01-30,Schoharie,11,1029,140,31046
2021-01-31,Schoharie,4,1033,115,31161
2021-02-01,Schoharie,10,1043,115,31276
2021-02-02,Schoharie,2,1045,63,31339
2021-02-03,Schoharie,2,1047,86,31425
2021-02-04,Schoharie,4,1051,362,31787
2021-02-05,Schoharie,5,1056,126,31913
2021-02-06,Schoharie,15,1071,734,32647
2021-02-07,Schoharie,3,1074,103,32750
2021-02-08,Schoharie,5,1079,70,32820
2021-02-09,Schoharie,8,1087,130,32950
2021-02-10,Schoharie,2,1089,517,33467
2021-02-11,Schoharie,6,1095,120,33587
2021-02-12,Schoharie,11,1106,125,33712
2021-02-13,Schoharie,7,1113,963,34675
2021-02-14,Schoharie,8,1121,146,34821
2021-02-15,Schoharie,4,1125,80,34901
2021-02-16,Schoharie,7,1132,64,34965
2021-02-17,Schoharie,11,1143,137,35102
2021-02-18,Schoharie,11,1154,95,35197
2021-02-19,Schoharie,6,1160,109,35306
2021-02-20,Schoharie,8,1168,931,36237
2021-02-21,Schoharie,5,1173,88,36325
2021-02-22,Schoharie,2,1175,56,36381
2021-02-23,Schoharie,1,1176,110,36491
2021-02-24,Schoharie,7,1183,547,37038
2021-02-25,Schoharie,4,1187,559,37597
2021-02-26,Schoharie,3,1190,160,37757
2021-02-27,Schoharie,10,1200,940,38697
2021-02-28,Schoharie,10,1210,77,38774
2021-03-01,Schoharie,5,1215,54,38828
2021-03-02,Schoharie,8,1223,174,39002
2021-03-03,Schoharie,6,1229,560,39562
2021-03-04,Schoharie,12,1241,128,39690
2021-03-05,Schoharie,2,1243,93,39783
2021-03-06,Schoharie,8,1251,1000,40783
2021-03-07,Schoharie,3,1254,861,41644
2021-03-08,Schoharie,5,1259,96,41740
2021-03-09,Schoharie,4,1263,154,41894
2021-03-10,Schoharie,5,1268,705,42599
2021-03-11,Schoharie,11,1279,143,42742
2021-03-12,Schoharie,5,1284,131,42873
2021-03-13,Schoharie,7,1291,817,43690
2021-03-14,Schoharie,9,1300,105,43795
2021-03-15,Schoharie,1,1301,59,43854
2021-03-16,Schoharie,11,1312,115,43969
2021-03-17,Schoharie,11,1323,668,44637
2021-03-18,Schoharie,7,1330,159,44796
2021-03-19,Schoharie,9,1339,180,44976
2021-03-20,Schoharie,9,1348,876,45852
2021-03-21,Schoharie,11,1359,127,45979
2021-03-22,Schoharie,9,1368,82,46061
2021-03-23,Schoharie,4,1372,104,46165
2021-03-24,Schoharie,4,1376,710,46875
2021-03-25,Schoharie,8,1384,232,47107
2021-03-26,Schoharie,5,1389,384,47491
2021-03-27,Schoharie,3,1392,211,47702
2021-03-28,Schoharie,7,1399,821,48523
2021-03-29,Schoharie,2,1401,229,48752
2021-03-30,Schoharie,10,1411,212,48964
2021-03-31,Schoharie,6,1417,190,49154
2021-04-01,Schoharie,7,1424,315,49469
2021-04-02,Schoharie,10,1434,169,49638
2021-04-03,Schoharie,9,1443,477,50115
2021-04-04,Schoharie,2,1445,103,50218
2021-04-05,Schoharie,8,1453,174,50392
2021-04-06,Schoharie,9,1462,303,50695
2021-04-07,Schoharie,8,1470,452,51147
2021-04-08,Schoharie,8,1478,348,51495
2021-04-09,Schoharie,10,1488,418,51913
2021-04-10,Schoharie,5,1493,136,52049
2021-04-11,Schoharie,5,1498,74,52123
2021-04-12,Schoharie,5,1503,266,52389
2021-04-13,Schoharie,17,1520,131,52520
2021-04-14,Schoharie,18,1538,154,52674
2021-04-15,Schoharie,5,1543,381,53055
2021-04-16,Schoharie,5,1548,166,53221
2021-04-17,Schoharie,4,1552,154,53375
2021-04-18,Schoharie,3,1555,223,53598
2021-04-19,Schoharie,7,1562,78,53676
2021-04-20,Schoharie,6,1568,184,53860
2021-04-21,Schoharie,5,1573,812,54672
2021-04-22,Schoharie,6,1579,280,54952
2021-04-23,Schoharie,2,1581,216,55168
2021-04-24,Schoharie,2,1583,133,55301
2021-04-25,Schoharie,2,1585,87,55388
2021-04-26,Schoharie,0,1585,58,55446
2021-04-27,Schoharie,3,1588,286,55732
2021-04-28,Schoharie,3,1591,143,55875
2021-04-29,Schoharie,9,1600,302,56177
2021-04-30,Schoharie,9,1609,206,56383
2021-05-01,Schoharie,5,1614,168,56551
2021-05-02,Schoharie,1,1615,233,56784
2021-05-03,Schoharie,1,1616,50,56834
2021-05-04,Schoharie,7,1623,147,56981
2021-05-05,Schoharie,2,1625,122,57103
2021-05-06,Schoharie,7,1632,296,57399
2021-05-07,Schoharie,8,1640,212,57611
2021-05-08,Schoharie,3,1643,84,57695
2021-05-09,Schoharie,2,1645,237,57932
2021-05-10,Schoharie,3,1648,86,58018
2021-05-11,Schoharie,4,1652,95,58113
2021-05-12,Schoharie,3,1655,142,58255
2021-05-13,Schoharie,5,1660,310,58565
2021-05-14,Schoharie,2,1662,153,58718
2021-05-15,Schoharie,1,1663,101,58819
2021-05-16,Schoharie,4,1667,60,58879
2021-05-17,Schoharie,2,1669,82,58961
2021-05-18,Schoharie,1,1670,134,59095
2021-05-19,Schoharie,1,1671,115,59210
2021-05-20,Schoharie,8,1679,271,59481
2021-05-21,Schoharie,1,1680,131,59612
2021-05-22,Schoharie,0,1680,64,59676
2021-05-23,Schoharie,0,1680,52,59728
2021-05-24,Schoharie,2,1682,58,59786
2021-05-25,Schoharie,3,1685,74,59860
2021-05-26,Schoharie,0,1685,98,59958
2021-05-27,Schoharie,1,1686,246,60204
2021-05-28,Schoharie,1,1687,79,60283
2021-05-29,Schoharie,1,1688,60,60343
2021-05-30,Schoharie,1,1689,46,60389
2021-05-31,Schoharie,0,1689,62,60451
2021-06-01,Schoharie,0,1689,43,60494
2021-06-02,Schoharie,0,1689,80,60574
2021-06-03,Schoharie,1,1690,206,60780
2021-06-04,Schoharie,1,1691,107,60887
2021-06-05,Schoharie,1,1692,61,60948
2021-06-06,Schoharie,0,1692,41,60989
2021-06-07,Schoharie,0,1692,77,61066
2021-06-08,Schoharie,0,1692,106,61172
2021-06-09,Schoharie,0,1692,87,61259
2021-06-10,Schoharie,0,1692,81,61340
2021-06-11,Schoharie,0,1692,106,61446
2021-06-12,Schoharie,0,1692,52,61498
2021-06-13,Schoharie,0,1692,31,61529
2021-06-14,Schoharie,0,1692,52,61581
2021-06-15,Schoharie,0,1692,78,61659
2021-06-16,Schoharie,0,1692,72,61731
2021-06-17,Schoharie,0,1692,64,61795
2021-06-18,Schoharie,1,1693,84,61879
2021-06-19,Schoharie,0,1693,43,61922
2021-06-20,Schoharie,1,1694,31,61953
2021-06-21,Schoharie,0,1694,47,62000
2021-06-22,Schoharie,0,1694,55,62055
2021-06-23,Schoharie,0,1694,90,62145
2021-06-24,Schoharie,2,1696,66,62211
2021-06-25,Schoharie,0,1696,69,62280
2021-06-26,Schoharie,1,1697,48,62328
2021-06-27,Schoharie,2,1699,29,62357
2021-06-28,Schoharie,2,1701,46,62403
2021-06-29,Schoharie,0,1701,61,62464
2021-06-30,Schoharie,1,1702,43,62507
2021-07-01,Schoharie,2,1704,52,62559
2021-07-02,Schoharie,1,1705,64,62623
2021-07-03,Schoharie,0,1705,43,62666
2021-07-04,Schoharie,0,1705,20,62686
2021-07-05,Schoharie,0,1705,14,62700
2021-07-06,Schoharie,0,1705,21,62721
2021-07-07,Schoharie,1,1706,68,62789
2021-07-08,Schoharie,4,1710,72,62861
2021-07-09,Schoharie,0,1710,58,62919
2021-07-10,Schoharie,0,1710,45,62964
2021-07-11,Schoharie,0,1710,29,62993
2021-07-12,Schoharie,0,1710,34,63027
2021-07-13,Schoharie,1,1711,70,63097
2021-07-14,Schoharie,0,1711,79,63176
2021-07-15,Schoharie,3,1714,46,63222
2021-07-16,Schoharie,0,1714,42,63264
2021-07-17,Schoharie,0,1714,44,63308
2021-07-18,Schoharie,1,1715,16,63324
2020-03-01,Schuyler,0,0,0,0
2020-03-02,Schuyler,0,0,0,0
2020-03-03,Schuyler,0,0,0,0
2020-03-04,Schuyler,0,0,0,0
2020-03-05,Schuyler,0,0,0,0
2020-03-06,Schuyler,0,0,0,0
2020-03-07,Schuyler,0,0,0,0
2020-03-08,Schuyler,0,0,0,0
2020-03-09,Schuyler,0,0,0,0
2020-03-10,Schuyler,0,0,0,0
2020-03-11,Schuyler,0,0,0,0
2020-03-12,Schuyler,0,0,0,0
2020-03-13,Schuyler,0,0,0,0
2020-03-14,Schuyler,0,0,1,1
2020-03-15,Schuyler,0,0,1,2
2020-03-16,Schuyler,0,0,2,4
2020-03-17,Schuyler,0,0,0,4
2020-03-18,Schuyler,0,0,1,5
2020-03-19,Schuyler,0,0,0,5
2020-03-20,Schuyler,0,0,9,14
2020-03-21,Schuyler,0,0,3,17
2020-03-22,Schuyler,0,0,7,24
2020-03-23,Schuyler,0,0,8,32
2020-03-24,Schuyler,0,0,0,32
2020-03-25,Schuyler,0,0,1,33
2020-03-26,Schuyler,0,0,8,41
2020-03-27,Schuyler,1,1,6,47
2020-03-28,Schuyler,0,1,7,54
2020-03-29,Schuyler,1,2,6,60
2020-03-30,Schuyler,0,2,6,66
2020-03-31,Schuyler,0,2,1,67
2020-04-01,Schuyler,1,3,8,75
2020-04-02,Schuyler,0,3,13,88
2020-04-03,Schuyler,1,4,5,93
2020-04-04,Schuyler,0,4,2,95
2020-04-05,Schuyler,0,4,9,104
2020-04-06,Schuyler,0,4,4,108
2020-04-07,Schuyler,0,4,12,120
2020-04-08,Schuyler,0,4,20,140
2020-04-09,Schuyler,1,5,4,144
2020-04-10,Schuyler,0,5,7,151
2020-04-11,Schuyler,0,5,1,152
2020-04-12,Schuyler,0,5,1,153
2020-04-13,Schuyler,1,6,11,164
2020-04-14,Schuyler,0,6,0,164
2020-04-15,Schuyler,0,6,5,169
2020-04-16,Schuyler,0,6,8,177
2020-04-17,Schuyler,0,6,4,181
2020-04-18,Schuyler,0,6,0,181
2020-04-19,Schuyler,1,7,4,185
2020-04-20,Schuyler,0,7,4,189
2020-04-21,Schuyler,0,7,10,199
2020-04-22,Schuyler,0,7,108,307
2020-04-23,Schuyler,0,7,18,325
2020-04-24,Schuyler,0,7,38,363
2020-04-25,Schuyler,0,7,10,373
2020-04-26,Schuyler,0,7,9,382
2020-04-27,Schuyler,0,7,8,390
2020-04-28,Schuyler,0,7,15,405
2020-04-29,Schuyler,0,7,7,412
2020-04-30,Schuyler,0,7,6,418
2020-05-01,Schuyler,0,7,7,425
2020-05-02,Schuyler,0,7,2,427
2020-05-03,Schuyler,0,7,12,439
2020-05-04,Schuyler,0,7,5,444
2020-05-05,Schuyler,0,7,31,475
2020-05-06,Schuyler,0,7,12,487
2020-05-07,Schuyler,0,7,9,496
2020-05-08,Schuyler,0,7,38,534
2020-05-09,Schuyler,0,7,31,565
2020-05-10,Schuyler,0,7,14,579
2020-05-11,Schuyler,1,8,17,596
2020-05-12,Schuyler,0,8,32,628
2020-05-13,Schuyler,0,8,46,674
2020-05-14,Schuyler,0,8,18,692
2020-05-15,Schuyler,0,8,52,744
2020-05-16,Schuyler,1,9,32,776
2020-05-17,Schuyler,1,10,55,831
2020-05-18,Schuyler,0,10,57,888
2020-05-19,Schuyler,0,10,44,932
2020-05-20,Schuyler,0,10,42,974
2020-05-21,Schuyler,1,11,49,1023
2020-05-22,Schuyler,0,11,78,1101
2020-05-23,Schuyler,0,11,45,1146
2020-05-24,Schuyler,0,11,52,1198
2020-05-25,Schuyler,0,11,14,1212
2020-05-26,Schuyler,0,11,68,1280
2020-05-27,Schuyler,0,11,41,1321
2020-05-28,Schuyler,0,11,52,1373
2020-05-29,Schuyler,0,11,64,1437
2020-05-30,Schuyler,0,11,76,1513
2020-05-31,Schuyler,0,11,30,1543
2020-06-01,Schuyler,1,12,26,1569
2020-06-02,Schuyler,0,12,40,1609
2020-06-03,Schuyler,0,12,22,1631
2020-06-04,Schuyler,0,12,32,1663
2020-06-05,Schuyler,0,12,139,1802
2020-06-06,Schuyler,0,12,47,1849
2020-06-07,Schuyler,0,12,45,1894
2020-06-08,Schuyler,0,12,81,1975
2020-06-09,Schuyler,0,12,46,2021
2020-06-10,Schuyler,0,12,47,2068
2020-06-11,Schuyler,0,12,51,2119
2020-06-12,Schuyler,0,12,67,2186
2020-06-13,Schuyler,0,12,30,2216
2020-06-14,Schuyler,0,12,43,2259
2020-06-15,Schuyler,0,12,68,2327
2020-06-16,Schuyler,0,12,59,2386
2020-06-17,Schuyler,0,12,42,2428
2020-06-18,Schuyler,0,12,67,2495
2020-06-19,Schuyler,0,12,57,2552
2020-06-20,Schuyler,0,12,31,2583
2020-06-21,Schuyler,0,12,33,2616
2020-06-22,Schuyler,0,12,63,2679
2020-06-23,Schuyler,0,12,63,2742
2020-06-24,Schuyler,0,12,26,2768
2020-06-25,Schuyler,0,12,31,2799
2020-06-26,Schuyler,0,12,69,2868
2020-06-27,Schuyler,0,12,56,2924
2020-06-28,Schuyler,0,12,36,2960
2020-06-29,Schuyler,0,12,61,3021
2020-06-30,Schuyler,1,13,44,3065
2020-07-01,Schuyler,0,13,33,3098
2020-07-02,Schuyler,0,13,27,3125
2020-07-03,Schuyler,0,13,74,3199
2020-07-04,Schuyler,0,13,47,3246
2020-07-05,Schuyler,0,13,51,3297
2020-07-06,Schuyler,0,13,38,3335
2020-07-07,Schuyler,0,13,46,3381
2020-07-08,Schuyler,0,13,15,3396
2020-07-09,Schuyler,0,13,47,3443
2020-07-10,Schuyler,2,15,52,3495
2020-07-11,Schuyler,0,15,93,3588
2020-07-12,Schuyler,0,15,27,3615
2020-07-13,Schuyler,0,15,70,3685
2020-07-14,Schuyler,0,15,48,3733
2020-07-15,Schuyler,0,15,134,3867
2020-07-16,Schuyler,0,15,63,3930
2020-07-17,Schuyler,1,16,67,3997
2020-07-18,Schuyler,0,16,67,4064
2020-07-19,Schuyler,4,20,19,4083
2020-07-20,Schuyler,0,20,35,4118
2020-07-21,Schuyler,0,20,99,4217
2020-07-22,Schuyler,0,20,142,4359
2020-07-23,Schuyler,0,20,69,4428
2020-07-24,Schuyler,0,20,83,4511
2020-07-25,Schuyler,0,20,51,4562
2020-07-26,Schuyler,0,20,20,4582
2020-07-27,Schuyler,0,20,23,4605
2020-07-28,Schuyler,0,20,56,4661
2020-07-29,Schuyler,0,20,99,4760
2020-07-30,Schuyler,1,21,98,4858
2020-07-31,Schuyler,1,22,66,4924
2020-08-01,Schuyler,0,22,82,5006
2020-08-02,Schuyler,0,22,9,5015
2020-08-03,Schuyler,0,22,34,5049
2020-08-04,Schuyler,0,22,43,5092
2020-08-05,Schuyler,0,22,91,5183
2020-08-06,Schuyler,0,22,116,5299
2020-08-07,Schuyler,0,22,48,5347
2020-08-08,Schuyler,0,22,101,5448
2020-08-09,Schuyler,0,22,27,5475
2020-08-10,Schuyler,0,22,44,5519
2020-08-11,Schuyler,0,22,53,5572
2020-08-12,Schuyler,0,22,43,5615
2020-08-13,Schuyler,0,22,107,5722
2020-08-14,Schuyler,1,23,69,5791
2020-08-15,Schuyler,0,23,91,5882
2020-08-16,Schuyler,0,23,56,5938
2020-08-17,Schuyler,0,23,23,5961
2020-08-18,Schuyler,0,23,58,6019
2020-08-19,Schuyler,0,23,28,6047
2020-08-20,Schuyler,1,24,157,6204
2020-08-21,Schuyler,0,24,70,6274
2020-08-22,Schuyler,0,24,65,6339
2020-08-23,Schuyler,0,24,33,6372
2020-08-24,Schuyler,0,24,19,6391
2020-08-25,Schuyler,0,24,54,6445
2020-08-26,Schuyler,0,24,97,6542
2020-08-27,Schuyler,1,25,88,6630
2020-08-28,Schuyler,1,26,62,6692
2020-08-29,Schuyler,0,26,58,6750
2020-08-30,Schuyler,0,26,20,6770
2020-08-31,Schuyler,0,26,28,6798
2020-09-01,Schuyler,0,26,47,6845
2020-09-02,Schuyler,1,27,127,6972
2020-09-03,Schuyler,0,27,68,7040
2020-09-04,Schuyler,0,27,82,7122
2020-09-05,Schuyler,1,28,127,7249
2020-09-06,Schuyler,0,28,17,7266
2020-09-07,Schuyler,1,29,42,7308
2020-09-08,Schuyler,0,29,34,7342
2020-09-09,Schuyler,0,29,84,7426
2020-09-10,Schuyler,1,30,100,7526
2020-09-11,Schuyler,2,32,114,7640
2020-09-12,Schuyler,0,32,29,7669
2020-09-13,Schuyler,0,32,63,7732
2020-09-14,Schuyler,1,33,87,7819
2020-09-15,Schuyler,0,33,85,7904
2020-09-16,Schuyler,0,33,150,8054
2020-09-17,Schuyler,4,37,99,8153
2020-09-18,Schuyler,0,37,132,8285
2020-09-19,Schuyler,1,38,109,8394
2020-09-20,Schuyler,0,38,26,8420
2020-09-21,Schuyler,1,39,52,8472
2020-09-22,Schuyler,1,40,106,8578
2020-09-23,Schuyler,0,40,130,8708
2020-09-24,Schuyler,1,41,137,8845
2020-09-25,Schuyler,0,41,112,8957
2020-09-26,Schuyler,0,41,60,9017
2020-09-27,Schuyler,0,41,23,9040
2020-09-28,Schuyler,2,43,29,9069
2020-09-29,Schuyler,0,43,86,9155
2020-09-30,Schuyler,4,47,141,9296
2020-10-01,Schuyler,2,49,110,9406
2020-10-02,Schuyler,0,49,89,9495
2020-10-03,Schuyler,2,51,103,9598
2020-10-04,Schuyler,6,57,84,9682
2020-10-05,Schuyler,1,58,65,9747
2020-10-06,Schuyler,1,59,93,9840
2020-10-07,Schuyler,3,62,178,10018
2020-10-08,Schuyler,4,66,139,10157
2020-10-09,Schuyler,0,66,205,10362
2020-10-10,Schuyler,1,67,175,10537
2020-10-11,Schuyler,5,72,97,10634
2020-10-12,Schuyler,4,76,68,10702
2020-10-13,Schuyler,3,79,91,10793
2020-10-14,Schuyler,3,82,146,10939
2020-10-15,Schuyler,3,85,169,11108
2020-10-16,Schuyler,1,86,169,11277
2020-10-17,Schuyler,2,88,140,11417
2020-10-18,Schuyler,5,93,100,11517
2020-10-19,Schuyler,7,100,61,11578
2020-10-20,Schuyler,4,104,178,11756
2020-10-21,Schuyler,5,109,141,11897
2020-10-22,Schuyler,2,111,156,12053
2020-10-23,Schuyler,4,115,164,12217
2020-10-24,Schuyler,1,116,220,12437
2020-10-25,Schuyler,3,119,56,12493
2020-10-26,Schuyler,5,124,109,12602
2020-10-27,Schuyler,2,126,196,12798
2020-10-28,Schuyler,9,135,165,12963
2020-10-29,Schuyler,4,139,164,13127
2020-10-30,Schuyler,8,147,148,13275
2020-10-31,Schuyler,2,149,208,13483
2020-11-01,Schuyler,6,155,48,13531
2020-11-02,Schuyler,4,159,60,13591
2020-11-03,Schuyler,5,164,191,13782
2020-11-04,Schuyler,2,166,131,13913
2020-11-05,Schuyler,6,172,166,14079
2020-11-06,Schuyler,6,178,162,14241
2020-11-07,Schuyler,5,183,274,14515
2020-11-08,Schuyler,3,186,98,14613
2020-11-09,Schuyler,10,196,104,14717
2020-11-10,Schuyler,4,200,179,14896
2020-11-11,Schuyler,8,208,127,15023
2020-11-12,Schuyler,2,210,188,15211
2020-11-13,Schuyler,8,218,143,15354
2020-11-14,Schuyler,10,228,72,15426
2020-11-15,Schuyler,3,231,162,15588
2020-11-16,Schuyler,6,237,87,15675
2020-11-17,Schuyler,1,238,127,15802
2020-11-18,Schuyler,9,247,193,15995
2020-11-19,Schuyler,1,248,75,16070
2020-11-20,Schuyler,5,253,308,16378
2020-11-21,Schuyler,9,262,132,16510
2020-11-22,Schuyler,9,271,271,16781
2020-11-23,Schuyler,3,274,75,16856
2020-11-24,Schuyler,11,285,207,17063
2020-11-25,Schuyler,4,289,192,17255
2020-11-26,Schuyler,7,296,174,17429
2020-11-27,Schuyler,10,306,249,17678
2020-11-28,Schuyler,8,314,94,17772
2020-11-29,Schuyler,2,316,56,17828
2020-11-30,Schuyler,4,320,47,17875
2020-12-01,Schuyler,3,323,127,18002
2020-12-02,Schuyler,3,326,184,18186
2020-12-03,Schuyler,12,338,186,18372
2020-12-04,Schuyler,12,350,206,18578
2020-12-05,Schuyler,2,352,247,18825
2020-12-06,Schuyler,3,355,169,18994
2020-12-07,Schuyler,4,359,56,19050
2020-12-08,Schuyler,5,364,133,19183
2020-12-09,Schuyler,6,370,238,19421
2020-12-10,Schuyler,2,372,295,19716
2020-12-11,Schuyler,7,379,197,19913
2020-12-12,Schuyler,4,383,229,20142
2020-12-13,Schuyler,6,389,86,20228
2020-12-14,Schuyler,6,395,55,20283
2020-12-15,Schuyler,5,400,151,20434
2020-12-16,Schuyler,6,406,163,20597
2020-12-17,Schuyler,14,420,282,20879
2020-12-18,Schuyler,8,428,108,20987
2020-12-19,Schuyler,13,441,285,21272
2020-12-20,Schuyler,4,445,69,21341
2020-12-21,Schuyler,4,449,63,21404
2020-12-22,Schuyler,9,458,177,21581
2020-12-23,Schuyler,10,468,163,21744
2020-12-24,Schuyler,8,476,302,22046
2020-12-25,Schuyler,14,490,145,22191
2020-12-26,Schuyler,1,491,44,22235
2020-12-27,Schuyler,6,497,65,22300
2020-12-28,Schuyler,7,504,47,22347
2020-12-29,Schuyler,11,515,177,22524
2020-12-30,Schuyler,11,526,246,22770
2020-12-31,Schuyler,8,534,168,22938
2021-01-01,Schuyler,23,557,216,23154
2021-01-02,Schuyler,0,557,51,23205
2021-01-03,Schuyler,14,571,101,23306
2021-01-04,Schuyler,2,573,63,23369
2021-01-05,Schuyler,16,589,161,23530
2021-01-06,Schuyler,15,604,307,23837
2021-01-07,Schuyler,18,622,235,24072
2021-01-08,Schuyler,13,635,241,24313
2021-01-09,Schuyler,9,644,220,24533
2021-01-10,Schuyler,6,650,75,24608
2021-01-11,Schuyler,7,657,67,24675
2021-01-12,Schuyler,14,671,199,24874
2021-01-13,Schuyler,3,674,230,25104
2021-01-14,Schuyler,10,684,261,25365
2021-01-15,Schuyler,15,699,245,25610
2021-01-16,Schuyler,11,710,275,25885
2021-01-17,Schuyler,4,714,85,25970
2021-01-18,Schuyler,2,716,65,26035
2021-01-19,Schuyler,8,724,212,26247
2021-01-20,Schuyler,6,730,246,26493
2021-01-21,Schuyler,15,745,220,26713
2021-01-22,Schuyler,6,751,258,26971
2021-01-23,Schuyler,5,756,301,27272
2021-01-24,Schuyler,4,760,80,27352
2021-01-25,Schuyler,7,767,73,27425
2021-01-26,Schuyler,4,771,180,27605
2021-01-27,Schuyler,8,779,214,27819
2021-01-28,Schuyler,11,790,258,28077
2021-01-29,Schuyler,8,798,222,28299
2021-01-30,Schuyler,2,800,145,28444
2021-01-31,Schuyler,3,803,99,28543
2021-02-01,Schuyler,5,808,73,28616
2021-02-02,Schuyler,3,811,113,28729
2021-02-03,Schuyler,5,816,193,28922
2021-02-04,Schuyler,3,819,131,29053
2021-02-05,Schuyler,5,824,206,29259
2021-02-06,Schuyler,4,828,139,29398
2021-02-07,Schuyler,2,830,120,29518
2021-02-08,Schuyler,0,830,46,29564
2021-02-09,Schuyler,0,830,112,29676
2021-02-10,Schuyler,7,837,242,29918
2021-02-11,Schuyler,2,839,174,30092
2021-02-12,Schuyler,2,841,168,30260
2021-02-13,Schuyler,1,842,112,30372
2021-02-14,Schuyler,2,844,66,30438
2021-02-15,Schuyler,1,845,37,30475
2021-02-16,Schuyler,1,846,97,30572
2021-02-17,Schuyler,0,846,203,30775
2021-02-18,Schuyler,0,846,155,30930
2021-02-19,Schuyler,1,847,159,31089
2021-02-20,Schuyler,3,850,150,31239
2021-02-21,Schuyler,0,850,39,31278
2021-02-22,Schuyler,1,851,64,31342
2021-02-23,Schuyler,1,852,105,31447
2021-02-24,Schuyler,5,857,124,31571
2021-02-25,Schuyler,2,859,179,31750
2021-02-26,Schuyler,3,862,156,31906
2021-02-27,Schuyler,2,864,138,32044
2021-02-28,Schuyler,4,868,58,32102
2021-03-01,Schuyler,0,868,51,32153
2021-03-02,Schuyler,1,869,97,32250
2021-03-03,Schuyler,1,870,198,32448
2021-03-04,Schuyler,1,871,194,32642
2021-03-05,Schuyler,1,872,154,32796
2021-03-06,Schuyler,1,873,149,32945
2021-03-07,Schuyler,1,874,38,32983
2021-03-08,Schuyler,1,875,36,33019
2021-03-09,Schuyler,0,875,120,33139
2021-03-10,Schuyler,1,876,138,33277
2021-03-11,Schuyler,3,879,169,33446
2021-03-12,Schuyler,1,880,118,33564
2021-03-13,Schuyler,4,884,148,33712
2021-03-14,Schuyler,1,885,39,33751
2021-03-15,Schuyler,0,885,41,33792
2021-03-16,Schuyler,4,889,154,33946
2021-03-17,Schuyler,4,893,153,34099
2021-03-18,Schuyler,6,899,161,34260
2021-03-19,Schuyler,1,900,190,34450
2021-03-20,Schuyler,4,904,156,34606
2021-03-21,Schuyler,0,904,74,34680
2021-03-22,Schuyler,1,905,35,34715
2021-03-23,Schuyler,0,905,150,34865
2021-03-24,Schuyler,1,906,174,35039
2021-03-25,Schuyler,4,910,208,35247
2021-03-26,Schuyler,7,917,175,35422
2021-03-27,Schuyler,4,921,161,35583
2021-03-28,Schuyler,3,924,73,35656
2021-03-29,Schuyler,3,927,58,35714
2021-03-30,Schuyler,2,929,238,35952
2021-03-31,Schuyler,5,934,194,36146
2021-04-01,Schuyler,8,942,192,36338
2021-04-02,Schuyler,6,948,250,36588
2021-04-03,Schuyler,1,949,139,36727
2021-04-04,Schuyler,5,954,64,36791
2021-04-05,Schuyler,3,957,54,36845
2021-04-06,Schuyler,6,963,119,36964
2021-04-07,Schuyler,3,966,149,37113
2021-04-08,Schuyler,3,969,237,37350
2021-04-09,Schuyler,3,972,201,37551
2021-04-10,Schuyler,3,975,169,37720
2021-04-11,Schuyler,0,975,43,37763
2021-04-12,Schuyler,2,977,72,37835
2021-04-13,Schuyler,2,979,122,37957
2021-04-14,Schuyler,4,983,171,38128
2021-04-15,Schuyler,5,988,290,38418
2021-04-16,Schuyler,0,988,167,38585
2021-04-17,Schuyler,2,990,193,38778
2021-04-18,Schuyler,2,992,69,38847
2021-04-19,Schuyler,1,993,40,38887
2021-04-20,Schuyler,0,993,171,39058
2021-04-21,Schuyler,4,997,194,39252
2021-04-22,Schuyler,0,997,199,39451
2021-04-23,Schuyler,4,1001,159,39610
2021-04-24,Schuyler,4,1005,153,39763
2021-04-25,Schuyler,1,1006,69,39832
2021-04-26,Schuyler,0,1006,37,39869
2021-04-27,Schuyler,2,1008,219,40088
2021-04-28,Schuyler,5,1013,182,40270
2021-04-29,Schuyler,1,1014,169,40439
2021-04-30,Schuyler,3,1017,238,40677
2021-05-01,Schuyler,2,1019,127,40804
2021-05-02,Schuyler,1,1020,61,40865
2021-05-03,Schuyler,2,1022,41,40906
2021-05-04,Schuyler,1,1023,105,41011
2021-05-05,Schuyler,3,1026,238,41249
2021-05-06,Schuyler,0,1026,118,41367
2021-05-07,Schuyler,0,1026,205,41572
2021-05-08,Schuyler,0,1026,139,41711
2021-05-09,Schuyler,0,1026,35,41746
2021-05-10,Schuyler,0,1026,65,41811
2021-05-11,Schuyler,2,1028,94,41905
2021-05-12,Schuyler,0,1028,145,42050
2021-05-13,Schuyler,0,1028,137,42187
2021-05-14,Schuyler,2,1030,118,42305
2021-05-15,Schuyler,3,1033,122,42427
2021-05-16,Schuyler,0,1033,53,42480
2021-05-17,Schuyler,0,1033,32,42512
2021-05-18,Schuyler,2,1035,129,42641
2021-05-19,Schuyler,0,1035,120,42761
2021-05-20,Schuyler,4,1039,139,42900
2021-05-21,Schuyler,3,1042,120,43020
2021-05-22,Schuyler,3,1045,89,43109
2021-05-23,Schuyler,2,1047,35,43144
2021-05-24,Schuyler,1,1048,32,43176
2021-05-25,Schuyler,1,1049,91,43267
2021-05-26,Schuyler,2,1051,141,43408
2021-05-27,Schuyler,1,1052,115,43523
2021-05-28,Schuyler,1,1053,95,43618
2021-05-29,Schuyler,0,1053,68,43686
2021-05-30,Schuyler,3,1056,22,43708
2021-05-31,Schuyler,0,1056,23,43731
2021-06-01,Schuyler,0,1056,47,43778
2021-06-02,Schuyler,0,1056,84,43862
2021-06-03,Schuyler,4,1060,152,44014
2021-06-04,Schuyler,1,1061,112,44126
2021-06-05,Schuyler,3,1064,94,44220
2021-06-06,Schuyler,2,1066,34,44254
2021-06-07,Schuyler,0,1066,25,44279
2021-06-08,Schuyler,3,1069,79,44358
2021-06-09,Schuyler,1,1070,140,44498
2021-06-10,Schuyler,0,1070,99,44597
2021-06-11,Schuyler,1,1071,93,44690
2021-06-12,Schuyler,1,1072,64,44754
2021-06-13,Schuyler,2,1074,24,44778
2021-06-14,Schuyler,1,1075,30,44808
2021-06-15,Schuyler,5,1080,78,44886
2021-06-16,Schuyler,0,1080,66,44952
2021-06-17,Schuyler,0,1080,53,45005
2021-06-18,Schuyler,0,1080,87,45092
2021-06-19,Schuyler,0,1080,47,45139
2021-06-20,Schuyler,0,1080,17,45156
2021-06-21,Schuyler,1,1081,23,45179
2021-06-22,Schuyler,0,1081,59,45238
2021-06-23,Schuyler,0,1081,79,45317
2021-06-24,Schuyler,0,1081,57,45374
2021-06-25,Schuyler,0,1081,53,45427
2021-06-26,Schuyler,1,1082,60,45487
2021-06-27,Schuyler,0,1082,57,45544
2021-06-28,Schuyler,0,1082,20,45564
2021-06-29,Schuyler,0,1082,55,45619
2021-06-30,Schuyler,0,1082,60,45679
2021-07-01,Schuyler,0,1082,53,45732
2021-07-02,Schuyler,0,1082,90,45822
2021-07-03,Schuyler,0,1082,48,45870
2021-07-04,Schuyler,0,1082,18,45888
2021-07-05,Schuyler,0,1082,13,45901
2021-07-06,Schuyler,0,1082,13,45914
2021-07-07,Schuyler,0,1082,76,45990
2021-07-08,Schuyler,0,1082,45,46035
2021-07-09,Schuyler,0,1082,65,46100
2021-07-10,Schuyler,0,1082,32,46132
2021-07-11,Schuyler,0,1082,28,46160
2021-07-12,Schuyler,0,1082,29,46189
2021-07-13,Schuyler,0,1082,66,46255
2021-07-14,Schuyler,0,1082,49,46304
2021-07-15,Schuyler,0,1082,25,46329
2021-07-16,Schuyler,0,1082,28,46357
2021-07-17,Schuyler,0,1082,31,46388
2021-07-18,Schuyler,0,1082,14,46402
2020-03-01,Seneca,0,0,0,0
2020-03-02,Seneca,0,0,0,0
2020-03-03,Seneca,0,0,0,0
2020-03-04,Seneca,0,0,0,0
2020-03-05,Seneca,0,0,0,0
2020-03-06,Seneca,0,0,0,0
2020-03-07,Seneca,0,0,0,0
2020-03-08,Seneca,0,0,0,0
2020-03-09,Seneca,0,0,0,0
2020-03-10,Seneca,0,0,0,0
2020-03-11,Seneca,0,0,0,0
2020-03-12,Seneca,0,0,0,0
2020-03-13,Seneca,0,0,0,0
2020-03-14,Seneca,0,0,0,0
2020-03-15,Seneca,0,0,1,1
2020-03-16,Seneca,0,0,1,2
2020-03-17,Seneca,0,0,1,3
2020-03-18,Seneca,0,0,2,5
2020-03-19,Seneca,0,0,2,7
2020-03-20,Seneca,0,0,6,13
2020-03-21,Seneca,0,0,3,16
2020-03-22,Seneca,0,0,4,20
2020-03-23,Seneca,0,0,11,31
2020-03-24,Seneca,0,0,0,31
2020-03-25,Seneca,0,0,6,37
2020-03-26,Seneca,0,0,11,48
2020-03-27,Seneca,0,0,16,64
2020-03-28,Seneca,0,0,4,68
2020-03-29,Seneca,0,0,5,73
2020-03-30,Seneca,2,2,7,80
2020-03-31,Seneca,0,2,1,81
2020-04-01,Seneca,2,4,14,95
2020-04-02,Seneca,2,6,13,108
2020-04-03,Seneca,0,6,7,115
2020-04-04,Seneca,3,9,15,130
2020-04-05,Seneca,0,9,11,141
2020-04-06,Seneca,1,10,8,149
2020-04-07,Seneca,2,12,14,163
2020-04-08,Seneca,3,15,20,183
2020-04-09,Seneca,0,15,8,191
2020-04-10,Seneca,1,16,5,196
2020-04-11,Seneca,0,16,3,199
2020-04-12,Seneca,0,16,1,200
2020-04-13,Seneca,2,18,33,233
2020-04-14,Seneca,0,18,1,234
2020-04-15,Seneca,0,18,2,236
2020-04-16,Seneca,0,18,3,239
2020-04-17,Seneca,0,18,2,241
2020-04-18,Seneca,0,18,5,246
2020-04-19,Seneca,0,18,2,248
2020-04-20,Seneca,0,18,0,248
2020-04-21,Seneca,0,18,3,251
2020-04-22,Seneca,0,18,15,266
2020-04-23,Seneca,0,18,5,271
2020-04-24,Seneca,18,36,135,406
2020-04-25,Seneca,2,38,11,417
2020-04-26,Seneca,0,38,12,429
2020-04-27,Seneca,0,38,9,438
2020-04-28,Seneca,0,38,13,451
2020-04-29,Seneca,1,39,24,475
2020-04-30,Seneca,2,41,22,497
2020-05-01,Seneca,1,42,26,523
2020-05-02,Seneca,3,45,51,574
2020-05-03,Seneca,0,45,19,593
2020-05-04,Seneca,1,46,26,619
2020-05-05,Seneca,0,46,20,639
2020-05-06,Seneca,0,46,24,663
2020-05-07,Seneca,0,46,19,682
2020-05-08,Seneca,2,48,46,728
2020-05-09,Seneca,1,49,42,770
2020-05-10,Seneca,0,49,41,811
2020-05-11,Seneca,0,49,25,836
2020-05-12,Seneca,0,49,49,885
2020-05-13,Seneca,0,49,40,925
2020-05-14,Seneca,0,49,30,955
2020-05-15,Seneca,1,50,29,984
2020-05-16,Seneca,1,51,48,1032
2020-05-17,Seneca,0,51,122,1154
2020-05-18,Seneca,0,51,65,1219
2020-05-19,Seneca,1,52,50,1269
2020-05-20,Seneca,0,52,79,1348
2020-05-21,Seneca,2,54,54,1402
2020-05-22,Seneca,0,54,51,1453
2020-05-23,Seneca,1,55,103,1556
2020-05-24,Seneca,0,55,56,1612
2020-05-25,Seneca,0,55,86,1698
2020-05-26,Seneca,0,55,50,1748
2020-05-27,Seneca,1,56,77,1825
2020-05-28,Seneca,1,57,140,1965
2020-05-29,Seneca,1,58,68,2033
2020-05-30,Seneca,0,58,138,2171
2020-05-31,Seneca,1,59,81,2252
2020-06-01,Seneca,0,59,60,2312
2020-06-02,Seneca,1,60,157,2469
2020-06-03,Seneca,0,60,106,2575
2020-06-04,Seneca,1,61,141,2716
2020-06-05,Seneca,0,61,165,2881
2020-06-06,Seneca,0,61,162,3043
2020-06-07,Seneca,0,61,118,3161
2020-06-08,Seneca,0,61,91,3252
2020-06-09,Seneca,0,61,98,3350
2020-06-10,Seneca,1,62,198,3548
2020-06-11,Seneca,1,63,198,3746
2020-06-12,Seneca,0,63,86,3832
2020-06-13,Seneca,0,63,127,3959
2020-06-14,Seneca,1,64,103,4062
2020-06-15,Seneca,0,64,105,4167
2020-06-16,Seneca,0,64,81,4248
2020-06-17,Seneca,0,64,34,4282
2020-06-18,Seneca,0,64,80,4362
2020-06-19,Seneca,0,64,80,4442
2020-06-20,Seneca,0,64,123,4565
2020-06-21,Seneca,0,64,80,4645
2020-06-22,Seneca,0,64,78,4723
2020-06-23,Seneca,0,64,62,4785
2020-06-24,Seneca,2,66,61,4846
2020-06-25,Seneca,3,69,89,4935
2020-06-26,Seneca,0,69,82,5017
2020-06-27,Seneca,0,69,93,5110
2020-06-28,Seneca,0,69,118,5228
2020-06-29,Seneca,0,69,60,5288
2020-06-30,Seneca,1,70,109,5397
2020-07-01,Seneca,0,70,44,5441
2020-07-02,Seneca,0,70,47,5488
2020-07-03,Seneca,0,70,98,5586
2020-07-04,Seneca,1,71,42,5628
2020-07-05,Seneca,0,71,60,5688
2020-07-06,Seneca,0,71,82,5770
2020-07-07,Seneca,0,71,105,5875
2020-07-08,Seneca,2,73,115,5990
2020-07-09,Seneca,0,73,85,6075
2020-07-10,Seneca,1,74,176,6251
2020-07-11,Seneca,0,74,110,6361
2020-07-12,Seneca,0,74,84,6445
2020-07-13,Seneca,0,74,104,6549
2020-07-14,Seneca,2,76,139,6688
2020-07-15,Seneca,0,76,116,6804
2020-07-16,Seneca,1,77,109,6913
2020-07-17,Seneca,1,78,108,7021
2020-07-18,Seneca,2,80,89,7110
2020-07-19,Seneca,0,80,79,7189
2020-07-20,Seneca,0,80,79,7268
2020-07-21,Seneca,0,80,70,7338
2020-07-22,Seneca,0,80,145,7483
2020-07-23,Seneca,3,83,145,7628
2020-07-24,Seneca,0,83,173,7801
2020-07-25,Seneca,0,83,145,7946
2020-07-26,Seneca,0,83,48,7994
2020-07-27,Seneca,1,84,36,8030
2020-07-28,Seneca,0,84,68,8098
2020-07-29,Seneca,0,84,102,8200
2020-07-30,Seneca,0,84,137,8337
2020-07-31,Seneca,1,85,124,8461
2020-08-01,Seneca,1,86,77,8538
2020-08-02,Seneca,0,86,43,8581
2020-08-03,Seneca,0,86,101,8682
2020-08-04,Seneca,0,86,55,8737
2020-08-05,Seneca,0,86,135,8872
2020-08-06,Seneca,1,87,136,9008
2020-08-07,Seneca,2,89,106,9114
2020-08-08,Seneca,0,89,98,9212
2020-08-09,Seneca,1,90,38,9250
2020-08-10,Seneca,1,91,93,9343
2020-08-11,Seneca,0,91,89,9432
2020-08-12,Seneca,1,92,100,9532
2020-08-13,Seneca,1,93,133,9665
2020-08-14,Seneca,0,93,83,9748
2020-08-15,Seneca,0,93,133,9881
2020-08-16,Seneca,1,94,85,9966
2020-08-17,Seneca,1,95,67,10033
2020-08-18,Seneca,0,95,66,10099
2020-08-19,Seneca,0,95,107,10206
2020-08-20,Seneca,0,95,131,10337
2020-08-21,Seneca,0,95,143,10480
2020-08-22,Seneca,0,95,69,10549
2020-08-23,Seneca,0,95,84,10633
2020-08-24,Seneca,1,96,100,10733
2020-08-25,Seneca,2,98,59,10792
2020-08-26,Seneca,0,98,97,10889
2020-08-27,Seneca,0,98,167,11056
2020-08-28,Seneca,0,98,137,11193
2020-08-29,Seneca,2,100,111,11304
2020-08-30,Seneca,0,100,61,11365
2020-08-31,Seneca,0,100,48,11413
2020-09-01,Seneca,0,100,61,11474
2020-09-02,Seneca,1,101,80,11554
2020-09-03,Seneca,1,102,122,11676
2020-09-04,Seneca,0,102,121,11797
2020-09-05,Seneca,0,102,175,11972
2020-09-06,Seneca,0,102,30,12002
2020-09-07,Seneca,0,102,38,12040
2020-09-08,Seneca,0,102,76,12116
2020-09-09,Seneca,1,103,72,12188
2020-09-10,Seneca,0,103,79,12267
2020-09-11,Seneca,1,104,196,12463
2020-09-12,Seneca,0,104,79,12542
2020-09-13,Seneca,0,104,104,12646
2020-09-14,Seneca,0,104,89,12735
2020-09-15,Seneca,0,104,128,12863
2020-09-16,Seneca,0,104,104,12967
2020-09-17,Seneca,1,105,152,13119
2020-09-18,Seneca,0,105,204,13323
2020-09-19,Seneca,0,105,97,13420
2020-09-20,Seneca,0,105,64,13484
2020-09-21,Seneca,0,105,129,13613
2020-09-22,Seneca,0,105,88,13701
2020-09-23,Seneca,0,105,134,13835
2020-09-24,Seneca,1,106,203,14038
2020-09-25,Seneca,0,106,168,14206
2020-09-26,Seneca,0,106,84,14290
2020-09-27,Seneca,0,106,122,14412
2020-09-28,Seneca,1,107,41,14453
2020-09-29,Seneca,0,107,148,14601
2020-09-30,Seneca,1,108,151,14752
2020-10-01,Seneca,2,110,128,14880
2020-10-02,Seneca,0,110,206,15086
2020-10-03,Seneca,0,110,99,15185
2020-10-04,Seneca,1,111,99,15284
2020-10-05,Seneca,1,112,126,15410
2020-10-06,Seneca,0,112,119,15529
2020-10-07,Seneca,2,114,110,15639
2020-10-08,Seneca,0,114,109,15748
2020-10-09,Seneca,1,115,188,15936
2020-10-10,Seneca,4,119,151,16087
2020-10-11,Seneca,1,120,93,16180
2020-10-12,Seneca,0,120,97,16277
2020-10-13,Seneca,2,122,87,16364
2020-10-14,Seneca,2,124,260,16624
2020-10-15,Seneca,1,125,150,16774
2020-10-16,Seneca,1,126,237,17011
2020-10-17,Seneca,1,127,117,17128
2020-10-18,Seneca,1,128,137,17265
2020-10-19,Seneca,0,128,129,17394
2020-10-20,Seneca,3,131,133,17527
2020-10-21,Seneca,4,135,299,17826
2020-10-22,Seneca,4,139,170,17996
2020-10-23,Seneca,1,140,329,18325
2020-10-24,Seneca,0,140,324,18649
2020-10-25,Seneca,0,140,86,18735
2020-10-26,Seneca,2,142,562,19297
2020-10-27,Seneca,1,143,205,19502
2020-10-28,Seneca,4,147,267,19769
2020-10-29,Seneca,1,148,359,20128
2020-10-30,Seneca,0,148,251,20379
2020-10-31,Seneca,1,149,128,20507
2020-11-01,Seneca,3,152,98,20605
2020-11-02,Seneca,2,154,162,20767
2020-11-03,Seneca,1,155,97,20864
2020-11-04,Seneca,8,163,250,21114
2020-11-05,Seneca,4,167,113,21227
2020-11-06,Seneca,4,171,220,21447
2020-11-07,Seneca,5,176,155,21602
2020-11-08,Seneca,6,182,128,21730
2020-11-09,Seneca,6,188,181,21911
2020-11-10,Seneca,2,190,93,22004
2020-11-11,Seneca,9,199,310,22314
2020-11-12,Seneca,3,202,107,22421
2020-11-13,Seneca,3,205,300,22721
2020-11-14,Seneca,4,209,223,22944
2020-11-15,Seneca,5,214,80,23024
2020-11-16,Seneca,6,220,318,23342
2020-11-17,Seneca,2,222,133,23475
2020-11-18,Seneca,3,225,149,23624
2020-11-19,Seneca,7,232,96,23720
2020-11-20,Seneca,8,240,385,24105
2020-11-21,Seneca,3,243,72,24177
2020-11-22,Seneca,10,253,437,24614
2020-11-23,Seneca,7,260,290,24904
2020-11-24,Seneca,7,267,144,25048
2020-11-25,Seneca,2,269,116,25164
2020-11-26,Seneca,7,276,190,25354
2020-11-27,Seneca,7,283,240,25594
2020-11-28,Seneca,12,295,301,25895
2020-11-29,Seneca,14,309,135,26030
2020-11-30,Seneca,11,320,168,26198
2020-12-01,Seneca,3,323,143,26341
2020-12-02,Seneca,24,347,228,26569
2020-12-03,Seneca,12,359,297,26866
2020-12-04,Seneca,11,370,319,27185
2020-12-05,Seneca,12,382,251,27436
2020-12-06,Seneca,7,389,88,27524
2020-12-07,Seneca,10,399,172,27696
2020-12-08,Seneca,9,408,136,27832
2020-12-09,Seneca,36,444,323,28155
2020-12-10,Seneca,15,459,265,28420
2020-12-11,Seneca,10,469,273,28693
2020-12-12,Seneca,13,482,238,28931
2020-12-13,Seneca,16,498,287,29218
2020-12-14,Seneca,8,506,181,29399
2020-12-15,Seneca,3,509,92,29491
2020-12-16,Seneca,23,532,227,29718
2020-12-17,Seneca,19,551,204,29922
2020-12-18,Seneca,15,566,188,30110
2020-12-19,Seneca,20,586,382,30492
2020-12-20,Seneca,21,607,191,30683
2020-12-21,Seneca,12,619,177,30860
2020-12-22,Seneca,9,628,199,31059
2020-12-23,Seneca,25,653,180,31239
2020-12-24,Seneca,24,677,322,31561
2020-12-25,Seneca,24,701,216,31777
2020-12-26,Seneca,4,705,125,31902
2020-12-27,Seneca,21,726,178,32080
2020-12-28,Seneca,22,748,239,32319
2020-12-29,Seneca,13,761,253,32572
2020-12-30,Seneca,29,790,238,32810
2020-12-31,Seneca,27,817,287,33097
2021-01-01,Seneca,34,851,255,33352
2021-01-02,Seneca,23,874,182,33534
2021-01-03,Seneca,31,905,271,33805
2021-01-04,Seneca,15,920,179,33984
2021-01-05,Seneca,32,952,311,34295
2021-01-06,Seneca,13,965,228,34523
2021-01-07,Seneca,17,982,405,34928
2021-01-08,Seneca,12,994,286,35214
2021-01-09,Seneca,25,1019,317,35531
2021-01-10,Seneca,30,1049,260,35791
2021-01-11,Seneca,22,1071,222,36013
2021-01-12,Seneca,14,1085,270,36283
2021-01-13,Seneca,19,1104,208,36491
2021-01-14,Seneca,40,1144,385,36876
2021-01-15,Seneca,33,1177,488,37364
2021-01-16,Seneca,26,1203,461,37825
2021-01-17,Seneca,15,1218,247,38072
2021-01-18,Seneca,14,1232,249,38321
2021-01-19,Seneca,7,1239,110,38431
2021-01-20,Seneca,24,1263,246,38677
2021-01-21,Seneca,13,1276,235,38912
2021-01-22,Seneca,22,1298,439,39351
2021-01-23,Seneca,27,1325,289,39640
2021-01-24,Seneca,6,1331,215,39855
2021-01-25,Seneca,7,1338,202,40057
2021-01-26,Seneca,8,1346,189,40246
2021-01-27,Seneca,13,1359,215,40461
2021-01-28,Seneca,20,1379,343,40804
2021-01-29,Seneca,10,1389,368,41172
2021-01-30,Seneca,7,1396,270,41442
2021-01-31,Seneca,5,1401,214,41656
2021-02-01,Seneca,10,1411,157,41813
2021-02-02,Seneca,7,1418,157,41970
2021-02-03,Seneca,4,1422,178,42148
2021-02-04,Seneca,8,1430,163,42311
2021-02-05,Seneca,3,1433,341,42652
2021-02-06,Seneca,9,1442,264,42916
2021-02-07,Seneca,3,1445,194,43110
2021-02-08,Seneca,4,1449,79,43189
2021-02-09,Seneca,16,1465,217,43406
2021-02-10,Seneca,7,1472,224,43630
2021-02-11,Seneca,8,1480,272,43902
2021-02-12,Seneca,7,1487,242,44144
2021-02-13,Seneca,5,1492,253,44397
2021-02-14,Seneca,6,1498,158,44555
2021-02-15,Seneca,2,1500,80,44635
2021-02-16,Seneca,8,1508,123,44758
2021-02-17,Seneca,10,1518,162,44920
2021-02-18,Seneca,8,1526,232,45152
2021-02-19,Seneca,6,1532,279,45431
2021-02-20,Seneca,12,1544,296,45727
2021-02-21,Seneca,7,1551,163,45890
2021-02-22,Seneca,10,1561,115,46005
2021-02-23,Seneca,3,1564,132,46137
2021-02-24,Seneca,10,1574,207,46344
2021-02-25,Seneca,15,1589,248,46592
2021-02-26,Seneca,12,1601,323,46915
2021-02-27,Seneca,9,1610,274,47189
2021-02-28,Seneca,10,1620,164,47353
2021-03-01,Seneca,6,1626,66,47419
2021-03-02,Seneca,1,1627,200,47619
2021-03-03,Seneca,5,1632,210,47829
2021-03-04,Seneca,8,1640,272,48101
2021-03-05,Seneca,8,1648,291,48392
2021-03-06,Seneca,7,1655,261,48653
2021-03-07,Seneca,2,1657,83,48736
2021-03-08,Seneca,5,1662,93,48829
2021-03-09,Seneca,8,1670,253,49082
2021-03-10,Seneca,5,1675,193,49275
2021-03-11,Seneca,9,1684,260,49535
2021-03-12,Seneca,1,1685,210,49745
2021-03-13,Seneca,11,1696,325,50070
2021-03-14,Seneca,8,1704,82,50152
2021-03-15,Seneca,2,1706,170,50322
2021-03-16,Seneca,9,1715,184,50506
2021-03-17,Seneca,12,1727,271,50777
2021-03-18,Seneca,6,1733,307,51084
2021-03-19,Seneca,7,1740,225,51309
2021-03-20,Seneca,2,1742,302,51611
2021-03-21,Seneca,2,1744,115,51726
2021-03-22,Seneca,7,1751,170,51896
2021-03-23,Seneca,9,1760,206,52102
2021-03-24,Seneca,8,1768,239,52341
2021-03-25,Seneca,2,1770,319,52660
2021-03-26,Seneca,3,1773,246,52906
2021-03-27,Seneca,4,1777,276,53182
2021-03-28,Seneca,0,1777,149,53331
2021-03-29,Seneca,6,1783,161,53492
2021-03-30,Seneca,5,1788,204,53696
2021-03-31,Seneca,5,1793,169,53865
2021-04-01,Seneca,4,1797,232,54097
2021-04-02,Seneca,5,1802,289,54386
2021-04-03,Seneca,3,1805,191,54577
2021-04-04,Seneca,6,1811,77,54654
2021-04-05,Seneca,0,1811,222,54876
2021-04-06,Seneca,3,1814,169,55045
2021-04-07,Seneca,5,1819,252,55297
2021-04-08,Seneca,5,1824,301,55598
2021-04-09,Seneca,4,1828,335,55933
2021-04-10,Seneca,10,1838,223,56156
2021-04-11,Seneca,5,1843,134,56290
2021-04-12,Seneca,3,1846,190,56480
2021-04-13,Seneca,7,1853,224,56704
2021-04-14,Seneca,4,1857,245,56949
2021-04-15,Seneca,9,1866,343,57292
2021-04-16,Seneca,12,1878,215,57507
2021-04-17,Seneca,5,1883,215,57722
2021-04-18,Seneca,2,1885,233,57955
2021-04-19,Seneca,0,1885,181,58136
2021-04-20,Seneca,4,1889,171,58307
2021-04-21,Seneca,8,1897,316,58623
2021-04-22,Seneca,5,1902,231,58854
2021-04-23,Seneca,1,1903,355,59209
2021-04-24,Seneca,3,1906,307,59516
2021-04-25,Seneca,0,1906,179,59695
2021-04-26,Seneca,8,1914,235,59930
2021-04-27,Seneca,7,1921,177,60107
2021-04-28,Seneca,8,1929,230,60337
2021-04-29,Seneca,2,1931,298,60635
2021-04-30,Seneca,3,1934,228,60863
2021-05-01,Seneca,4,1938,260,61123
2021-05-02,Seneca,2,1940,114,61237
2021-05-03,Seneca,5,1945,66,61303
2021-05-04,Seneca,11,1956,281,61584
2021-05-05,Seneca,3,1959,245,61829
2021-05-06,Seneca,3,1962,240,62069
2021-05-07,Seneca,2,1964,390,62459
2021-05-08,Seneca,4,1968,152,62611
2021-05-09,Seneca,2,1970,245,62856
2021-05-10,Seneca,1,1971,173,63029
2021-05-11,Seneca,3,1974,120,63149
2021-05-12,Seneca,3,1977,216,63365
2021-05-13,Seneca,2,1979,246,63611
2021-05-14,Seneca,1,1980,178,63789
2021-05-15,Seneca,2,1982,224,64013
2021-05-16,Seneca,1,1983,126,64139
2021-05-17,Seneca,1,1984,103,64242
2021-05-18,Seneca,4,1988,158,64400
2021-05-19,Seneca,2,1990,199,64599
2021-05-20,Seneca,2,1992,233,64832
2021-05-21,Seneca,2,1994,141,64973
2021-05-22,Seneca,0,1994,164,65137
2021-05-23,Seneca,1,1995,128,65265
2021-05-24,Seneca,1,1996,102,65367
2021-05-25,Seneca,2,1998,162,65529
2021-05-26,Seneca,3,2001,114,65643
2021-05-27,Seneca,0,2001,102,65745
2021-05-28,Seneca,0,2001,220,65965
2021-05-29,Seneca,1,2002,173,66138
2021-05-30,Seneca,0,2002,97,66235
2021-05-31,Seneca,1,2003,74,66309
2021-06-01,Seneca,0,2003,80,66389
2021-06-02,Seneca,1,2004,129,66518
2021-06-03,Seneca,1,2005,195,66713
2021-06-04,Seneca,1,2006,257,66970
2021-06-05,Seneca,0,2006,86,67056
2021-06-06,Seneca,2,2008,51,67107
2021-06-07,Seneca,0,2008,83,67190
2021-06-08,Seneca,0,2008,99,67289
2021-06-09,Seneca,1,2009,117,67406
2021-06-10,Seneca,0,2009,128,67534
2021-06-11,Seneca,0,2009,138,67672
2021-06-12,Seneca,1,2010,85,67757
2021-06-13,Seneca,1,2011,48,67805
2021-06-14,Seneca,0,2011,113,67918
2021-06-15,Seneca,0,2011,285,68203
2021-06-16,Seneca,0,2011,130,68333
2021-06-17,Seneca,0,2011,108,68441
2021-06-18,Seneca,0,2011,140,68581
2021-06-19,Seneca,0,2011,73,68654
2021-06-20,Seneca,0,2011,38,68692
2021-06-21,Seneca,0,2011,37,68729
2021-06-22,Seneca,0,2011,95,68824
2021-06-23,Seneca,0,2011,144,68968
2021-06-24,Seneca,0,2011,71,69039
2021-06-25,Seneca,0,2011,107,69146
2021-06-26,Seneca,0,2011,51,69197
2021-06-27,Seneca,0,2011,29,69226
2021-06-28,Seneca,0,2011,32,69258
2021-06-29,Seneca,0,2011,69,69327
2021-06-30,Seneca,0,2011,115,69442
2021-07-01,Seneca,0,2011,83,69525
2021-07-02,Seneca,0,2011,88,69613
2021-07-03,Seneca,2,2013,48,69661
2021-07-04,Seneca,0,2013,35,69696
2021-07-05,Seneca,2,2015,39,69735
2021-07-06,Seneca,0,2015,36,69771
2021-07-07,Seneca,0,2015,86,69857
2021-07-08,Seneca,1,2016,81,69938
2021-07-09,Seneca,0,2016,82,70020
2021-07-10,Seneca,0,2016,32,70052
2021-07-11,Seneca,0,2016,54,70106
2021-07-12,Seneca,0,2016,35,70141
2021-07-13,Seneca,0,2016,82,70223
2021-07-14,Seneca,0,2016,44,70267
2021-07-15,Seneca,0,2016,89,70356
2021-07-16,Seneca,2,2018,71,70427
2021-07-17,Seneca,0,2018,57,70484
2021-07-18,Seneca,1,2019,24,70508
2020-03-01,St. Lawrence,0,0,0,0
2020-03-02,St. Lawrence,0,0,0,0
2020-03-03,St. Lawrence,0,0,0,0
2020-03-04,St. Lawrence,0,0,0,0
2020-03-05,St. Lawrence,0,0,0,0
2020-03-06,St. Lawrence,0,0,0,0
2020-03-07,St. Lawrence,0,0,2,2
2020-03-08,St. Lawrence,0,0,0,2
2020-03-09,St. Lawrence,0,0,0,2
2020-03-10,St. Lawrence,0,0,1,3
2020-03-11,St. Lawrence,0,0,2,5
2020-03-12,St. Lawrence,0,0,1,6
2020-03-13,St. Lawrence,0,0,1,7
2020-03-14,St. Lawrence,0,0,1,8
2020-03-15,St. Lawrence,0,0,1,9
2020-03-16,St. Lawrence,0,0,0,9
2020-03-17,St. Lawrence,0,0,7,16
2020-03-18,St. Lawrence,0,0,3,19
2020-03-19,St. Lawrence,0,0,7,26
2020-03-20,St. Lawrence,0,0,7,33
2020-03-21,St. Lawrence,1,1,20,53
2020-03-22,St. Lawrence,0,1,9,62
2020-03-23,St. Lawrence,0,1,6,68
2020-03-24,St. Lawrence,0,1,10,78
2020-03-25,St. Lawrence,1,2,14,92
2020-03-26,St. Lawrence,1,3,29,121
2020-03-27,St. Lawrence,5,8,82,203
2020-03-28,St. Lawrence,4,12,65,268
2020-03-29,St. Lawrence,1,13,44,312
2020-03-30,St. Lawrence,17,30,74,386
2020-03-31,St. Lawrence,4,34,32,418
2020-04-01,St. Lawrence,5,39,30,448
2020-04-02,St. Lawrence,4,43,54,502
2020-04-03,St. Lawrence,9,52,81,583
2020-04-04,St. Lawrence,3,55,46,629
2020-04-05,St. Lawrence,4,59,43,672
2020-04-06,St. Lawrence,1,60,64,736
2020-04-07,St. Lawrence,9,69,69,805
2020-04-08,St. Lawrence,7,76,50,855
2020-04-09,St. Lawrence,2,78,24,879
2020-04-10,St. Lawrence,2,80,19,898
2020-04-11,St. Lawrence,5,85,65,963
2020-04-12,St. Lawrence,4,89,47,1010
2020-04-13,St. Lawrence,3,92,29,1039
2020-04-14,St. Lawrence,0,92,7,1046
2020-04-15,St. Lawrence,1,93,48,1094
2020-04-16,St. Lawrence,3,96,16,1110
2020-04-17,St. Lawrence,2,98,6,1116
2020-04-18,St. Lawrence,7,105,25,1141
2020-04-19,St. Lawrence,5,110,24,1165
2020-04-20,St. Lawrence,10,120,17,1182
2020-04-21,St. Lawrence,3,123,6,1188
2020-04-22,St. Lawrence,16,139,94,1282
2020-04-23,St. Lawrence,5,144,37,1319
2020-04-24,St. Lawrence,12,156,64,1383
2020-04-25,St. Lawrence,11,167,36,1419
2020-04-26,St. Lawrence,2,169,27,1446
2020-04-27,St. Lawrence,1,170,19,1465
2020-04-28,St. Lawrence,0,170,84,1549
2020-04-29,St. Lawrence,3,173,277,1826
2020-04-30,St. Lawrence,3,176,157,1983
2020-05-01,St. Lawrence,0,176,130,2113
2020-05-02,St. Lawrence,1,177,125,2238
2020-05-03,St. Lawrence,1,178,85,2323
2020-05-04,St. Lawrence,0,178,38,2361
2020-05-05,St. Lawrence,2,180,34,2395
2020-05-06,St. Lawrence,1,181,53,2448
2020-05-07,St. Lawrence,6,187,845,3293
2020-05-08,St. Lawrence,0,187,164,3457
2020-05-09,St. Lawrence,0,187,51,3508
2020-05-10,St. Lawrence,3,190,47,3555
2020-05-11,St. Lawrence,1,191,18,3573
2020-05-12,St. Lawrence,1,192,151,3724
2020-05-13,St. Lawrence,0,192,105,3829
2020-05-14,St. Lawrence,0,192,332,4161
2020-05-15,St. Lawrence,0,192,1456,5617
2020-05-16,St. Lawrence,0,192,205,5822
2020-05-17,St. Lawrence,0,192,239,6061
2020-05-18,St. Lawrence,0,192,71,6132
2020-05-19,St. Lawrence,3,195,173,6305
2020-05-20,St. Lawrence,0,195,504,6809
2020-05-21,St. Lawrence,0,195,349,7158
2020-05-22,St. Lawrence,1,196,333,7491
2020-05-23,St. Lawrence,1,197,301,7792
2020-05-24,St. Lawrence,0,197,114,7906
2020-05-25,St. Lawrence,0,197,60,7966
2020-05-26,St. Lawrence,3,200,78,8044
2020-05-27,St. Lawrence,1,201,227,8271
2020-05-28,St. Lawrence,1,202,447,8718
2020-05-29,St. Lawrence,0,202,136,8854
2020-05-30,St. Lawrence,2,204,303,9157
2020-05-31,St. Lawrence,1,205,472,9629
2020-06-01,St. Lawrence,0,205,106,9735
2020-06-02,St. Lawrence,1,206,324,10059
2020-06-03,St. Lawrence,1,207,293,10352
2020-06-04,St. Lawrence,0,207,451,10803
2020-06-05,St. Lawrence,2,209,477,11280
2020-06-06,St. Lawrence,0,209,382,11662
2020-06-07,St. Lawrence,0,209,539,12201
2020-06-08,St. Lawrence,0,209,220,12421
2020-06-09,St. Lawrence,0,209,170,12591
2020-06-10,St. Lawrence,3,212,256,12847
2020-06-11,St. Lawrence,2,214,427,13274
2020-06-12,St. Lawrence,0,214,368,13642
2020-06-13,St. Lawrence,1,215,383,14025
2020-06-14,St. Lawrence,0,215,222,14247
2020-06-15,St. Lawrence,0,215,190,14437
2020-06-16,St. Lawrence,0,215,226,14663
2020-06-17,St. Lawrence,0,215,246,14909
2020-06-18,St. Lawrence,0,215,216,15125
2020-06-19,St. Lawrence,1,216,352,15477
2020-06-20,St. Lawrence,0,216,266,15743
2020-06-21,St. Lawrence,1,217,271,16014
2020-06-22,St. Lawrence,0,217,153,16167
2020-06-23,St. Lawrence,0,217,99,16266
2020-06-24,St. Lawrence,0,217,249,16515
2020-06-25,St. Lawrence,1,218,282,16797
2020-06-26,St. Lawrence,0,218,315,17112
2020-06-27,St. Lawrence,0,218,435,17547
2020-06-28,St. Lawrence,1,219,220,17767
2020-06-29,St. Lawrence,0,219,144,17911
2020-06-30,St. Lawrence,0,219,121,18032
2020-07-01,St. Lawrence,1,220,137,18169
2020-07-02,St. Lawrence,2,222,183,18352
2020-07-03,St. Lawrence,1,223,416,18768
2020-07-04,St. Lawrence,1,224,143,18911
2020-07-05,St. Lawrence,2,226,242,19153
2020-07-06,St. Lawrence,0,226,141,19294
2020-07-07,St. Lawrence,1,227,278,19572
2020-07-08,St. Lawrence,0,227,215,19787
2020-07-09,St. Lawrence,0,227,247,20034
2020-07-10,St. Lawrence,3,230,555,20589
2020-07-11,St. Lawrence,0,230,385,20974
2020-07-12,St. Lawrence,1,231,489,21463
2020-07-13,St. Lawrence,2,233,321,21784
2020-07-14,St. Lawrence,1,234,345,22129
2020-07-15,St. Lawrence,3,237,384,22513
2020-07-16,St. Lawrence,1,238,227,22740
2020-07-17,St. Lawrence,4,242,307,23047
2020-07-18,St. Lawrence,0,242,149,23196
2020-07-19,St. Lawrence,4,246,274,23470
2020-07-20,St. Lawrence,1,247,315,23785
2020-07-21,St. Lawrence,3,250,301,24086
2020-07-22,St. Lawrence,3,253,427,24513
2020-07-23,St. Lawrence,1,254,276,24789
2020-07-24,St. Lawrence,3,257,414,25203
2020-07-25,St. Lawrence,1,258,605,25808
2020-07-26,St. Lawrence,0,258,488,26296
2020-07-27,St. Lawrence,0,258,248,26544
2020-07-28,St. Lawrence,1,259,298,26842
2020-07-29,St. Lawrence,1,260,313,27155
2020-07-30,St. Lawrence,0,260,270,27425
2020-07-31,St. Lawrence,1,261,603,28028
2020-08-01,St. Lawrence,1,262,418,28446
2020-08-02,St. Lawrence,0,262,221,28667
2020-08-03,St. Lawrence,0,262,228,28895
2020-08-04,St. Lawrence,0,262,292,29187
2020-08-05,St. Lawrence,1,263,182,29369
2020-08-06,St. Lawrence,0,263,254,29623
2020-08-07,St. Lawrence,0,263,216,29839
2020-08-08,St. Lawrence,0,263,419,30258
2020-08-09,St. Lawrence,0,263,122,30380
2020-08-10,St. Lawrence,0,263,422,30802
2020-08-11,St. Lawrence,0,263,315,31117
2020-08-12,St. Lawrence,0,263,416,31533
2020-08-13,St. Lawrence,0,263,283,31816
2020-08-14,St. Lawrence,0,263,716,32532
2020-08-15,St. Lawrence,0,263,429,32961
2020-08-16,St. Lawrence,0,263,283,33244
2020-08-17,St. Lawrence,0,263,321,33565
2020-08-18,St. Lawrence,1,264,652,34217
2020-08-19,St. Lawrence,0,264,1001,35218
2020-08-20,St. Lawrence,1,265,1052,36270
2020-08-21,St. Lawrence,0,265,1220,37490
2020-08-22,St. Lawrence,2,267,1003,38493
2020-08-23,St. Lawrence,0,267,959,39452
2020-08-24,St. Lawrence,0,267,408,39860
2020-08-25,St. Lawrence,0,267,505,40365
2020-08-26,St. Lawrence,2,269,423,40788
2020-08-27,St. Lawrence,1,270,529,41317
2020-08-28,St. Lawrence,3,273,915,42232
2020-08-29,St. Lawrence,1,274,464,42696
2020-08-30,St. Lawrence,1,275,230,42926
2020-08-31,St. Lawrence,0,275,357,43283
2020-09-01,St. Lawrence,4,279,324,43607
2020-09-02,St. Lawrence,8,287,313,43920
2020-09-03,St. Lawrence,4,291,1157,45077
2020-09-04,St. Lawrence,2,293,1004,46081
2020-09-05,St. Lawrence,3,296,1005,47086
2020-09-06,St. Lawrence,1,297,698,47784
2020-09-07,St. Lawrence,0,297,421,48205
2020-09-08,St. Lawrence,4,301,254,48459
2020-09-09,St. Lawrence,1,302,300,48759
2020-09-10,St. Lawrence,1,303,1032,49791
2020-09-11,St. Lawrence,1,304,591,50382
2020-09-12,St. Lawrence,0,304,551,50933
2020-09-13,St. Lawrence,3,307,278,51211
2020-09-14,St. Lawrence,1,308,338,51549
2020-09-15,St. Lawrence,2,310,267,51816
2020-09-16,St. Lawrence,3,313,1027,52843
2020-09-17,St. Lawrence,1,314,560,53403
2020-09-18,St. Lawrence,1,315,459,53862
2020-09-19,St. Lawrence,3,318,616,54478
2020-09-20,St. Lawrence,0,318,274,54752
2020-09-21,St. Lawrence,1,319,231,54983
2020-09-22,St. Lawrence,1,320,339,55322
2020-09-23,St. Lawrence,2,322,598,55920
2020-09-24,St. Lawrence,0,322,804,56724
2020-09-25,St. Lawrence,0,322,844,57568
2020-09-26,St. Lawrence,0,322,475,58043
2020-09-27,St. Lawrence,2,324,345,58388
2020-09-28,St. Lawrence,1,325,210,58598
2020-09-29,St. Lawrence,2,327,1949,60547
2020-09-30,St. Lawrence,3,330,1096,61643
2020-10-01,St. Lawrence,1,331,852,62495
2020-10-02,St. Lawrence,2,333,799,63294
2020-10-03,St. Lawrence,2,335,653,63947
2020-10-04,St. Lawrence,1,336,236,64183
2020-10-05,St. Lawrence,1,337,646,64829
2020-10-06,St. Lawrence,0,337,1964,66793
2020-10-07,St. Lawrence,2,339,435,67228
2020-10-08,St. Lawrence,3,342,1328,68556
2020-10-09,St. Lawrence,2,344,1047,69603
2020-10-10,St. Lawrence,1,345,681,70284
2020-10-11,St. Lawrence,0,345,278,70562
2020-10-12,St. Lawrence,1,346,278,70840
2020-10-13,St. Lawrence,3,349,2005,72845
2020-10-14,St. Lawrence,2,351,284,73129
2020-10-15,St. Lawrence,2,353,371,73500
2020-10-16,St. Lawrence,2,355,2157,75657
2020-10-17,St. Lawrence,3,358,618,76275
2020-10-18,St. Lawrence,5,363,192,76467
2020-10-19,St. Lawrence,5,368,306,76773
2020-10-20,St. Lawrence,4,372,1858,78631
2020-10-21,St. Lawrence,4,376,1320,79951
2020-10-22,St. Lawrence,3,379,951,80902
2020-10-23,St. Lawrence,3,382,455,81357
2020-10-24,St. Lawrence,4,386,517,81874
2020-10-25,St. Lawrence,4,390,294,82168
2020-10-26,St. Lawrence,6,396,651,82819
2020-10-27,St. Lawrence,3,399,1991,84810
2020-10-28,St. Lawrence,6,405,1509,86319
2020-10-29,St. Lawrence,4,409,604,86923
2020-10-30,St. Lawrence,6,415,830,87753
2020-10-31,St. Lawrence,8,423,354,88107
2020-11-01,St. Lawrence,5,428,275,88382
2020-11-02,St. Lawrence,8,436,431,88813
2020-11-03,St. Lawrence,6,442,342,89155
2020-11-04,St. Lawrence,7,449,3437,92592
2020-11-05,St. Lawrence,12,461,839,93431
2020-11-06,St. Lawrence,10,471,486,93917
2020-11-07,St. Lawrence,9,480,578,94495
2020-11-08,St. Lawrence,13,493,361,94856
2020-11-09,St. Lawrence,8,501,303,95159
2020-11-10,St. Lawrence,8,509,1355,96514
2020-11-11,St. Lawrence,18,527,1148,97662
2020-11-12,St. Lawrence,19,546,2839,100501
2020-11-13,St. Lawrence,8,554,1162,101663
2020-11-14,St. Lawrence,14,568,1104,102767
2020-11-15,St. Lawrence,5,573,151,102918
2020-11-16,St. Lawrence,30,603,798,103716
2020-11-17,St. Lawrence,7,610,1011,104727
2020-11-18,St. Lawrence,17,627,2866,107593
2020-11-19,St. Lawrence,22,649,1496,109089
2020-11-20,St. Lawrence,9,658,1147,110236
2020-11-21,St. Lawrence,9,667,1030,111266
2020-11-22,St. Lawrence,11,678,1115,112381
2020-11-23,St. Lawrence,27,705,351,112732
2020-11-24,St. Lawrence,18,723,501,113233
2020-11-25,St. Lawrence,20,743,1590,114823
2020-11-26,St. Lawrence,41,784,938,115761
2020-11-27,St. Lawrence,21,805,499,116260
2020-11-28,St. Lawrence,17,822,1084,117344
2020-11-29,St. Lawrence,28,850,598,117942
2020-11-30,St. Lawrence,24,874,396,118338
2020-12-01,St. Lawrence,39,913,884,119222
2020-12-02,St. Lawrence,68,981,1897,121119
2020-12-03,St. Lawrence,83,1064,982,122101
2020-12-04,St. Lawrence,19,1083,1437,123538
2020-12-05,St. Lawrence,17,1100,469,124007
2020-12-06,St. Lawrence,38,1138,1340,125347
2020-12-07,St. Lawrence,24,1162,743,126090
2020-12-08,St. Lawrence,20,1182,865,126955
2020-12-09,St. Lawrence,24,1206,1342,128297
2020-12-10,St. Lawrence,64,1270,882,129179
2020-12-11,St. Lawrence,36,1306,726,129905
2020-12-12,St. Lawrence,33,1339,853,130758
2020-12-13,St. Lawrence,14,1353,752,131510
2020-12-14,St. Lawrence,19,1372,534,132044
2020-12-15,St. Lawrence,37,1409,756,132800
2020-12-16,St. Lawrence,55,1464,1545,134345
2020-12-17,St. Lawrence,47,1511,771,135116
2020-12-18,St. Lawrence,35,1546,599,135715
2020-12-19,St. Lawrence,38,1584,635,136350
2020-12-20,St. Lawrence,29,1613,462,136812
2020-12-21,St. Lawrence,44,1657,584,137396
2020-12-22,St. Lawrence,47,1704,474,137870
2020-12-23,St. Lawrence,60,1764,1038,138908
2020-12-24,St. Lawrence,51,1815,691,139599
2020-12-25,St. Lawrence,36,1851,619,140218
2020-12-26,St. Lawrence,26,1877,349,140567
2020-12-27,St. Lawrence,35,1912,365,140932
2020-12-28,St. Lawrence,36,1948,378,141310
2020-12-29,St. Lawrence,63,2011,484,141794
2020-12-30,St. Lawrence,73,2084,1155,142949
2020-12-31,St. Lawrence,98,2182,770,143719
2021-01-01,St. Lawrence,71,2253,690,144409
2021-01-02,St. Lawrence,90,2343,663,145072
2021-01-03,St. Lawrence,32,2375,367,145439
2021-01-04,St. Lawrence,153,2528,1267,146706
2021-01-05,St. Lawrence,66,2594,757,147463
2021-01-06,St. Lawrence,105,2699,2009,149472
2021-01-07,St. Lawrence,104,2803,1267,150739
2021-01-08,St. Lawrence,82,2885,1369,152108
2021-01-09,St. Lawrence,52,2937,950,153058
2021-01-10,St. Lawrence,103,3040,1192,154250
2021-01-11,St. Lawrence,53,3093,1076,155326
2021-01-12,St. Lawrence,69,3162,1249,156575
2021-01-13,St. Lawrence,66,3228,2053,158628
2021-01-14,St. Lawrence,92,3320,1900,160528
2021-01-15,St. Lawrence,117,3437,1891,162419
2021-01-16,St. Lawrence,59,3496,644,163063
2021-01-17,St. Lawrence,51,3547,507,163570
2021-01-18,St. Lawrence,83,3630,722,164292
2021-01-19,St. Lawrence,55,3685,1695,165987
2021-01-20,St. Lawrence,68,3753,1033,167020
2021-01-21,St. Lawrence,102,3855,2452,169472
2021-01-22,St. Lawrence,83,3938,2232,171704
2021-01-23,St. Lawrence,68,4006,1510,173214
2021-01-24,St. Lawrence,59,4065,565,173779
2021-01-25,St. Lawrence,48,4113,627,174406
2021-01-26,St. Lawrence,56,4169,1165,175571
2021-01-27,St. Lawrence,52,4221,1128,176699
2021-01-28,St. Lawrence,68,4289,2801,179500
2021-01-29,St. Lawrence,47,4336,1699,181199
2021-01-30,St. Lawrence,67,4403,1408,182607
2021-01-31,St. Lawrence,43,4446,495,183102
2021-02-01,St. Lawrence,43,4489,593,183695
2021-02-02,St. Lawrence,22,4511,752,184447
2021-02-03,St. Lawrence,28,4539,697,185144
2021-02-04,St. Lawrence,53,4592,1025,186169
2021-02-05,St. Lawrence,48,4640,2343,188512
2021-02-06,St. Lawrence,42,4682,681,189193
2021-02-07,St. Lawrence,30,4712,537,189730
2021-02-08,St. Lawrence,26,4738,387,190117
2021-02-09,St. Lawrence,59,4797,3194,193311
2021-02-10,St. Lawrence,36,4833,1950,195261
2021-02-11,St. Lawrence,41,4874,1774,197035
2021-02-12,St. Lawrence,48,4922,1682,198717
2021-02-13,St. Lawrence,70,4992,963,199680
2021-02-14,St. Lawrence,23,5015,333,200013
2021-02-15,St. Lawrence,19,5034,346,200359
2021-02-16,St. Lawrence,33,5067,3116,203475
2021-02-17,St. Lawrence,21,5088,613,204088
2021-02-18,St. Lawrence,58,5146,1456,205544
2021-02-19,St. Lawrence,48,5194,2142,207686
2021-02-20,St. Lawrence,39,5233,584,208270
2021-02-21,St. Lawrence,25,5258,493,208763
2021-02-22,St. Lawrence,29,5287,470,209233
2021-02-23,St. Lawrence,49,5336,4685,213918
2021-02-24,St. Lawrence,47,5383,2775,216693
2021-02-25,St. Lawrence,56,5439,2117,218810
2021-02-26,St. Lawrence,42,5481,1688,220498
2021-02-27,St. Lawrence,33,5514,788,221286
2021-02-28,St. Lawrence,18,5532,382,221668
2021-03-01,St. Lawrence,31,5563,304,221972
2021-03-02,St. Lawrence,38,5601,3215,225187
2021-03-03,St. Lawrence,21,5622,1840,227027
2021-03-04,St. Lawrence,22,5644,2057,229084
2021-03-05,St. Lawrence,45,5689,1463,230547
2021-03-06,St. Lawrence,12,5701,753,231300
2021-03-07,St. Lawrence,25,5726,370,231670
2021-03-08,St. Lawrence,7,5733,422,232092
2021-03-09,St. Lawrence,15,5748,3145,235237
2021-03-10,St. Lawrence,11,5759,1837,237074
2021-03-11,St. Lawrence,16,5775,2143,239217
2021-03-12,St. Lawrence,15,5790,1129,240346
2021-03-13,St. Lawrence,7,5797,863,241209
2021-03-14,St. Lawrence,3,5800,482,241691
2021-03-15,St. Lawrence,6,5806,440,242131
2021-03-16,St. Lawrence,18,5824,1925,244056
2021-03-17,St. Lawrence,7,5831,2184,246240
2021-03-18,St. Lawrence,5,5836,2725,248965
2021-03-19,St. Lawrence,5,5841,741,249706
2021-03-20,St. Lawrence,3,5844,444,250150
2021-03-21,St. Lawrence,6,5850,390,250540
2021-03-22,St. Lawrence,4,5854,358,250898
2021-03-23,St. Lawrence,3,5857,2881,253779
2021-03-24,St. Lawrence,8,5865,4088,257867
2021-03-25,St. Lawrence,11,5876,2868,260735
2021-03-26,St. Lawrence,14,5890,1174,261909
2021-03-27,St. Lawrence,15,5905,709,262618
2021-03-28,St. Lawrence,12,5917,719,263337
2021-03-29,St. Lawrence,6,5923,468,263805
2021-03-30,St. Lawrence,5,5928,2662,266467
2021-03-31,St. Lawrence,13,5941,1954,268421
2021-04-01,St. Lawrence,13,5954,2911,271332
2021-04-02,St. Lawrence,15,5969,1367,272699
2021-04-03,St. Lawrence,15,5984,451,273150
2021-04-04,St. Lawrence,11,5995,350,273500
2021-04-05,St. Lawrence,13,6008,366,273866
2021-04-06,St. Lawrence,14,6022,2536,276402
2021-04-07,St. Lawrence,25,6047,2409,278811
2021-04-08,St. Lawrence,27,6074,2596,281407
2021-04-09,St. Lawrence,13,6087,1125,282532
2021-04-10,St. Lawrence,13,6100,515,283047
2021-04-11,St. Lawrence,13,6113,272,283319
2021-04-12,St. Lawrence,12,6125,397,283716
2021-04-13,St. Lawrence,12,6137,2441,286157
2021-04-14,St. Lawrence,18,6155,2842,288999
2021-04-15,St. Lawrence,18,6173,1132,290131
2021-04-16,St. Lawrence,21,6194,1194,291325
2021-04-17,St. Lawrence,23,6217,1959,293284
2021-04-18,St. Lawrence,8,6225,195,293479
2021-04-19,St. Lawrence,1,6226,446,293925
2021-04-20,St. Lawrence,20,6246,3100,297025
2021-04-21,St. Lawrence,11,6257,1708,298733
2021-04-22,St. Lawrence,16,6273,1992,300725
2021-04-23,St. Lawrence,6,6279,1264,301989
2021-04-24,St. Lawrence,15,6294,664,302653
2021-04-25,St. Lawrence,10,6304,362,303015
2021-04-26,St. Lawrence,2,6306,455,303470
2021-04-27,St. Lawrence,15,6321,632,304102
2021-04-28,St. Lawrence,16,6337,1239,305341
2021-04-29,St. Lawrence,15,6352,1886,307227
2021-04-30,St. Lawrence,11,6363,583,307810
2021-05-01,St. Lawrence,7,6370,479,308289
2021-05-02,St. Lawrence,9,6379,388,308677
2021-05-03,St. Lawrence,6,6385,740,309417
2021-05-04,St. Lawrence,9,6394,658,310075
2021-05-05,St. Lawrence,11,6405,1528,311603
2021-05-06,St. Lawrence,10,6415,1391,312994
2021-05-07,St. Lawrence,6,6421,1208,314202
2021-05-08,St. Lawrence,12,6433,498,314700
2021-05-09,St. Lawrence,14,6447,239,314939
2021-05-10,St. Lawrence,6,6453,374,315313
2021-05-11,St. Lawrence,13,6466,534,315847
2021-05-12,St. Lawrence,14,6480,1493,317340
2021-05-13,St. Lawrence,13,6493,1667,319007
2021-05-14,St. Lawrence,14,6507,605,319612
2021-05-15,St. Lawrence,8,6515,332,319944
2021-05-16,St. Lawrence,9,6524,218,320162
2021-05-17,St. Lawrence,3,6527,291,320453
2021-05-18,St. Lawrence,12,6539,541,320994
2021-05-19,St. Lawrence,12,6551,1723,322717
2021-05-20,St. Lawrence,13,6564,1196,323913
2021-05-21,St. Lawrence,7,6571,521,324434
2021-05-22,St. Lawrence,6,6577,292,324726
2021-05-23,St. Lawrence,7,6584,181,324907
2021-05-24,St. Lawrence,7,6591,449,325356
2021-05-25,St. Lawrence,4,6595,539,325895
2021-05-26,St. Lawrence,3,6598,1204,327099
2021-05-27,St. Lawrence,8,6606,948,328047
2021-05-28,St. Lawrence,3,6609,450,328497
2021-05-29,St. Lawrence,0,6609,557,329054
2021-05-30,St. Lawrence,2,6611,139,329193
2021-05-31,St. Lawrence,0,6611,159,329352
2021-06-01,St. Lawrence,1,6612,146,329498
2021-06-02,St. Lawrence,4,6616,505,330003
2021-06-03,St. Lawrence,1,6617,1408,331411
2021-06-04,St. Lawrence,1,6618,434,331845
2021-06-05,St. Lawrence,1,6619,228,332073
2021-06-06,St. Lawrence,0,6619,139,332212
2021-06-07,St. Lawrence,0,6619,216,332428
2021-06-08,St. Lawrence,3,6622,359,332787
2021-06-09,St. Lawrence,4,6626,793,333580
2021-06-10,St. Lawrence,2,6628,1148,334728
2021-06-11,St. Lawrence,1,6629,462,335190
2021-06-12,St. Lawrence,4,6633,417,335607
2021-06-13,St. Lawrence,4,6637,144,335751
2021-06-14,St. Lawrence,3,6640,310,336061
2021-06-15,St. Lawrence,1,6641,295,336356
2021-06-16,St. Lawrence,1,6642,497,336853
2021-06-17,St. Lawrence,2,6644,471,337324
2021-06-18,St. Lawrence,2,6646,306,337630
2021-06-19,St. Lawrence,3,6649,256,337886
2021-06-20,St. Lawrence,0,6649,133,338019
2021-06-21,St. Lawrence,2,6651,251,338270
2021-06-22,St. Lawrence,3,6654,233,338503
2021-06-23,St. Lawrence,2,6656,595,339098
2021-06-24,St. Lawrence,1,6657,242,339340
2021-06-25,St. Lawrence,4,6661,206,339546
2021-06-26,St. Lawrence,1,6662,183,339729
2021-06-27,St. Lawrence,2,6664,128,339857
2021-06-28,St. Lawrence,1,6665,135,339992
2021-06-29,St. Lawrence,2,6667,202,340194
2021-06-30,St. Lawrence,4,6671,330,340524
2021-07-01,St. Lawrence,0,6671,345,340869
2021-07-02,St. Lawrence,1,6672,147,341016
2021-07-03,St. Lawrence,0,6672,144,341160
2021-07-04,St. Lawrence,0,6672,146,341306
2021-07-05,St. Lawrence,0,6672,56,341362
2021-07-06,St. Lawrence,0,6672,102,341464
2021-07-07,St. Lawrence,1,6673,232,341696
2021-07-08,St. Lawrence,1,6674,315,342011
2021-07-09,St. Lawrence,1,6675,247,342258
2021-07-10,St. Lawrence,7,6682,152,342410
2021-07-11,St. Lawrence,1,6683,144,342554
2021-07-12,St. Lawrence,1,6684,96,342650
2021-07-13,St. Lawrence,3,6687,205,342855
2021-07-14,St. Lawrence,1,6688,647,343502
2021-07-15,St. Lawrence,1,6689,210,343712
2021-07-16,St. Lawrence,1,6690,191,343903
2021-07-17,St. Lawrence,1,6691,197,344100
2021-07-18,St. Lawrence,0,6691,104,344204
2020-03-01,Steuben,0,0,0,0
2020-03-02,Steuben,0,0,0,0
2020-03-03,Steuben,0,0,0,0
2020-03-04,Steuben,0,0,0,0
2020-03-05,Steuben,0,0,0,0
2020-03-06,Steuben,0,0,0,0
2020-03-07,Steuben,0,0,0,0
2020-03-08,Steuben,0,0,0,0
2020-03-09,Steuben,0,0,0,0
2020-03-10,Steuben,0,0,0,0
2020-03-11,Steuben,0,0,0,0
2020-03-12,Steuben,0,0,0,0
2020-03-13,Steuben,0,0,1,1
2020-03-14,Steuben,0,0,0,1
2020-03-15,Steuben,0,0,0,1
2020-03-16,Steuben,0,0,0,1
2020-03-17,Steuben,0,0,0,1
2020-03-18,Steuben,0,0,4,5
2020-03-19,Steuben,0,0,3,8
2020-03-20,Steuben,2,2,27,35
2020-03-21,Steuben,1,3,17,52
2020-03-22,Steuben,1,4,10,62
2020-03-23,Steuben,1,5,2,64
2020-03-24,Steuben,3,8,13,77
2020-03-25,Steuben,3,11,30,107
2020-03-26,Steuben,1,12,25,132
2020-03-27,Steuben,1,13,27,159
2020-03-28,Steuben,4,17,22,181
2020-03-29,Steuben,2,19,8,189
2020-03-30,Steuben,5,24,39,228
2020-03-31,Steuben,14,38,56,284
2020-04-01,Steuben,5,43,25,309
2020-04-02,Steuben,3,46,36,345
2020-04-03,Steuben,9,55,27,372
2020-04-04,Steuben,8,63,31,403
2020-04-05,Steuben,12,75,40,443
2020-04-06,Steuben,0,75,22,465
2020-04-07,Steuben,7,82,67,532
2020-04-08,Steuben,7,89,50,582
2020-04-09,Steuben,28,117,97,679
2020-04-10,Steuben,2,119,28,707
2020-04-11,Steuben,2,121,12,719
2020-04-12,Steuben,2,123,10,729
2020-04-13,Steuben,24,147,90,819
2020-04-14,Steuben,4,151,24,843
2020-04-15,Steuben,3,154,20,863
2020-04-16,Steuben,0,154,25,888
2020-04-17,Steuben,6,160,92,980
2020-04-18,Steuben,7,167,100,1080
2020-04-19,Steuben,0,167,4,1084
2020-04-20,Steuben,3,170,33,1117
2020-04-21,Steuben,1,171,41,1158
2020-04-22,Steuben,0,171,24,1182
2020-04-23,Steuben,0,171,28,1210
2020-04-24,Steuben,33,204,556,1766
2020-04-25,Steuben,3,207,35,1801
2020-04-26,Steuben,2,209,10,1811
2020-04-27,Steuben,1,210,58,1869
2020-04-28,Steuben,4,214,105,1974
2020-04-29,Steuben,2,216,63,2037
2020-04-30,Steuben,0,216,42,2079
2020-05-01,Steuben,1,217,62,2141
2020-05-02,Steuben,1,218,41,2182
2020-05-03,Steuben,1,219,70,2252
2020-05-04,Steuben,2,221,90,2342
2020-05-05,Steuben,2,223,114,2456
2020-05-06,Steuben,1,224,66,2522
2020-05-07,Steuben,1,225,101,2623
2020-05-08,Steuben,1,226,228,2851
2020-05-09,Steuben,1,227,73,2924
2020-05-10,Steuben,1,228,58,2982
2020-05-11,Steuben,1,229,90,3072
2020-05-12,Steuben,1,230,306,3378
2020-05-13,Steuben,0,230,103,3481
2020-05-14,Steuben,1,231,110,3591
2020-05-15,Steuben,2,233,68,3659
2020-05-16,Steuben,1,234,97,3756
2020-05-17,Steuben,1,235,67,3823
2020-05-18,Steuben,1,236,126,3949
2020-05-19,Steuben,1,237,314,4263
2020-05-20,Steuben,1,238,133,4396
2020-05-21,Steuben,2,240,161,4557
2020-05-22,Steuben,0,240,114,4671
2020-05-23,Steuben,0,240,83,4754
2020-05-24,Steuben,0,240,72,4826
2020-05-25,Steuben,0,240,79,4905
2020-05-26,Steuben,1,241,221,5126
2020-05-27,Steuben,0,241,132,5258
2020-05-28,Steuben,0,241,98,5356
2020-05-29,Steuben,0,241,133,5489
2020-05-30,Steuben,0,241,122,5611
2020-05-31,Steuben,0,241,91,5702
2020-06-01,Steuben,1,242,133,5835
2020-06-02,Steuben,1,243,332,6167
2020-06-03,Steuben,2,245,187,6354
2020-06-04,Steuben,1,246,148,6502
2020-06-05,Steuben,5,251,360,6862
2020-06-06,Steuben,0,251,120,6982
2020-06-07,Steuben,0,251,162,7144
2020-06-08,Steuben,1,252,196,7340
2020-06-09,Steuben,1,253,238,7578
2020-06-10,Steuben,1,254,374,7952
2020-06-11,Steuben,0,254,239,8191
2020-06-12,Steuben,1,255,278,8469
2020-06-13,Steuben,0,255,158,8627
2020-06-14,Steuben,1,256,198,8825
2020-06-15,Steuben,1,257,346,9171
2020-06-16,Steuben,0,257,306,9477
2020-06-17,Steuben,0,257,359,9836
2020-06-18,Steuben,0,257,257,10093
2020-06-19,Steuben,4,261,133,10226
2020-06-20,Steuben,0,261,172,10398
2020-06-21,Steuben,2,263,204,10602
2020-06-22,Steuben,0,263,163,10765
2020-06-23,Steuben,0,263,263,11028
2020-06-24,Steuben,1,264,245,11273
2020-06-25,Steuben,0,264,220,11493
2020-06-26,Steuben,0,264,178,11671
2020-06-27,Steuben,2,266,236,11907
2020-06-28,Steuben,0,266,171,12078
2020-06-29,Steuben,0,266,165,12243
2020-06-30,Steuben,2,268,402,12645
2020-07-01,Steuben,0,268,213,12858
2020-07-02,Steuben,0,268,201,13059
2020-07-03,Steuben,1,269,282,13341
2020-07-04,Steuben,1,270,209,13550
2020-07-05,Steuben,1,271,252,13802
2020-07-06,Steuben,0,271,195,13997
2020-07-07,Steuben,0,271,223,14220
2020-07-08,Steuben,1,272,199,14419
2020-07-09,Steuben,0,272,182,14601
2020-07-10,Steuben,2,274,183,14784
2020-07-11,Steuben,0,274,247,15031
2020-07-12,Steuben,2,276,101,15132
2020-07-13,Steuben,2,278,292,15424
2020-07-14,Steuben,1,279,402,15826
2020-07-15,Steuben,0,279,299,16125
2020-07-16,Steuben,0,279,254,16379
2020-07-17,Steuben,1,280,228,16607
2020-07-18,Steuben,1,281,178,16785
2020-07-19,Steuben,1,282,172,16957
2020-07-20,Steuben,1,283,119,17076
2020-07-21,Steuben,0,283,324,17400
2020-07-22,Steuben,1,284,359,17759
2020-07-23,Steuben,1,285,226,17985
2020-07-24,Steuben,3,288,297,18282
2020-07-25,Steuben,0,288,179,18461
2020-07-26,Steuben,0,288,187,18648
2020-07-27,Steuben,1,289,161,18809
2020-07-28,Steuben,1,290,330,19139
2020-07-29,Steuben,0,290,393,19532
2020-07-30,Steuben,0,290,266,19798
2020-07-31,Steuben,0,290,216,20014
2020-08-01,Steuben,2,292,147,20161
2020-08-02,Steuben,0,292,95,20256
2020-08-03,Steuben,2,294,171,20427
2020-08-04,Steuben,3,297,423,20850
2020-08-05,Steuben,0,297,253,21103
2020-08-06,Steuben,0,297,221,21324
2020-08-07,Steuben,1,298,203,21527
2020-08-08,Steuben,0,298,298,21825
2020-08-09,Steuben,0,298,218,22043
2020-08-10,Steuben,2,300,380,22423
2020-08-11,Steuben,0,300,325,22748
2020-08-12,Steuben,1,301,320,23068
2020-08-13,Steuben,2,303,275,23343
2020-08-14,Steuben,3,306,348,23691
2020-08-15,Steuben,0,306,388,24079
2020-08-16,Steuben,1,307,237,24316
2020-08-17,Steuben,0,307,156,24472
2020-08-18,Steuben,0,307,286,24758
2020-08-19,Steuben,0,307,204,24962
2020-08-20,Steuben,1,308,380,25342
2020-08-21,Steuben,1,309,316,25658
2020-08-22,Steuben,1,310,241,25899
2020-08-23,Steuben,0,310,295,26194
2020-08-24,Steuben,0,310,156,26350
2020-08-25,Steuben,0,310,299,26649
2020-08-26,Steuben,1,311,263,26912
2020-08-27,Steuben,1,312,337,27249
2020-08-28,Steuben,1,313,360,27609
2020-08-29,Steuben,2,315,213,27822
2020-08-30,Steuben,0,315,246,28068
2020-08-31,Steuben,0,315,230,28298
2020-09-01,Steuben,0,315,273,28571
2020-09-02,Steuben,1,316,286,28857
2020-09-03,Steuben,3,319,163,29020
2020-09-04,Steuben,0,319,237,29257
2020-09-05,Steuben,1,320,150,29407
2020-09-06,Steuben,0,320,134,29541
2020-09-07,Steuben,3,323,139,29680
2020-09-08,Steuben,2,325,338,30018
2020-09-09,Steuben,0,325,401,30419
2020-09-10,Steuben,1,326,83,30502
2020-09-11,Steuben,0,326,307,30809
2020-09-12,Steuben,0,326,132,30941
2020-09-13,Steuben,0,326,277,31218
2020-09-14,Steuben,5,331,339,31557
2020-09-15,Steuben,3,334,273,31830
2020-09-16,Steuben,5,339,346,32176
2020-09-17,Steuben,3,342,265,32441
2020-09-18,Steuben,2,344,316,32757
2020-09-19,Steuben,6,350,373,33130
2020-09-20,Steuben,3,353,195,33325
2020-09-21,Steuben,7,360,317,33642
2020-09-22,Steuben,6,366,440,34082
2020-09-23,Steuben,10,376,347,34429
2020-09-24,Steuben,11,387,305,34734
2020-09-25,Steuben,17,404,488,35222
2020-09-26,Steuben,12,416,387,35609
2020-09-27,Steuben,4,420,170,35779
2020-09-28,Steuben,30,450,517,36296
2020-09-29,Steuben,3,453,407,36703
2020-09-30,Steuben,11,464,440,37143
2020-10-01,Steuben,35,499,413,37556
2020-10-02,Steuben,21,520,456,38012
2020-10-03,Steuben,14,534,354,38366
2020-10-04,Steuben,6,540,242,38608
2020-10-05,Steuben,30,570,578,39186
2020-10-06,Steuben,15,585,567,39753
2020-10-07,Steuben,23,608,492,40245
2020-10-08,Steuben,24,632,412,40657
2020-10-09,Steuben,28,660,676,41333
2020-10-10,Steuben,30,690,564,41897
2020-10-11,Steuben,12,702,400,42297
2020-10-12,Steuben,29,731,617,42914
2020-10-13,Steuben,16,747,389,43303
2020-10-14,Steuben,17,764,368,43671
2020-10-15,Steuben,53,817,522,44193
2020-10-16,Steuben,30,847,558,44751
2020-10-17,Steuben,10,857,417,45168
2020-10-18,Steuben,16,873,475,45643
2020-10-19,Steuben,11,884,472,46115
2020-10-20,Steuben,14,898,494,46609
2020-10-21,Steuben,17,915,758,47367
2020-10-22,Steuben,14,929,529,47896
2020-10-23,Steuben,22,951,696,48592
2020-10-24,Steuben,11,962,384,48976
2020-10-25,Steuben,8,970,438,49414
2020-10-26,Steuben,14,984,616,50030
2020-10-27,Steuben,21,1005,499,50529
2020-10-28,Steuben,20,1025,661,51190
2020-10-29,Steuben,16,1041,844,52034
2020-10-30,Steuben,17,1058,759,52793
2020-10-31,Steuben,29,1087,437,53230
2020-11-01,Steuben,22,1109,428,53658
2020-11-02,Steuben,22,1131,560,54218
2020-11-03,Steuben,14,1145,483,54701
2020-11-04,Steuben,14,1159,665,55366
2020-11-05,Steuben,17,1176,1001,56367
2020-11-06,Steuben,24,1200,822,57189
2020-11-07,Steuben,25,1225,814,58003
2020-11-08,Steuben,4,1229,491,58494
2020-11-09,Steuben,20,1249,757,59251
2020-11-10,Steuben,17,1266,1183,60434
2020-11-11,Steuben,29,1295,1314,61748
2020-11-12,Steuben,66,1361,1220,62968
2020-11-13,Steuben,33,1394,823,63791
2020-11-14,Steuben,22,1416,684,64475
2020-11-15,Steuben,18,1434,472,64947
2020-11-16,Steuben,14,1448,572,65519
2020-11-17,Steuben,19,1467,878,66397
2020-11-18,Steuben,21,1488,777,67174
2020-11-19,Steuben,14,1502,526,67700
2020-11-20,Steuben,23,1525,1600,69300
2020-11-21,Steuben,32,1557,679,69979
2020-11-22,Steuben,42,1599,1807,71786
2020-11-23,Steuben,11,1610,718,72504
2020-11-24,Steuben,34,1644,1020,73524
2020-11-25,Steuben,34,1678,1365,74889
2020-11-26,Steuben,36,1714,1220,76109
2020-11-27,Steuben,25,1739,488,76597
2020-11-28,Steuben,32,1771,447,77044
2020-11-29,Steuben,26,1797,381,77425
2020-11-30,Steuben,27,1824,559,77984
2020-12-01,Steuben,41,1865,782,78766
2020-12-02,Steuben,33,1898,843,79609
2020-12-03,Steuben,59,1957,961,80570
2020-12-04,Steuben,59,2016,1420,81990
2020-12-05,Steuben,43,2059,1258,83248
2020-12-06,Steuben,25,2084,613,83861
2020-12-07,Steuben,42,2126,455,84316
2020-12-08,Steuben,69,2195,932,85248
2020-12-09,Steuben,43,2238,1187,86435
2020-12-10,Steuben,57,2295,1494,87929
2020-12-11,Steuben,68,2363,1486,89415
2020-12-12,Steuben,45,2408,876,90291
2020-12-13,Steuben,35,2443,465,90756
2020-12-14,Steuben,31,2474,559,91315
2020-12-15,Steuben,57,2531,1223,92538
2020-12-16,Steuben,55,2586,1113,93651
2020-12-17,Steuben,77,2663,1911,95562
2020-12-18,Steuben,46,2709,780,96342
2020-12-19,Steuben,76,2785,1150,97492
2020-12-20,Steuben,40,2825,452,97944
2020-12-21,Steuben,45,2870,551,98495
2020-12-22,Steuben,72,2942,1096,99591
2020-12-23,Steuben,80,3022,1694,101285
2020-12-24,Steuben,75,3097,719,102004
2020-12-25,Steuben,42,3139,465,102469
2020-12-26,Steuben,20,3159,406,102875
2020-12-27,Steuben,44,3203,447,103322
2020-12-28,Steuben,47,3250,512,103834
2020-12-29,Steuben,73,3323,1020,104854
2020-12-30,Steuben,83,3406,1355,106209
2020-12-31,Steuben,61,3467,667,106876
2021-01-01,Steuben,60,3527,574,107450
2021-01-02,Steuben,62,3589,448,107898
2021-01-03,Steuben,76,3665,505,108403
2021-01-04,Steuben,37,3702,548,108951
2021-01-05,Steuben,103,3805,910,109861
2021-01-06,Steuben,85,3890,1674,111535
2021-01-07,Steuben,105,3995,1787,113322
2021-01-08,Steuben,84,4079,1170,114492
2021-01-09,Steuben,71,4150,714,115206
2021-01-10,Steuben,56,4206,671,115877
2021-01-11,Steuben,61,4267,699,116576
2021-01-12,Steuben,61,4328,805,117381
2021-01-13,Steuben,52,4380,1434,118815
2021-01-14,Steuben,64,4444,1861,120676
2021-01-15,Steuben,52,4496,1297,121973
2021-01-16,Steuben,45,4541,996,122969
2021-01-17,Steuben,19,4560,355,123324
2021-01-18,Steuben,35,4595,453,123777
2021-01-19,Steuben,37,4632,914,124691
2021-01-20,Steuben,48,4680,1718,126409
2021-01-21,Steuben,39,4719,1457,127866
2021-01-22,Steuben,21,4740,1182,129048
2021-01-23,Steuben,34,4774,936,129984
2021-01-24,Steuben,28,4802,795,130779
2021-01-25,Steuben,33,4835,468,131247
2021-01-26,Steuben,38,4873,781,132028
2021-01-27,Steuben,41,4914,1256,133284
2021-01-28,Steuben,26,4940,1816,135100
2021-01-29,Steuben,45,4985,1346,136446
2021-01-30,Steuben,40,5025,864,137310
2021-01-31,Steuben,36,5061,735,138045
2021-02-01,Steuben,24,5085,276,138321
2021-02-02,Steuben,33,5118,708,139029
2021-02-03,Steuben,29,5147,790,139819
2021-02-04,Steuben,30,5177,894,140713
2021-02-05,Steuben,18,5195,1095,141808
2021-02-06,Steuben,35,5230,790,142598
2021-02-07,Steuben,29,5259,675,143273
2021-02-08,Steuben,11,5270,426,143699
2021-02-09,Steuben,15,5285,978,144677
2021-02-10,Steuben,18,5303,1074,145751
2021-02-11,Steuben,15,5318,1125,146876
2021-02-12,Steuben,10,5328,1165,148041
2021-02-13,Steuben,15,5343,524,148565
2021-02-14,Steuben,12,5355,559,149124
2021-02-15,Steuben,13,5368,459,149583
2021-02-16,Steuben,7,5375,568,150151
2021-02-17,Steuben,8,5383,659,150810
2021-02-18,Steuben,16,5399,791,151601
2021-02-19,Steuben,16,5415,929,152530
2021-02-20,Steuben,11,5426,480,153010
2021-02-21,Steuben,6,5432,390,153400
2021-02-22,Steuben,11,5443,541,153941
2021-02-23,Steuben,9,5452,731,154672
2021-02-24,Steuben,11,5463,841,155513
2021-02-25,Steuben,15,5478,1058,156571
2021-02-26,Steuben,18,5496,931,157502
2021-02-27,Steuben,10,5506,695,158197
2021-02-28,Steuben,3,5509,402,158599
2021-03-01,Steuben,7,5516,320,158919
2021-03-02,Steuben,14,5530,833,159752
2021-03-03,Steuben,15,5545,837,160589
2021-03-04,Steuben,17,5562,794,161383
2021-03-05,Steuben,19,5581,852,162235
2021-03-06,Steuben,3,5584,539,162774
2021-03-07,Steuben,14,5598,503,163277
2021-03-08,Steuben,11,5609,453,163730
2021-03-09,Steuben,12,5621,689,164419
2021-03-10,Steuben,8,5629,769,165188
2021-03-11,Steuben,11,5640,653,165841
2021-03-12,Steuben,13,5653,837,166678
2021-03-13,Steuben,11,5664,619,167297
2021-03-14,Steuben,10,5674,472,167769
2021-03-15,Steuben,11,5685,547,168316
2021-03-16,Steuben,13,5698,815,169131
2021-03-17,Steuben,11,5709,621,169752
2021-03-18,Steuben,11,5720,668,170420
2021-03-19,Steuben,13,5733,744,171164
2021-03-20,Steuben,11,5744,704,171868
2021-03-21,Steuben,14,5758,466,172334
2021-03-22,Steuben,14,5772,238,172572
2021-03-23,Steuben,19,5791,717,173289
2021-03-24,Steuben,22,5813,657,173946
2021-03-25,Steuben,18,5831,651,174597
2021-03-26,Steuben,16,5847,1137,175734
2021-03-27,Steuben,23,5870,724,176458
2021-03-28,Steuben,19,5889,653,177111
2021-03-29,Steuben,19,5908,454,177565
2021-03-30,Steuben,20,5928,845,178410
2021-03-31,Steuben,21,5949,860,179270
2021-04-01,Steuben,25,5974,872,180142
2021-04-02,Steuben,29,6003,1058,181200
2021-04-03,Steuben,18,6021,643,181843
2021-04-04,Steuben,19,6040,430,182273
2021-04-05,Steuben,9,6049,542,182815
2021-04-06,Steuben,13,6062,889,183704
2021-04-07,Steuben,32,6094,661,184365
2021-04-08,Steuben,25,6119,1098,185463
2021-04-09,Steuben,17,6136,961,186424
2021-04-10,Steuben,17,6153,855,187279
2021-04-11,Steuben,16,6169,349,187628
2021-04-12,Steuben,23,6192,487,188115
2021-04-13,Steuben,20,6212,474,188589
2021-04-14,Steuben,19,6231,985,189574
2021-04-15,Steuben,22,6253,972,190546
2021-04-16,Steuben,19,6272,725,191271
2021-04-17,Steuben,24,6296,1048,192319
2021-04-18,Steuben,13,6309,504,192823
2021-04-19,Steuben,19,6328,379,193202
2021-04-20,Steuben,27,6355,726,193928
2021-04-21,Steuben,28,6383,730,194658
2021-04-22,Steuben,18,6401,903,195561
2021-04-23,Steuben,16,6417,1135,196696
2021-04-24,Steuben,22,6439,641,197337
2021-04-25,Steuben,19,6458,480,197817
2021-04-26,Steuben,13,6471,324,198141
2021-04-27,Steuben,22,6493,643,198784
2021-04-28,Steuben,25,6518,894,199678
2021-04-29,Steuben,11,6529,804,200482
2021-04-30,Steuben,23,6552,823,201305
2021-05-01,Steuben,12,6564,708,202013
2021-05-02,Steuben,7,6571,521,202534
2021-05-03,Steuben,9,6580,330,202864
2021-05-04,Steuben,19,6599,520,203384
2021-05-05,Steuben,27,6626,744,204128
2021-05-06,Steuben,13,6639,653,204781
2021-05-07,Steuben,30,6669,746,205527
2021-05-08,Steuben,14,6683,639,206166
2021-05-09,Steuben,13,6696,335,206501
2021-05-10,Steuben,14,6710,500,207001
2021-05-11,Steuben,13,6723,745,207746
2021-05-12,Steuben,23,6746,510,208256
2021-05-13,Steuben,16,6762,886,209142
2021-05-14,Steuben,13,6775,766,209908
2021-05-15,Steuben,11,6786,509,210417
2021-05-16,Steuben,8,6794,441,210858
2021-05-17,Steuben,10,6804,292,211150
2021-05-18,Steuben,10,6814,679,211829
2021-05-19,Steuben,13,6827,671,212500
2021-05-20,Steuben,12,6839,608,213108
2021-05-21,Steuben,9,6848,606,213714
2021-05-22,Steuben,9,6857,420,214134
2021-05-23,Steuben,10,6867,374,214508
2021-05-24,Steuben,4,6871,205,214713
2021-05-25,Steuben,1,6872,432,215145
2021-05-26,Steuben,12,6884,603,215748
2021-05-27,Steuben,9,6893,619,216367
2021-05-28,Steuben,5,6898,504,216871
2021-05-29,Steuben,3,6901,428,217299
2021-05-30,Steuben,5,6906,279,217578
2021-05-31,Steuben,3,6909,217,217795
2021-06-01,Steuben,1,6910,245,218040
2021-06-02,Steuben,4,6914,492,218532
2021-06-03,Steuben,10,6924,571,219103
2021-06-04,Steuben,5,6929,552,219655
2021-06-05,Steuben,4,6933,443,220098
2021-06-06,Steuben,1,6934,295,220393
2021-06-07,Steuben,4,6938,403,220796
2021-06-08,Steuben,1,6939,392,221188
2021-06-09,Steuben,3,6942,483,221671
2021-06-10,Steuben,4,6946,578,222249
2021-06-11,Steuben,4,6950,500,222749
2021-06-12,Steuben,2,6952,362,223111
2021-06-13,Steuben,0,6952,224,223335
2021-06-14,Steuben,0,6952,178,223513
2021-06-15,Steuben,1,6953,518,224031
2021-06-16,Steuben,2,6955,360,224391
2021-06-17,Steuben,2,6957,481,224872
2021-06-18,Steuben,0,6957,301,225173
2021-06-19,Steuben,3,6960,271,225444
2021-06-20,Steuben,0,6960,150,225594
2021-06-21,Steuben,0,6960,116,225710
2021-06-22,Steuben,1,6961,226,225936
2021-06-23,Steuben,2,6963,448,226384
2021-06-24,Steuben,0,6963,232,226616
2021-06-25,Steuben,4,6967,285,226901
2021-06-26,Steuben,1,6968,207,227108
2021-06-27,Steuben,0,6968,144,227252
2021-06-28,Steuben,0,6968,120,227372
2021-06-29,Steuben,1,6969,344,227716
2021-06-30,Steuben,1,6970,244,227960
2021-07-01,Steuben,1,6971,187,228147
2021-07-02,Steuben,1,6972,209,228356
2021-07-03,Steuben,1,6973,245,228601
2021-07-04,Steuben,1,6974,117,228718
2021-07-05,Steuben,1,6975,176,228894
2021-07-06,Steuben,1,6976,100,228994
2021-07-07,Steuben,0,6976,317,229311
2021-07-08,Steuben,4,6980,242,229553
2021-07-09,Steuben,0,6980,302,229855
2021-07-10,Steuben,2,6982,232,230087
2021-07-11,Steuben,0,6982,119,230206
2021-07-12,Steuben,0,6982,77,230283
2021-07-13,Steuben,0,6982,138,230421
2021-07-14,Steuben,2,6984,221,230642
2021-07-15,Steuben,1,6985,151,230793
2021-07-16,Steuben,0,6985,183,230976
2021-07-17,Steuben,2,6987,164,231140
2021-07-18,Steuben,1,6988,93,231233
2020-03-01,Suffolk,0,0,0,0
2020-03-02,Suffolk,0,0,0,0
2020-03-03,Suffolk,0,0,0,0
2020-03-04,Suffolk,0,0,2,2
2020-03-05,Suffolk,0,0,2,4
2020-03-06,Suffolk,0,0,1,5
2020-03-07,Suffolk,0,0,2,7
2020-03-08,Suffolk,1,1,11,18
2020-03-09,Suffolk,0,1,4,22
2020-03-10,Suffolk,5,6,24,46
2020-03-11,Suffolk,5,11,24,70
2020-03-12,Suffolk,11,22,73,143
2020-03-13,Suffolk,10,32,79,222
2020-03-14,Suffolk,9,41,38,260
2020-03-15,Suffolk,22,63,95,355
2020-03-16,Suffolk,22,85,109,464
2020-03-17,Suffolk,31,116,179,643
2020-03-18,Suffolk,62,178,361,1004
2020-03-19,Suffolk,193,371,766,1770
2020-03-20,Suffolk,290,661,1461,3231
2020-03-21,Suffolk,373,1034,1578,4809
2020-03-22,Suffolk,424,1458,1153,5962
2020-03-23,Suffolk,422,1880,1047,7009
2020-03-24,Suffolk,380,2260,854,7863
2020-03-25,Suffolk,475,2735,1189,9052
2020-03-26,Suffolk,650,3385,1333,10385
2020-03-27,Suffolk,753,4138,1690,12075
2020-03-28,Suffolk,885,5023,2155,14230
2020-03-29,Suffolk,768,5791,1598,15828
2020-03-30,Suffolk,922,6713,1857,17685
2020-03-31,Suffolk,892,7605,1620,19305
2020-04-01,Suffolk,1141,8746,2148,21453
2020-04-02,Suffolk,1408,10154,2575,24028
2020-04-03,Suffolk,1216,11370,2463,26491
2020-04-04,Suffolk,1035,12405,2200,28691
2020-04-05,Suffolk,1082,13487,2211,30902
2020-04-06,Suffolk,1030,14517,2323,33225
2020-04-07,Suffolk,1327,15844,3139,36364
2020-04-08,Suffolk,1569,17413,3889,40253
2020-04-09,Suffolk,1279,18692,2942,43195
2020-04-10,Suffolk,1191,19883,2556,45751
2020-04-11,Suffolk,933,20816,2215,47966
2020-04-12,Suffolk,827,21643,2164,50130
2020-04-13,Suffolk,819,22462,2246,52376
2020-04-14,Suffolk,816,23278,2135,54511
2020-04-15,Suffolk,904,24182,2536,57047
2020-04-16,Suffolk,853,25035,2496,59543
2020-04-17,Suffolk,1108,26143,3385,62928
2020-04-18,Suffolk,745,26888,2392,65320
2020-04-19,Suffolk,774,27662,2278,67598
2020-04-20,Suffolk,492,28154,1482,69080
2020-04-21,Suffolk,700,28854,2188,71268
2020-04-22,Suffolk,713,29567,2428,73696
2020-04-23,Suffolk,1039,30606,3858,77554
2020-04-24,Suffolk,762,31368,2860,80414
2020-04-25,Suffolk,691,32059,2830,83244
2020-04-26,Suffolk,411,32470,1826,85070
2020-04-27,Suffolk,254,32724,1429,86499
2020-04-28,Suffolk,541,33265,2669,89168
2020-04-29,Suffolk,399,33664,2193,91361
2020-04-30,Suffolk,373,34037,2207,93568
2020-05-01,Suffolk,441,34478,2660,96228
2020-05-02,Suffolk,377,34855,2521,98749
2020-05-03,Suffolk,222,35077,1640,100389
2020-05-04,Suffolk,198,35275,1586,101975
2020-05-05,Suffolk,268,35543,2112,104087
2020-05-06,Suffolk,349,35892,2668,106755
2020-05-07,Suffolk,331,36223,2357,109112
2020-05-08,Suffolk,238,36461,2227,111339
2020-05-09,Suffolk,241,36702,2556,113895
2020-05-10,Suffolk,209,36911,2014,115909
2020-05-11,Suffolk,151,37062,1964,117873
2020-05-12,Suffolk,243,37305,2950,120823
2020-05-13,Suffolk,239,37544,3229,124052
2020-05-14,Suffolk,175,37719,2777,126829
2020-05-15,Suffolk,223,37942,3048,129877
2020-05-16,Suffolk,175,38117,2818,132695
2020-05-17,Suffolk,107,38224,1948,134643
2020-05-18,Suffolk,103,38327,2118,136761
2020-05-19,Suffolk,84,38411,2416,139177
2020-05-20,Suffolk,142,38553,3623,142800
2020-05-21,Suffolk,119,38672,3022,145822
2020-05-22,Suffolk,130,38802,4005,149827
2020-05-23,Suffolk,162,38964,3865,153692
2020-05-24,Suffolk,126,39090,4010,157702
2020-05-25,Suffolk,109,39199,3241,160943
2020-05-26,Suffolk,59,39258,2492,163435
2020-05-27,Suffolk,101,39359,4482,167917
2020-05-28,Suffolk,86,39445,4591,172508
2020-05-29,Suffolk,87,39532,4388,176896
2020-05-30,Suffolk,111,39643,5138,182034
2020-05-31,Suffolk,62,39705,4294,186328
2020-06-01,Suffolk,275,39980,4365,190693
2020-06-02,Suffolk,82,40062,4840,195533
2020-06-03,Suffolk,91,40153,5178,200711
2020-06-04,Suffolk,86,40239,5202,205913
2020-06-05,Suffolk,39,40278,5505,211418
2020-06-06,Suffolk,51,40329,4582,216000
2020-06-07,Suffolk,48,40377,4833,220833
2020-06-08,Suffolk,49,40426,4098,224931
2020-06-09,Suffolk,38,40464,4099,229030
2020-06-10,Suffolk,48,40512,5079,234109
2020-06-11,Suffolk,47,40559,5206,239315
2020-06-12,Suffolk,56,40615,5879,245194
2020-06-13,Suffolk,44,40659,4243,249437
2020-06-14,Suffolk,33,40692,4110,253547
2020-06-15,Suffolk,46,40738,4866,258413
2020-06-16,Suffolk,32,40770,4086,262499
2020-06-17,Suffolk,40,40810,5476,267975
2020-06-18,Suffolk,54,40864,5570,273545
2020-06-19,Suffolk,44,40908,4391,277936
2020-06-20,Suffolk,64,40972,5243,283179
2020-06-21,Suffolk,38,41010,3952,287131
2020-06-22,Suffolk,46,41056,3530,290661
2020-06-23,Suffolk,45,41101,3941,294602
2020-06-24,Suffolk,50,41151,5529,300131
2020-06-25,Suffolk,57,41208,5076,305207
2020-06-26,Suffolk,45,41253,4615,309822
2020-06-27,Suffolk,53,41306,5095,314917
2020-06-28,Suffolk,33,41339,4481,319398
2020-06-29,Suffolk,46,41385,3312,322710
2020-06-30,Suffolk,42,41427,4047,326757
2020-07-01,Suffolk,64,41491,5730,332487
2020-07-02,Suffolk,47,41538,4791,337278
2020-07-03,Suffolk,47,41585,4110,341388
2020-07-04,Suffolk,57,41642,5933,347321
2020-07-05,Suffolk,43,41685,3812,351133
2020-07-06,Suffolk,45,41730,4226,355359
2020-07-07,Suffolk,69,41799,4108,359467
2020-07-08,Suffolk,50,41849,5372,364839
2020-07-09,Suffolk,62,41911,6245,371084
2020-07-10,Suffolk,76,41987,5490,376574
2020-07-11,Suffolk,41,42028,4260,380834
2020-07-12,Suffolk,84,42112,4517,385351
2020-07-13,Suffolk,102,42214,4795,390146
2020-07-14,Suffolk,53,42267,4756,394902
2020-07-15,Suffolk,66,42333,6205,401107
2020-07-16,Suffolk,49,42382,4822,405929
2020-07-17,Suffolk,58,42440,4671,410600
2020-07-18,Suffolk,26,42466,2755,413355
2020-07-19,Suffolk,30,42496,4235,417590
2020-07-20,Suffolk,79,42575,4508,422098
2020-07-21,Suffolk,46,42621,4070,426168
2020-07-22,Suffolk,94,42715,5525,431693
2020-07-23,Suffolk,58,42773,6010,437703
2020-07-24,Suffolk,49,42822,5594,443297
2020-07-25,Suffolk,61,42883,4214,447511
2020-07-26,Suffolk,84,42967,5292,452803
2020-07-27,Suffolk,57,43024,4926,457729
2020-07-28,Suffolk,60,43084,4399,462128
2020-07-29,Suffolk,86,43170,6247,468375
2020-07-30,Suffolk,54,43224,5371,473746
2020-07-31,Suffolk,76,43300,6595,480341
2020-08-01,Suffolk,45,43345,4797,485138
2020-08-02,Suffolk,50,43395,4339,489477
2020-08-03,Suffolk,73,43468,5697,495174
2020-08-04,Suffolk,85,43553,5570,500744
2020-08-05,Suffolk,77,43630,7082,507826
2020-08-06,Suffolk,51,43681,5537,513363
2020-08-07,Suffolk,68,43749,6401,519764
2020-08-08,Suffolk,37,43786,6048,525812
2020-08-09,Suffolk,58,43844,4029,529841
2020-08-10,Suffolk,49,43893,4999,534840
2020-08-11,Suffolk,55,43948,5030,539870
2020-08-12,Suffolk,39,43987,6363,546233
2020-08-13,Suffolk,58,44045,6154,552387
2020-08-14,Suffolk,64,44109,6312,558699
2020-08-15,Suffolk,50,44159,5886,564585
2020-08-16,Suffolk,26,44185,3839,568424
2020-08-17,Suffolk,50,44235,4631,573055
2020-08-18,Suffolk,70,44305,7334,580389
2020-08-19,Suffolk,48,44353,6779,587168
2020-08-20,Suffolk,47,44400,6908,594076
2020-08-21,Suffolk,56,44456,7213,601289
2020-08-22,Suffolk,42,44498,5256,606545
2020-08-23,Suffolk,21,44519,4910,611455
2020-08-24,Suffolk,42,44561,4505,615960
2020-08-25,Suffolk,44,44605,4955,620915
2020-08-26,Suffolk,36,44641,6990,627905
2020-08-27,Suffolk,37,44678,7132,635037
2020-08-28,Suffolk,34,44712,6415,641452
2020-08-29,Suffolk,51,44763,7199,648651
2020-08-30,Suffolk,57,44820,5198,653849
2020-08-31,Suffolk,65,44885,8045,661894
2020-09-01,Suffolk,55,44940,5761,667655
2020-09-02,Suffolk,66,45006,6644,674299
2020-09-03,Suffolk,96,45102,6039,680338
2020-09-04,Suffolk,98,45200,6619,686957
2020-09-05,Suffolk,58,45258,5274,692231
2020-09-06,Suffolk,46,45304,4364,696595
2020-09-07,Suffolk,52,45356,3680,700275
2020-09-08,Suffolk,55,45411,3080,703355
2020-09-09,Suffolk,52,45463,6741,710096
2020-09-10,Suffolk,71,45534,6839,716935
2020-09-11,Suffolk,81,45615,6077,723012
2020-09-12,Suffolk,68,45683,6000,729012
2020-09-13,Suffolk,31,45714,4905,733917
2020-09-14,Suffolk,71,45785,5634,739551
2020-09-15,Suffolk,58,45843,4753,744304
2020-09-16,Suffolk,72,45915,8319,752623
2020-09-17,Suffolk,41,45956,5925,758548
2020-09-18,Suffolk,54,46010,8053,766601
2020-09-19,Suffolk,51,46061,6712,773313
2020-09-20,Suffolk,48,46109,5208,778521
2020-09-21,Suffolk,67,46176,5863,784384
2020-09-22,Suffolk,32,46208,5254,789638
2020-09-23,Suffolk,33,46241,6408,796046
2020-09-24,Suffolk,52,46293,5646,801692
2020-09-25,Suffolk,52,46345,6759,808451
2020-09-26,Suffolk,42,46387,5435,813886
2020-09-27,Suffolk,41,46428,4697,818583
2020-09-28,Suffolk,36,46464,4300,822883
2020-09-29,Suffolk,53,46517,3988,826871
2020-09-30,Suffolk,46,46563,5924,832795
2020-10-01,Suffolk,104,46667,8609,841404
2020-10-02,Suffolk,103,46770,10195,851599
2020-10-03,Suffolk,72,46842,8656,860255
2020-10-04,Suffolk,49,46891,5724,865979
2020-10-05,Suffolk,89,46980,8563,874542
2020-10-06,Suffolk,109,47089,10845,885387
2020-10-07,Suffolk,107,47196,11812,897199
2020-10-08,Suffolk,89,47285,8946,906145
2020-10-09,Suffolk,72,47357,7703,913848
2020-10-10,Suffolk,74,47431,8565,922413
2020-10-11,Suffolk,62,47493,5651,928064
2020-10-12,Suffolk,68,47561,7109,935173
2020-10-13,Suffolk,69,47630,7745,942918
2020-10-14,Suffolk,81,47711,7801,950719
2020-10-15,Suffolk,104,47815,9276,959995
2020-10-16,Suffolk,126,47941,12149,972144
2020-10-17,Suffolk,88,48029,8887,981031
2020-10-18,Suffolk,51,48080,5554,986585
2020-10-19,Suffolk,41,48121,5978,992563
2020-10-20,Suffolk,113,48234,7837,1000400
2020-10-21,Suffolk,74,48308,8143,1008543
2020-10-22,Suffolk,91,48399,9115,1017658
2020-10-23,Suffolk,163,48562,9623,1027281
2020-10-24,Suffolk,101,48663,7576,1034857
2020-10-25,Suffolk,54,48717,5071,1039928
2020-10-26,Suffolk,112,48829,6767,1046695
2020-10-27,Suffolk,169,48998,8769,1055464
2020-10-28,Suffolk,200,49198,13426,1068890
2020-10-29,Suffolk,102,49300,9696,1078586
2020-10-30,Suffolk,96,49396,8488,1087074
2020-10-31,Suffolk,142,49538,10200,1097274
2020-11-01,Suffolk,66,49604,5501,1102775
2020-11-02,Suffolk,176,49780,9927,1112702
2020-11-03,Suffolk,74,49854,7486,1120188
2020-11-04,Suffolk,179,50033,10371,1130559
2020-11-05,Suffolk,177,50210,10332,1140891
2020-11-06,Suffolk,259,50469,10353,1151244
2020-11-07,Suffolk,259,50728,9743,1160987
2020-11-08,Suffolk,324,51052,8467,1169454
2020-11-09,Suffolk,280,51332,7813,1177267
2020-11-10,Suffolk,412,51744,12162,1189429
2020-11-11,Suffolk,321,52065,10924,1200353
2020-11-12,Suffolk,428,52493,11768,1212121
2020-11-13,Suffolk,449,52942,12149,1224270
2020-11-14,Suffolk,366,53308,12561,1236831
2020-11-15,Suffolk,345,53653,9345,1246176
2020-11-16,Suffolk,402,54055,11729,1257905
2020-11-17,Suffolk,430,54485,11360,1269265
2020-11-18,Suffolk,431,54916,13645,1282910
2020-11-19,Suffolk,413,55329,14807,1297717
2020-11-20,Suffolk,478,55807,17718,1315435
2020-11-21,Suffolk,532,56339,14027,1329462
2020-11-22,Suffolk,526,56865,13623,1343085
2020-11-23,Suffolk,501,57366,12670,1355755
2020-11-24,Suffolk,543,57909,12795,1368550
2020-11-25,Suffolk,653,58562,18628,1387178
2020-11-26,Suffolk,711,59273,18438,1405616
2020-11-27,Suffolk,537,59810,14089,1419705
2020-11-28,Suffolk,604,60414,12348,1432053
2020-11-29,Suffolk,658,61072,13745,1445798
2020-11-30,Suffolk,609,61681,11688,1457486
2020-12-01,Suffolk,966,62647,16615,1474101
2020-12-02,Suffolk,1111,63758,18399,1492500
2020-12-03,Suffolk,1171,64929,18146,1510646
2020-12-04,Suffolk,1064,65993,17268,1527914
2020-12-05,Suffolk,1119,67112,17711,1545625
2020-12-06,Suffolk,748,67860,12137,1557762
2020-12-07,Suffolk,1164,69024,17883,1575645
2020-12-08,Suffolk,972,69996,15586,1591231
2020-12-09,Suffolk,1047,71043,17049,1608280
2020-12-10,Suffolk,1075,72118,16941,1625221
2020-12-11,Suffolk,1163,73281,20204,1645425
2020-12-12,Suffolk,1086,74367,17213,1662638
2020-12-13,Suffolk,1087,75454,16241,1678879
2020-12-14,Suffolk,1171,76625,17833,1696712
2020-12-15,Suffolk,1056,77681,12860,1709572
2020-12-16,Suffolk,1169,78850,17296,1726868
2020-12-17,Suffolk,1197,80047,16531,1743399
2020-12-18,Suffolk,942,80989,15052,1758451
2020-12-19,Suffolk,1145,82134,15670,1774121
2020-12-20,Suffolk,978,83112,13180,1787301
2020-12-21,Suffolk,1034,84146,14282,1801583
2020-12-22,Suffolk,1239,85385,17085,1818668
2020-12-23,Suffolk,1330,86715,18660,1837328
2020-12-24,Suffolk,1270,87985,18087,1855415
2020-12-25,Suffolk,1272,89257,17611,1873026
2020-12-26,Suffolk,885,90142,12554,1885580
2020-12-27,Suffolk,1037,91179,11377,1896957
2020-12-28,Suffolk,1212,92391,13620,1910577
2020-12-29,Suffolk,1650,94041,12909,1923486
2020-12-30,Suffolk,2016,96057,19194,1942680
2020-12-31,Suffolk,1874,97931,19417,1962097
2021-01-01,Suffolk,1786,99717,18676,1980773
2021-01-02,Suffolk,1516,101233,14261,1995034
2021-01-03,Suffolk,1232,102465,10876,2005910
2021-01-04,Suffolk,1554,104019,14273,2020183
2021-01-05,Suffolk,2042,106061,18645,2038828
2021-01-06,Suffolk,2194,108255,20941,2059769
2021-01-07,Suffolk,1954,110209,17917,2077686
2021-01-08,Suffolk,2002,112211,20450,2098136
2021-01-09,Suffolk,1732,113943,18104,2116240
2021-01-10,Suffolk,1546,115489,20387,2136627
2021-01-11,Suffolk,1667,117156,17303,2153930
2021-01-12,Suffolk,1673,118829,17104,2171034
2021-01-13,Suffolk,1587,120416,16976,2188010
2021-01-14,Suffolk,2181,122597,27442,2215452
2021-01-15,Suffolk,1787,124384,21598,2237050
2021-01-16,Suffolk,1541,125925,20408,2257458
2021-01-17,Suffolk,1362,127287,16006,2273464
2021-01-18,Suffolk,1293,128580,15314,2288778
2021-01-19,Suffolk,1224,129804,15580,2304358
2021-01-20,Suffolk,1505,131309,19999,2324357
2021-01-21,Suffolk,1439,132748,20514,2344871
2021-01-22,Suffolk,1309,134057,19963,2364834
2021-01-23,Suffolk,1117,135174,17867,2382701
2021-01-24,Suffolk,1419,136593,19154,2401855
2021-01-25,Suffolk,1135,137728,13296,2415151
2021-01-26,Suffolk,1084,138812,15329,2430480
2021-01-27,Suffolk,1301,140113,19070,2449550
2021-01-28,Suffolk,1241,141354,21491,2471041
2021-01-29,Suffolk,1130,142484,19216,2490257
2021-01-30,Suffolk,1014,143498,17429,2507686
2021-01-31,Suffolk,839,144337,14461,2522147
2021-02-01,Suffolk,778,145115,11388,2533535
2021-02-02,Suffolk,527,145642,8925,2542460
2021-02-03,Suffolk,651,146293,12733,2555193
2021-02-04,Suffolk,771,147064,15461,2570654
2021-02-05,Suffolk,1100,148164,18575,2589229
2021-02-06,Suffolk,854,149018,16379,2605608
2021-02-07,Suffolk,696,149714,11990,2617598
2021-02-08,Suffolk,712,150426,13483,2631081
2021-02-09,Suffolk,539,150965,11502,2642583
2021-02-10,Suffolk,828,151793,19731,2662314
2021-02-11,Suffolk,810,152603,17462,2679776
2021-02-12,Suffolk,724,153327,16399,2696175
2021-02-13,Suffolk,771,154098,16673,2712848
2021-02-14,Suffolk,525,154623,13530,2726378
2021-02-15,Suffolk,526,155149,10353,2736731
2021-02-16,Suffolk,590,155739,12965,2749696
2021-02-17,Suffolk,461,156200,13817,2763513
2021-02-18,Suffolk,714,156914,17386,2780899
2021-02-19,Suffolk,602,157516,14759,2795658
2021-02-20,Suffolk,513,158029,13033,2808691
2021-02-21,Suffolk,563,158592,10767,2819458
2021-02-22,Suffolk,554,159146,10476,2829934
2021-02-23,Suffolk,425,159571,15175,2845109
2021-02-24,Suffolk,721,160292,18489,2863598
2021-02-25,Suffolk,675,160967,17389,2880987
2021-02-26,Suffolk,665,161632,17392,2898379
2021-02-27,Suffolk,611,162243,15987,2914366
2021-02-28,Suffolk,575,162818,11764,2926130
2021-03-01,Suffolk,498,163316,10787,2936917
2021-03-02,Suffolk,569,163885,13830,2950747
2021-03-03,Suffolk,654,164539,16516,2967263
2021-03-04,Suffolk,750,165289,18299,2985562
2021-03-05,Suffolk,590,165879,16308,3001870
2021-03-06,Suffolk,618,166497,14889,3016759
2021-03-07,Suffolk,552,167049,12801,3029560
2021-03-08,Suffolk,552,167601,12327,3041887
2021-03-09,Suffolk,598,168199,13670,3055557
2021-03-10,Suffolk,565,168764,15925,3071482
2021-03-11,Suffolk,798,169562,18807,3090289
2021-03-12,Suffolk,664,170226,15974,3106263
2021-03-13,Suffolk,512,170738,12553,3118816
2021-03-14,Suffolk,560,171298,11060,3129876
2021-03-15,Suffolk,652,171950,11633,3141509
2021-03-16,Suffolk,720,172670,16783,3158292
2021-03-17,Suffolk,651,173321,17074,3175366
2021-03-18,Suffolk,711,174032,18166,3193532
2021-03-19,Suffolk,767,174799,18224,3211756
2021-03-20,Suffolk,729,175528,16022,3227778
2021-03-21,Suffolk,612,176140,10821,3238599
2021-03-22,Suffolk,529,176669,11195,3249794
2021-03-23,Suffolk,665,177334,15458,3265252
2021-03-24,Suffolk,743,178077,18620,3283872
2021-03-25,Suffolk,736,178813,19655,3303527
2021-03-26,Suffolk,711,179524,16602,3320129
2021-03-27,Suffolk,797,180321,15943,3336072
2021-03-28,Suffolk,685,181006,13214,3349286
2021-03-29,Suffolk,612,181618,11510,3360796
2021-03-30,Suffolk,824,182442,17595,3378391
2021-03-31,Suffolk,764,183206,19403,3397794
2021-04-01,Suffolk,706,183912,15235,3413029
2021-04-02,Suffolk,733,184645,18397,3431426
2021-04-03,Suffolk,700,185345,16061,3447487
2021-04-04,Suffolk,566,185911,11901,3459388
2021-04-05,Suffolk,576,186487,13068,3472456
2021-04-06,Suffolk,662,187149,14560,3487016
2021-04-07,Suffolk,925,188074,21009,3508025
2021-04-08,Suffolk,731,188805,20503,3528528
2021-04-09,Suffolk,619,189424,18353,3546881
2021-04-10,Suffolk,590,190014,16013,3562894
2021-04-11,Suffolk,449,190463,9195,3572089
2021-04-12,Suffolk,426,190889,10600,3582689
2021-04-13,Suffolk,490,191379,14390,3597079
2021-04-14,Suffolk,627,192006,19341,3616420
2021-04-15,Suffolk,535,192541,15686,3632106
2021-04-16,Suffolk,610,193151,18817,3650923
2021-04-17,Suffolk,395,193546,16099,3667022
2021-04-18,Suffolk,373,193919,11189,3678211
2021-04-19,Suffolk,290,194209,8479,3686690
2021-04-20,Suffolk,303,194512,12542,3699232
2021-04-21,Suffolk,356,194868,18197,3717429
2021-04-22,Suffolk,341,195209,15865,3733294
2021-04-23,Suffolk,325,195534,15947,3749241
2021-04-24,Suffolk,330,195864,14738,3763979
2021-04-25,Suffolk,237,196101,9254,3773233
2021-04-26,Suffolk,204,196305,7682,3780915
2021-04-27,Suffolk,230,196535,10449,3791364
2021-04-28,Suffolk,271,196806,15628,3806992
2021-04-29,Suffolk,289,197095,14614,3821606
2021-04-30,Suffolk,261,197356,15795,3837401
2021-05-01,Suffolk,190,197546,12108,3849509
2021-05-02,Suffolk,172,197718,9535,3859044
2021-05-03,Suffolk,148,197866,7035,3866079
2021-05-04,Suffolk,157,198023,10779,3876858
2021-05-05,Suffolk,160,198183,13182,3890040
2021-05-06,Suffolk,169,198352,13154,3903194
2021-05-07,Suffolk,222,198574,17440,3920634
2021-05-08,Suffolk,121,198695,10204,3930838
2021-05-09,Suffolk,107,198802,8161,3938999
2021-05-10,Suffolk,104,198906,7703,3946702
2021-05-11,Suffolk,119,199025,10927,3957629
2021-05-12,Suffolk,123,199148,14248,3971877
2021-05-13,Suffolk,134,199282,13732,3985609
2021-05-14,Suffolk,129,199411,12818,3998427
2021-05-15,Suffolk,95,199506,10948,4009375
2021-05-16,Suffolk,86,199592,7936,4017311
2021-05-17,Suffolk,68,199660,7895,4025206
2021-05-18,Suffolk,79,199739,9697,4034903
2021-05-19,Suffolk,85,199824,12360,4047263
2021-05-20,Suffolk,80,199904,12697,4059960
2021-05-21,Suffolk,87,199991,11710,4071670
2021-05-22,Suffolk,67,200058,9003,4080673
2021-05-23,Suffolk,57,200115,7253,4087926
2021-05-24,Suffolk,48,200163,6017,4093943
2021-05-25,Suffolk,42,200205,7968,4101911
2021-05-26,Suffolk,72,200277,10701,4112612
2021-05-27,Suffolk,56,200333,11178,4123790
2021-05-28,Suffolk,60,200393,9485,4133275
2021-05-29,Suffolk,108,200501,7802,4141077
2021-05-30,Suffolk,19,200520,6019,4147096
2021-05-31,Suffolk,28,200548,3825,4150921
2021-06-01,Suffolk,27,200575,4089,4155010
2021-06-02,Suffolk,43,200618,8775,4163785
2021-06-03,Suffolk,38,200656,13567,4177352
2021-06-04,Suffolk,48,200704,9542,4186894
2021-06-05,Suffolk,23,200727,8110,4195004
2021-06-06,Suffolk,39,200766,5832,4200836
2021-06-07,Suffolk,32,200798,5944,4206780
2021-06-08,Suffolk,26,200824,7983,4214763
2021-06-09,Suffolk,34,200858,10412,4225175
2021-06-10,Suffolk,37,200895,9530,4234705
2021-06-11,Suffolk,64,200959,11423,4246128
2021-06-12,Suffolk,30,200989,7574,4253702
2021-06-13,Suffolk,19,201008,4384,4258086
2021-06-14,Suffolk,28,201036,4227,4262313
2021-06-15,Suffolk,34,201070,7365,4269678
2021-06-16,Suffolk,42,201112,8835,4278513
2021-06-17,Suffolk,27,201139,8276,4286789
2021-06-18,Suffolk,29,201168,7071,4293860
2021-06-19,Suffolk,25,201193,6644,4300504
2021-06-20,Suffolk,26,201219,4818,4305322
2021-06-21,Suffolk,18,201237,4910,4310232
2021-06-22,Suffolk,24,201261,7022,4317254
2021-06-23,Suffolk,31,201292,8455,4325709
2021-06-24,Suffolk,18,201310,6816,4332525
2021-06-25,Suffolk,32,201342,7545,4340070
2021-06-26,Suffolk,26,201368,7154,4347224
2021-06-27,Suffolk,30,201398,4849,4352073
2021-06-28,Suffolk,20,201418,3873,4355946
2021-06-29,Suffolk,13,201431,6091,4362037
2021-06-30,Suffolk,25,201456,6751,4368788
2021-07-01,Suffolk,33,201489,6015,4374803
2021-07-02,Suffolk,41,201530,6289,4381092
2021-07-03,Suffolk,25,201555,5188,4386280
2021-07-04,Suffolk,25,201580,3870,4390150
2021-07-05,Suffolk,22,201602,2510,4392660
2021-07-06,Suffolk,31,201633,2928,4395588
2021-07-07,Suffolk,30,201663,6995,4402583
2021-07-08,Suffolk,55,201718,5871,4408454
2021-07-09,Suffolk,52,201770,6206,4414660
2021-07-10,Suffolk,39,201809,4815,4419475
2021-07-11,Suffolk,41,201850,3896,4423371
2021-07-12,Suffolk,54,201904,3627,4426998
2021-07-13,Suffolk,60,201964,4968,4431966
2021-07-14,Suffolk,83,202047,5599,4437565
2021-07-15,Suffolk,73,202120,6093,4443658
2021-07-16,Suffolk,75,202195,6073,4449731
2021-07-17,Suffolk,80,202275,5230,4454961
2021-07-18,Suffolk,88,202363,3923,4458884
2020-03-01,Sullivan,0,0,0,0
2020-03-02,Sullivan,0,0,0,0
2020-03-03,Sullivan,0,0,0,0
2020-03-04,Sullivan,0,0,0,0
2020-03-05,Sullivan,0,0,0,0
2020-03-06,Sullivan,0,0,0,0
2020-03-07,Sullivan,0,0,0,0
2020-03-08,Sullivan,0,0,0,0
2020-03-09,Sullivan,0,0,0,0
2020-03-10,Sullivan,0,0,0,0
2020-03-11,Sullivan,0,0,1,1
2020-03-12,Sullivan,0,0,0,1
2020-03-13,Sullivan,0,0,1,2
2020-03-14,Sullivan,0,0,7,9
2020-03-15,Sullivan,0,0,2,11
2020-03-16,Sullivan,1,1,9,20
2020-03-17,Sullivan,0,1,14,34
2020-03-18,Sullivan,2,3,23,57
2020-03-19,Sullivan,5,8,79,136
2020-03-20,Sullivan,4,12,42,178
2020-03-21,Sullivan,4,16,37,215
2020-03-22,Sullivan,7,23,83,298
2020-03-23,Sullivan,7,30,44,342
2020-03-24,Sullivan,9,39,23,365
2020-03-25,Sullivan,14,53,53,418
2020-03-26,Sullivan,11,64,62,480
2020-03-27,Sullivan,8,72,49,529
2020-03-28,Sullivan,16,88,91,620
2020-03-29,Sullivan,13,101,53,673
2020-03-30,Sullivan,8,109,33,706
2020-03-31,Sullivan,12,121,55,761
2020-04-01,Sullivan,22,143,96,857
2020-04-02,Sullivan,25,168,140,997
2020-04-03,Sullivan,25,193,133,1130
2020-04-04,Sullivan,41,234,153,1283
2020-04-05,Sullivan,19,253,91,1374
2020-04-06,Sullivan,17,270,77,1451
2020-04-07,Sullivan,9,279,56,1507
2020-04-08,Sullivan,15,294,60,1567
2020-04-09,Sullivan,24,318,115,1682
2020-04-10,Sullivan,22,340,99,1781
2020-04-11,Sullivan,18,358,65,1846
2020-04-12,Sullivan,22,380,73,1919
2020-04-13,Sullivan,35,415,133,2052
2020-04-14,Sullivan,9,424,37,2089
2020-04-15,Sullivan,13,437,39,2128
2020-04-16,Sullivan,68,505,192,2320
2020-04-17,Sullivan,19,524,92,2412
2020-04-18,Sullivan,13,537,38,2450
2020-04-19,Sullivan,7,544,30,2480
2020-04-20,Sullivan,11,555,44,2524
2020-04-21,Sullivan,6,561,45,2569
2020-04-22,Sullivan,19,580,52,2621
2020-04-23,Sullivan,48,628,253,2874
2020-04-24,Sullivan,61,689,296,3170
2020-04-25,Sullivan,35,724,160,3330
2020-04-26,Sullivan,24,748,120,3450
2020-04-27,Sullivan,21,769,77,3527
2020-04-28,Sullivan,42,811,114,3641
2020-04-29,Sullivan,27,838,102,3743
2020-04-30,Sullivan,42,880,122,3865
2020-05-01,Sullivan,51,931,128,3993
2020-05-02,Sullivan,20,951,105,4098
2020-05-03,Sullivan,25,976,106,4204
2020-05-04,Sullivan,8,984,111,4315
2020-05-05,Sullivan,12,996,99,4414
2020-05-06,Sullivan,25,1021,150,4564
2020-05-07,Sullivan,18,1039,90,4654
2020-05-08,Sullivan,32,1071,143,4797
2020-05-09,Sullivan,22,1093,115,4912
2020-05-10,Sullivan,16,1109,78,4990
2020-05-11,Sullivan,10,1119,95,5085
2020-05-12,Sullivan,16,1135,89,5174
2020-05-13,Sullivan,33,1168,178,5352
2020-05-14,Sullivan,21,1189,127,5479
2020-05-15,Sullivan,28,1217,176,5655
2020-05-16,Sullivan,14,1231,138,5793
2020-05-17,Sullivan,15,1246,133,5926
2020-05-18,Sullivan,12,1258,111,6037
2020-05-19,Sullivan,9,1267,116,6153
2020-05-20,Sullivan,14,1281,157,6310
2020-05-21,Sullivan,6,1287,158,6468
2020-05-22,Sullivan,10,1297,148,6616
2020-05-23,Sullivan,13,1310,155,6771
2020-05-24,Sullivan,14,1324,170,6941
2020-05-25,Sullivan,14,1338,238,7179
2020-05-26,Sullivan,2,1340,77,7256
2020-05-27,Sullivan,11,1351,209,7465
2020-05-28,Sullivan,13,1364,160,7625
2020-05-29,Sullivan,11,1375,254,7879
2020-05-30,Sullivan,12,1387,237,8116
2020-05-31,Sullivan,2,1389,145,8261
2020-06-01,Sullivan,3,1392,108,8369
2020-06-02,Sullivan,1,1393,155,8524
2020-06-03,Sullivan,12,1405,186,8710
2020-06-04,Sullivan,4,1409,167,8877
2020-06-05,Sullivan,2,1411,176,9053
2020-06-06,Sullivan,4,1415,177,9230
2020-06-07,Sullivan,2,1417,123,9353
2020-06-08,Sullivan,1,1418,152,9505
2020-06-09,Sullivan,7,1425,499,10004
2020-06-10,Sullivan,1,1426,272,10276
2020-06-11,Sullivan,2,1428,112,10388
2020-06-12,Sullivan,2,1430,299,10687
2020-06-13,Sullivan,0,1430,287,10974
2020-06-14,Sullivan,2,1432,76,11050
2020-06-15,Sullivan,1,1433,163,11213
2020-06-16,Sullivan,0,1433,189,11402
2020-06-17,Sullivan,1,1434,176,11578
2020-06-18,Sullivan,0,1434,206,11784
2020-06-19,Sullivan,1,1435,84,11868
2020-06-20,Sullivan,2,1437,139,12007
2020-06-21,Sullivan,1,1438,103,12110
2020-06-22,Sullivan,2,1440,262,12372
2020-06-23,Sullivan,7,1447,197,12569
2020-06-24,Sullivan,1,1448,176,12745
2020-06-25,Sullivan,1,1449,132,12877
2020-06-26,Sullivan,2,1451,142,13019
2020-06-27,Sullivan,0,1451,82,13101
2020-06-28,Sullivan,0,1451,89,13190
2020-06-29,Sullivan,0,1451,282,13472
2020-06-30,Sullivan,1,1452,205,13677
2020-07-01,Sullivan,1,1453,158,13835
2020-07-02,Sullivan,2,1455,288,14123
2020-07-03,Sullivan,1,1456,93,14216
2020-07-04,Sullivan,0,1456,129,14345
2020-07-05,Sullivan,1,1457,113,14458
2020-07-06,Sullivan,2,1459,122,14580
2020-07-07,Sullivan,1,1460,123,14703
2020-07-08,Sullivan,0,1460,138,14841
2020-07-09,Sullivan,4,1464,144,14985
2020-07-10,Sullivan,0,1464,164,15149
2020-07-11,Sullivan,1,1465,127,15276
2020-07-12,Sullivan,0,1465,70,15346
2020-07-13,Sullivan,1,1466,113,15459
2020-07-14,Sullivan,1,1467,217,15676
2020-07-15,Sullivan,2,1469,159,15835
2020-07-16,Sullivan,0,1469,161,15996
2020-07-17,Sullivan,4,1473,333,16329
2020-07-18,Sullivan,0,1473,124,16453
2020-07-19,Sullivan,0,1473,124,16577
2020-07-20,Sullivan,0,1473,166,16743
2020-07-21,Sullivan,0,1473,132,16875
2020-07-22,Sullivan,2,1475,258,17133
2020-07-23,Sullivan,0,1475,214,17347
2020-07-24,Sullivan,1,1476,170,17517
2020-07-25,Sullivan,0,1476,72,17589
2020-07-26,Sullivan,0,1476,87,17676
2020-07-27,Sullivan,0,1476,174,17850
2020-07-28,Sullivan,0,1476,179,18029
2020-07-29,Sullivan,3,1479,446,18475
2020-07-30,Sullivan,1,1480,99,18574
2020-07-31,Sullivan,3,1483,119,18693
2020-08-01,Sullivan,0,1483,62,18755
2020-08-02,Sullivan,0,1483,58,18813
2020-08-03,Sullivan,1,1484,260,19073
2020-08-04,Sullivan,1,1485,144,19217
2020-08-05,Sullivan,0,1485,116,19333
2020-08-06,Sullivan,3,1488,84,19417
2020-08-07,Sullivan,0,1488,103,19520
2020-08-08,Sullivan,1,1489,135,19655
2020-08-09,Sullivan,0,1489,63,19718
2020-08-10,Sullivan,1,1490,167,19885
2020-08-11,Sullivan,1,1491,243,20128
2020-08-12,Sullivan,0,1491,284,20412
2020-08-13,Sullivan,0,1491,240,20652
2020-08-14,Sullivan,2,1493,195,20847
2020-08-15,Sullivan,0,1493,101,20948
2020-08-16,Sullivan,0,1493,75,21023
2020-08-17,Sullivan,0,1493,125,21148
2020-08-18,Sullivan,1,1494,187,21335
2020-08-19,Sullivan,1,1495,179,21514
2020-08-20,Sullivan,0,1495,169,21683
2020-08-21,Sullivan,0,1495,146,21829
2020-08-22,Sullivan,0,1495,82,21911
2020-08-23,Sullivan,0,1495,89,22000
2020-08-24,Sullivan,4,1499,142,22142
2020-08-25,Sullivan,0,1499,164,22306
2020-08-26,Sullivan,7,1506,192,22498
2020-08-27,Sullivan,9,1515,399,22897
2020-08-28,Sullivan,1,1516,138,23035
2020-08-29,Sullivan,5,1521,276,23311
2020-08-30,Sullivan,8,1529,123,23434
2020-08-31,Sullivan,1,1530,146,23580
2020-09-01,Sullivan,4,1534,244,23824
2020-09-02,Sullivan,3,1537,224,24048
2020-09-03,Sullivan,3,1540,415,24463
2020-09-04,Sullivan,3,1543,199,24662
2020-09-05,Sullivan,0,1543,222,24884
2020-09-06,Sullivan,1,1544,77,24961
2020-09-07,Sullivan,0,1544,107,25068
2020-09-08,Sullivan,0,1544,137,25205
2020-09-09,Sullivan,4,1548,265,25470
2020-09-10,Sullivan,0,1548,455,25925
2020-09-11,Sullivan,1,1549,160,26085
2020-09-12,Sullivan,4,1553,160,26245
2020-09-13,Sullivan,4,1557,81,26326
2020-09-14,Sullivan,2,1559,254,26580
2020-09-15,Sullivan,2,1561,122,26702
2020-09-16,Sullivan,4,1565,277,26979
2020-09-17,Sullivan,3,1568,214,27193
2020-09-18,Sullivan,2,1570,199,27392
2020-09-19,Sullivan,1,1571,111,27503
2020-09-20,Sullivan,2,1573,98,27601
2020-09-21,Sullivan,0,1573,218,27819
2020-09-22,Sullivan,3,1576,179,27998
2020-09-23,Sullivan,4,1580,356,28354
2020-09-24,Sullivan,1,1581,199,28553
2020-09-25,Sullivan,2,1583,263,28816
2020-09-26,Sullivan,8,1591,186,29002
2020-09-27,Sullivan,3,1594,170,29172
2020-09-28,Sullivan,6,1600,295,29467
2020-09-29,Sullivan,4,1604,306,29773
2020-09-30,Sullivan,3,1607,219,29992
2020-10-01,Sullivan,3,1610,216,30208
2020-10-02,Sullivan,4,1614,314,30522
2020-10-03,Sullivan,1,1615,171,30693
2020-10-04,Sullivan,1,1616,145,30838
2020-10-05,Sullivan,7,1623,238,31076
2020-10-06,Sullivan,6,1629,332,31408
2020-10-07,Sullivan,4,1633,322,31730
2020-10-08,Sullivan,10,1643,411,32141
2020-10-09,Sullivan,2,1645,344,32485
2020-10-10,Sullivan,4,1649,235,32720
2020-10-11,Sullivan,1,1650,123,32843
2020-10-12,Sullivan,5,1655,326,33169
2020-10-13,Sullivan,4,1659,301,33470
2020-10-14,Sullivan,4,1663,253,33723
2020-10-15,Sullivan,5,1668,418,34141
2020-10-16,Sullivan,6,1674,365,34506
2020-10-17,Sullivan,1,1675,117,34623
2020-10-18,Sullivan,5,1680,110,34733
2020-10-19,Sullivan,2,1682,307,35040
2020-10-20,Sullivan,12,1694,244,35284
2020-10-21,Sullivan,15,1709,322,35606
2020-10-22,Sullivan,5,1714,261,35867
2020-10-23,Sullivan,11,1725,318,36185
2020-10-24,Sullivan,18,1743,320,36505
2020-10-25,Sullivan,7,1750,103,36608
2020-10-26,Sullivan,15,1765,290,36898
2020-10-27,Sullivan,14,1779,278,37176
2020-10-28,Sullivan,7,1786,581,37757
2020-10-29,Sullivan,14,1800,397,38154
2020-10-30,Sullivan,14,1814,357,38511
2020-10-31,Sullivan,4,1818,186,38697
2020-11-01,Sullivan,7,1825,191,38888
2020-11-02,Sullivan,12,1837,386,39274
2020-11-03,Sullivan,15,1852,312,39586
2020-11-04,Sullivan,10,1862,352,39938
2020-11-05,Sullivan,20,1882,688,40626
2020-11-06,Sullivan,9,1891,315,40941
2020-11-07,Sullivan,3,1894,177,41118
2020-11-08,Sullivan,6,1900,249,41367
2020-11-09,Sullivan,20,1920,435,41802
2020-11-10,Sullivan,12,1932,403,42205
2020-11-11,Sullivan,8,1940,541,42746
2020-11-12,Sullivan,16,1956,457,43203
2020-11-13,Sullivan,13,1969,449,43652
2020-11-14,Sullivan,10,1979,267,43919
2020-11-15,Sullivan,2,1981,160,44079
2020-11-16,Sullivan,12,1993,391,44470
2020-11-17,Sullivan,15,2008,397,44867
2020-11-18,Sullivan,23,2031,394,45261
2020-11-19,Sullivan,13,2044,365,45626
2020-11-20,Sullivan,21,2065,418,46044
2020-11-21,Sullivan,13,2078,490,46534
2020-11-22,Sullivan,15,2093,452,46986
2020-11-23,Sullivan,15,2108,350,47336
2020-11-24,Sullivan,15,2123,413,47749
2020-11-25,Sullivan,14,2137,339,48088
2020-11-26,Sullivan,19,2156,518,48606
2020-11-27,Sullivan,10,2166,326,48932
2020-11-28,Sullivan,25,2191,442,49374
2020-11-29,Sullivan,11,2202,307,49681
2020-11-30,Sullivan,8,2210,337,50018
2020-12-01,Sullivan,10,2220,320,50338
2020-12-02,Sullivan,18,2238,514,50852
2020-12-03,Sullivan,23,2261,429,51281
2020-12-04,Sullivan,27,2288,602,51883
2020-12-05,Sullivan,14,2302,339,52222
2020-12-06,Sullivan,13,2315,350,52572
2020-12-07,Sullivan,11,2326,312,52884
2020-12-08,Sullivan,21,2347,344,53228
2020-12-09,Sullivan,29,2376,410,53638
2020-12-10,Sullivan,31,2407,487,54125
2020-12-11,Sullivan,28,2435,563,54688
2020-12-12,Sullivan,20,2455,414,55102
2020-12-13,Sullivan,14,2469,215,55317
2020-12-14,Sullivan,14,2483,165,55482
2020-12-15,Sullivan,27,2510,539,56021
2020-12-16,Sullivan,41,2551,580,56601
2020-12-17,Sullivan,50,2601,538,57139
2020-12-18,Sullivan,38,2639,436,57575
2020-12-19,Sullivan,58,2697,565,58140
2020-12-20,Sullivan,17,2714,186,58326
2020-12-21,Sullivan,27,2741,220,58546
2020-12-22,Sullivan,56,2797,455,59001
2020-12-23,Sullivan,52,2849,630,59631
2020-12-24,Sullivan,34,2883,584,60215
2020-12-25,Sullivan,28,2911,477,60692
2020-12-26,Sullivan,21,2932,282,60974
2020-12-27,Sullivan,48,2980,308,61282
2020-12-28,Sullivan,34,3014,212,61494
2020-12-29,Sullivan,59,3073,593,62087
2020-12-30,Sullivan,33,3106,583,62670
2020-12-31,Sullivan,63,3169,576,63246
2021-01-01,Sullivan,49,3218,519,63765
2021-01-02,Sullivan,9,3227,226,63991
2021-01-03,Sullivan,22,3249,306,64297
2021-01-04,Sullivan,27,3276,334,64631
2021-01-05,Sullivan,52,3328,478,65109
2021-01-06,Sullivan,42,3370,574,65683
2021-01-07,Sullivan,48,3418,680,66363
2021-01-08,Sullivan,36,3454,478,66841
2021-01-09,Sullivan,34,3488,444,67285
2021-01-10,Sullivan,31,3519,389,67674
2021-01-11,Sullivan,51,3570,468,68142
2021-01-12,Sullivan,44,3614,440,68582
2021-01-13,Sullivan,40,3654,526,69108
2021-01-14,Sullivan,59,3713,808,69916
2021-01-15,Sullivan,38,3751,862,70778
2021-01-16,Sullivan,14,3765,586,71364
2021-01-17,Sullivan,33,3798,342,71706
2021-01-18,Sullivan,43,3841,510,72216
2021-01-19,Sullivan,46,3887,394,72610
2021-01-20,Sullivan,36,3923,646,73256
2021-01-21,Sullivan,31,3954,628,73884
2021-01-22,Sullivan,40,3994,689,74573
2021-01-23,Sullivan,21,4015,516,75089
2021-01-24,Sullivan,23,4038,460,75549
2021-01-25,Sullivan,30,4068,379,75928
2021-01-26,Sullivan,26,4094,339,76267
2021-01-27,Sullivan,28,4122,604,76871
2021-01-28,Sullivan,32,4154,673,77544
2021-01-29,Sullivan,41,4195,918,78462
2021-01-30,Sullivan,10,4205,368,78830
2021-01-31,Sullivan,16,4221,367,79197
2021-02-01,Sullivan,29,4250,287,79484
2021-02-02,Sullivan,8,4258,128,79612
2021-02-03,Sullivan,20,4278,296,79908
2021-02-04,Sullivan,35,4313,711,80619
2021-02-05,Sullivan,33,4346,544,81163
2021-02-06,Sullivan,29,4375,492,81655
2021-02-07,Sullivan,14,4389,490,82145
2021-02-08,Sullivan,12,4401,279,82424
2021-02-09,Sullivan,23,4424,370,82794
2021-02-10,Sullivan,20,4444,639,83433
2021-02-11,Sullivan,12,4456,607,84040
2021-02-12,Sullivan,12,4468,448,84488
2021-02-13,Sullivan,14,4482,545,85033
2021-02-14,Sullivan,15,4497,281,85314
2021-02-15,Sullivan,9,4506,224,85538
2021-02-16,Sullivan,27,4533,298,85836
2021-02-17,Sullivan,20,4553,527,86363
2021-02-18,Sullivan,23,4576,423,86786
2021-02-19,Sullivan,18,4594,548,87334
2021-02-20,Sullivan,22,4616,433,87767
2021-02-21,Sullivan,13,4629,259,88026
2021-02-22,Sullivan,17,4646,217,88243
2021-02-23,Sullivan,16,4662,371,88614
2021-02-24,Sullivan,27,4689,640,89254
2021-02-25,Sullivan,26,4715,508,89762
2021-02-26,Sullivan,15,4730,471,90233
2021-02-27,Sullivan,11,4741,520,90753
2021-02-28,Sullivan,14,4755,360,91113
2021-03-01,Sullivan,16,4771,272,91385
2021-03-02,Sullivan,25,4796,356,91741
2021-03-03,Sullivan,26,4822,608,92349
2021-03-04,Sullivan,23,4845,473,92822
2021-03-05,Sullivan,18,4863,612,93434
2021-03-06,Sullivan,28,4891,620,94054
2021-03-07,Sullivan,8,4899,331,94385
2021-03-08,Sullivan,14,4913,317,94702
2021-03-09,Sullivan,16,4929,365,95067
2021-03-10,Sullivan,9,4938,524,95591
2021-03-11,Sullivan,27,4965,660,96251
2021-03-12,Sullivan,30,4995,520,96771
2021-03-13,Sullivan,22,5017,430,97201
2021-03-14,Sullivan,16,5033,235,97436
2021-03-15,Sullivan,22,5055,347,97783
2021-03-16,Sullivan,37,5092,423,98206
2021-03-17,Sullivan,22,5114,694,98900
2021-03-18,Sullivan,39,5153,560,99460
2021-03-19,Sullivan,33,5186,568,100028
2021-03-20,Sullivan,30,5216,543,100571
2021-03-21,Sullivan,15,5231,303,100874
2021-03-22,Sullivan,37,5268,409,101283
2021-03-23,Sullivan,36,5304,417,101700
2021-03-24,Sullivan,32,5336,538,102238
2021-03-25,Sullivan,34,5370,683,102921
2021-03-26,Sullivan,23,5393,616,103537
2021-03-27,Sullivan,28,5421,560,104097
2021-03-28,Sullivan,28,5449,451,104548
2021-03-29,Sullivan,33,5482,417,104965
2021-03-30,Sullivan,53,5535,415,105380
2021-03-31,Sullivan,41,5576,668,106048
2021-04-01,Sullivan,46,5622,619,106667
2021-04-02,Sullivan,42,5664,680,107347
2021-04-03,Sullivan,27,5691,516,107863
2021-04-04,Sullivan,19,5710,335,108198
2021-04-05,Sullivan,23,5733,284,108482
2021-04-06,Sullivan,49,5782,529,109011
2021-04-07,Sullivan,37,5819,587,109598
2021-04-08,Sullivan,45,5864,869,110467
2021-04-09,Sullivan,45,5909,628,111095
2021-04-10,Sullivan,25,5934,536,111631
2021-04-11,Sullivan,24,5958,344,111975
2021-04-12,Sullivan,31,5989,326,112301
2021-04-13,Sullivan,43,6032,501,112802
2021-04-14,Sullivan,29,6061,808,113610
2021-04-15,Sullivan,41,6102,606,114216
2021-04-16,Sullivan,24,6126,724,114940
2021-04-17,Sullivan,27,6153,594,115534
2021-04-18,Sullivan,14,6167,305,115839
2021-04-19,Sullivan,25,6192,284,116123
2021-04-20,Sullivan,18,6210,444,116567
2021-04-21,Sullivan,25,6235,513,117080
2021-04-22,Sullivan,29,6264,633,117713
2021-04-23,Sullivan,31,6295,574,118287
2021-04-24,Sullivan,25,6320,539,118826
2021-04-25,Sullivan,12,6332,463,119289
2021-04-26,Sullivan,15,6347,213,119502
2021-04-27,Sullivan,19,6366,371,119873
2021-04-28,Sullivan,8,6374,669,120542
2021-04-29,Sullivan,12,6386,640,121182
2021-04-30,Sullivan,14,6400,570,121752
2021-05-01,Sullivan,15,6415,496,122248
2021-05-02,Sullivan,4,6419,224,122472
2021-05-03,Sullivan,6,6425,187,122659
2021-05-04,Sullivan,13,6438,348,123007
2021-05-05,Sullivan,18,6456,517,123524
2021-05-06,Sullivan,16,6472,543,124067
2021-05-07,Sullivan,16,6488,584,124651
2021-05-08,Sullivan,15,6503,407,125058
2021-05-09,Sullivan,5,6508,276,125334
2021-05-10,Sullivan,9,6517,250,125584
2021-05-11,Sullivan,8,6525,337,125921
2021-05-12,Sullivan,8,6533,425,126346
2021-05-13,Sullivan,4,6537,583,126929
2021-05-14,Sullivan,12,6549,503,127432
2021-05-15,Sullivan,3,6552,388,127820
2021-05-16,Sullivan,6,6558,227,128047
2021-05-17,Sullivan,2,6560,175,128222
2021-05-18,Sullivan,4,6564,271,128493
2021-05-19,Sullivan,10,6574,462,128955
2021-05-20,Sullivan,2,6576,487,129442
2021-05-21,Sullivan,16,6592,415,129857
2021-05-22,Sullivan,8,6600,359,130216
2021-05-23,Sullivan,1,6601,210,130426
2021-05-24,Sullivan,5,6606,220,130646
2021-05-25,Sullivan,4,6610,249,130895
2021-05-26,Sullivan,6,6616,448,131343
2021-05-27,Sullivan,11,6627,480,131823
2021-05-28,Sullivan,7,6634,383,132206
2021-05-29,Sullivan,2,6636,345,132551
2021-05-30,Sullivan,1,6637,272,132823
2021-05-31,Sullivan,0,6637,127,132950
2021-06-01,Sullivan,1,6638,139,133089
2021-06-02,Sullivan,3,6641,321,133410
2021-06-03,Sullivan,7,6648,457,133867
2021-06-04,Sullivan,6,6654,451,134318
2021-06-05,Sullivan,3,6657,235,134553
2021-06-06,Sullivan,4,6661,162,134715
2021-06-07,Sullivan,0,6661,190,134905
2021-06-08,Sullivan,5,6666,327,135232
2021-06-09,Sullivan,2,6668,312,135544
2021-06-10,Sullivan,2,6670,401,135945
2021-06-11,Sullivan,0,6670,401,136346
2021-06-12,Sullivan,2,6672,299,136645
2021-06-13,Sullivan,0,6672,128,136773
2021-06-14,Sullivan,1,6673,152,136925
2021-06-15,Sullivan,1,6674,271,137196
2021-06-16,Sullivan,0,6674,310,137506
2021-06-17,Sullivan,2,6676,401,137907
2021-06-18,Sullivan,3,6679,295,138202
2021-06-19,Sullivan,2,6681,212,138414
2021-06-20,Sullivan,2,6683,128,138542
2021-06-21,Sullivan,1,6684,349,138891
2021-06-22,Sullivan,2,6686,263,139154
2021-06-23,Sullivan,0,6686,293,139447
2021-06-24,Sullivan,0,6686,346,139793
2021-06-25,Sullivan,3,6689,255,140048
2021-06-26,Sullivan,2,6691,224,140272
2021-06-27,Sullivan,0,6691,390,140662
2021-06-28,Sullivan,0,6691,515,141177
2021-06-29,Sullivan,1,6692,251,141428
2021-06-30,Sullivan,1,6693,313,141741
2021-07-01,Sullivan,0,6693,657,142398
2021-07-02,Sullivan,3,6696,388,142786
2021-07-03,Sullivan,3,6699,166,142952
2021-07-04,Sullivan,0,6699,222,143174
2021-07-05,Sullivan,0,6699,80,143254
2021-07-06,Sullivan,2,6701,153,143407
2021-07-07,Sullivan,1,6702,264,143671
2021-07-08,Sullivan,1,6703,313,143984
2021-07-09,Sullivan,1,6704,206,144190
2021-07-10,Sullivan,5,6709,141,144331
2021-07-11,Sullivan,1,6710,147,144478
2021-07-12,Sullivan,1,6711,140,144618
2021-07-13,Sullivan,1,6712,194,144812
2021-07-14,Sullivan,0,6712,156,144968
2021-07-15,Sullivan,1,6713,183,145151
2021-07-16,Sullivan,2,6715,229,145380
2021-07-17,Sullivan,2,6717,194,145574
2021-07-18,Sullivan,1,6718,269,145843
2020-03-01,Tioga,0,0,0,0
2020-03-02,Tioga,0,0,0,0
2020-03-03,Tioga,0,0,0,0
2020-03-04,Tioga,0,0,0,0
2020-03-05,Tioga,0,0,0,0
2020-03-06,Tioga,0,0,0,0
2020-03-07,Tioga,0,0,0,0
2020-03-08,Tioga,0,0,0,0
2020-03-09,Tioga,0,0,0,0
2020-03-10,Tioga,0,0,0,0
2020-03-11,Tioga,0,0,1,1
2020-03-12,Tioga,0,0,0,1
2020-03-13,Tioga,1,1,1,2
2020-03-14,Tioga,0,1,0,2
2020-03-15,Tioga,0,1,1,3
2020-03-16,Tioga,0,1,3,6
2020-03-17,Tioga,0,1,5,11
2020-03-18,Tioga,0,1,0,11
2020-03-19,Tioga,0,1,0,11
2020-03-20,Tioga,0,1,5,16
2020-03-21,Tioga,0,1,4,20
2020-03-22,Tioga,0,1,4,24
2020-03-23,Tioga,0,1,3,27
2020-03-24,Tioga,0,1,1,28
2020-03-25,Tioga,1,2,12,40
2020-03-26,Tioga,0,2,10,50
2020-03-27,Tioga,2,4,18,68
2020-03-28,Tioga,0,4,21,89
2020-03-29,Tioga,0,4,15,104
2020-03-30,Tioga,3,7,21,125
2020-03-31,Tioga,0,7,15,140
2020-04-01,Tioga,0,7,14,154
2020-04-02,Tioga,0,7,18,172
2020-04-03,Tioga,0,7,9,181
2020-04-04,Tioga,0,7,8,189
2020-04-05,Tioga,1,8,10,199
2020-04-06,Tioga,0,8,10,209
2020-04-07,Tioga,4,12,29,238
2020-04-08,Tioga,5,17,32,270
2020-04-09,Tioga,1,18,16,286
2020-04-10,Tioga,1,19,10,296
2020-04-11,Tioga,0,19,8,304
2020-04-12,Tioga,1,20,3,307
2020-04-13,Tioga,4,24,52,359
2020-04-14,Tioga,1,25,14,373
2020-04-15,Tioga,2,27,16,389
2020-04-16,Tioga,3,30,13,402
2020-04-17,Tioga,2,32,16,418
2020-04-18,Tioga,3,35,10,428
2020-04-19,Tioga,2,37,6,434
2020-04-20,Tioga,0,37,5,439
2020-04-21,Tioga,2,39,10,449
2020-04-22,Tioga,1,40,13,462
2020-04-23,Tioga,0,40,10,472
2020-04-24,Tioga,31,71,173,645
2020-04-25,Tioga,0,71,8,653
2020-04-26,Tioga,0,71,8,661
2020-04-27,Tioga,11,82,86,747
2020-04-28,Tioga,2,84,68,815
2020-04-29,Tioga,4,88,69,884
2020-04-30,Tioga,2,90,19,903
2020-05-01,Tioga,0,90,20,923
2020-05-02,Tioga,0,90,25,948
2020-05-03,Tioga,0,90,50,998
2020-05-04,Tioga,2,92,67,1065
2020-05-05,Tioga,4,96,76,1141
2020-05-06,Tioga,1,97,40,1181
2020-05-07,Tioga,2,99,40,1221
2020-05-08,Tioga,5,104,83,1304
2020-05-09,Tioga,1,105,31,1335
2020-05-10,Tioga,2,107,40,1375
2020-05-11,Tioga,0,107,35,1410
2020-05-12,Tioga,1,108,92,1502
2020-05-13,Tioga,0,108,59,1561
2020-05-14,Tioga,2,110,42,1603
2020-05-15,Tioga,2,112,57,1660
2020-05-16,Tioga,1,113,59,1719
2020-05-17,Tioga,0,113,82,1801
2020-05-18,Tioga,0,113,113,1914
2020-05-19,Tioga,1,114,106,2020
2020-05-20,Tioga,3,117,89,2109
2020-05-21,Tioga,1,118,105,2214
2020-05-22,Tioga,3,121,96,2310
2020-05-23,Tioga,1,122,79,2389
2020-05-24,Tioga,0,122,54,2443
2020-05-25,Tioga,0,122,45,2488
2020-05-26,Tioga,2,124,195,2683
2020-05-27,Tioga,2,126,132,2815
2020-05-28,Tioga,0,126,110,2925
2020-05-29,Tioga,2,128,141,3066
2020-05-30,Tioga,2,130,107,3173
2020-05-31,Tioga,0,130,44,3217
2020-06-01,Tioga,1,131,143,3360
2020-06-02,Tioga,2,133,123,3483
2020-06-03,Tioga,0,133,101,3584
2020-06-04,Tioga,1,134,140,3724
2020-06-05,Tioga,0,134,302,4026
2020-06-06,Tioga,0,134,146,4172
2020-06-07,Tioga,0,134,79,4251
2020-06-08,Tioga,0,134,166,4417
2020-06-09,Tioga,1,135,247,4664
2020-06-10,Tioga,0,135,159,4823
2020-06-11,Tioga,2,137,106,4929
2020-06-12,Tioga,0,137,162,5091
2020-06-13,Tioga,2,139,71,5162
2020-06-14,Tioga,0,139,71,5233
2020-06-15,Tioga,1,140,174,5407
2020-06-16,Tioga,0,140,70,5477
2020-06-17,Tioga,0,140,175,5652
2020-06-18,Tioga,0,140,123,5775
2020-06-19,Tioga,0,140,77,5852
2020-06-20,Tioga,0,140,60,5912
2020-06-21,Tioga,0,140,70,5982
2020-06-22,Tioga,1,141,186,6168
2020-06-23,Tioga,0,141,128,6296
2020-06-24,Tioga,0,141,151,6447
2020-06-25,Tioga,0,141,68,6515
2020-06-26,Tioga,1,142,131,6646
2020-06-27,Tioga,0,142,77,6723
2020-06-28,Tioga,0,142,51,6774
2020-06-29,Tioga,1,143,175,6949
2020-06-30,Tioga,0,143,107,7056
2020-07-01,Tioga,0,143,130,7186
2020-07-02,Tioga,0,143,108,7294
2020-07-03,Tioga,2,145,101,7395
2020-07-04,Tioga,1,146,101,7496
2020-07-05,Tioga,2,148,126,7622
2020-07-06,Tioga,2,150,105,7727
2020-07-07,Tioga,0,150,61,7788
2020-07-08,Tioga,1,151,110,7898
2020-07-09,Tioga,8,159,160,8058
2020-07-10,Tioga,1,160,126,8184
2020-07-11,Tioga,1,161,151,8335
2020-07-12,Tioga,0,161,83,8418
2020-07-13,Tioga,0,161,121,8539
2020-07-14,Tioga,2,163,208,8747
2020-07-15,Tioga,0,163,165,8912
2020-07-16,Tioga,5,168,101,9013
2020-07-17,Tioga,1,169,141,9154
2020-07-18,Tioga,1,170,104,9258
2020-07-19,Tioga,3,173,131,9389
2020-07-20,Tioga,1,174,110,9499
2020-07-21,Tioga,1,175,128,9627
2020-07-22,Tioga,0,175,129,9756
2020-07-23,Tioga,1,176,187,9943
2020-07-24,Tioga,2,178,131,10074
2020-07-25,Tioga,1,179,89,10163
2020-07-26,Tioga,1,180,145,10308
2020-07-27,Tioga,0,180,85,10393
2020-07-28,Tioga,3,183,129,10522
2020-07-29,Tioga,1,184,118,10640
2020-07-30,Tioga,3,187,150,10790
2020-07-31,Tioga,1,188,133,10923
2020-08-01,Tioga,1,189,70,10993
2020-08-02,Tioga,1,190,75,11068
2020-08-03,Tioga,1,191,171,11239
2020-08-04,Tioga,2,193,230,11469
2020-08-05,Tioga,0,193,100,11569
2020-08-06,Tioga,0,193,135,11704
2020-08-07,Tioga,0,193,153,11857
2020-08-08,Tioga,0,193,120,11977
2020-08-09,Tioga,0,193,103,12080
2020-08-10,Tioga,1,194,197,12277
2020-08-11,Tioga,0,194,124,12401
2020-08-12,Tioga,0,194,160,12561
2020-08-13,Tioga,1,195,204,12765
2020-08-14,Tioga,0,195,134,12899
2020-08-15,Tioga,0,195,95,12994
2020-08-16,Tioga,1,196,102,13096
2020-08-17,Tioga,2,198,130,13226
2020-08-18,Tioga,1,199,98,13324
2020-08-19,Tioga,4,203,165,13489
2020-08-20,Tioga,0,203,220,13709
2020-08-21,Tioga,1,204,205,13914
2020-08-22,Tioga,2,206,103,14017
2020-08-23,Tioga,0,206,99,14116
2020-08-24,Tioga,0,206,93,14209
2020-08-25,Tioga,0,206,110,14319
2020-08-26,Tioga,0,206,137,14456
2020-08-27,Tioga,1,207,199,14655
2020-08-28,Tioga,1,208,174,14829
2020-08-29,Tioga,0,208,117,14946
2020-08-30,Tioga,1,209,103,15049
2020-08-31,Tioga,0,209,68,15117
2020-09-01,Tioga,0,209,74,15191
2020-09-02,Tioga,1,210,96,15287
2020-09-03,Tioga,1,211,118,15405
2020-09-04,Tioga,0,211,232,15637
2020-09-05,Tioga,1,212,186,15823
2020-09-06,Tioga,2,214,79,15902
2020-09-07,Tioga,2,216,133,16035
2020-09-08,Tioga,1,217,81,16116
2020-09-09,Tioga,1,218,118,16234
2020-09-10,Tioga,0,218,198,16432
2020-09-11,Tioga,1,219,267,16699
2020-09-12,Tioga,0,219,115,16814
2020-09-13,Tioga,2,221,118,16932
2020-09-14,Tioga,0,221,198,17130
2020-09-15,Tioga,0,221,190,17320
2020-09-16,Tioga,0,221,249,17569
2020-09-17,Tioga,1,222,249,17818
2020-09-18,Tioga,0,222,287,18105
2020-09-19,Tioga,2,224,144,18249
2020-09-20,Tioga,0,224,65,18314
2020-09-21,Tioga,1,225,181,18495
2020-09-22,Tioga,0,225,223,18718
2020-09-23,Tioga,4,229,218,18936
2020-09-24,Tioga,0,229,346,19282
2020-09-25,Tioga,5,234,271,19553
2020-09-26,Tioga,1,235,142,19695
2020-09-27,Tioga,2,237,101,19796
2020-09-28,Tioga,5,242,172,19968
2020-09-29,Tioga,7,249,283,20251
2020-09-30,Tioga,7,256,309,20560
2020-10-01,Tioga,5,261,359,20919
2020-10-02,Tioga,3,264,342,21261
2020-10-03,Tioga,10,274,462,21723
2020-10-04,Tioga,4,278,211,21934
2020-10-05,Tioga,6,284,105,22039
2020-10-06,Tioga,7,291,446,22485
2020-10-07,Tioga,13,304,441,22926
2020-10-08,Tioga,15,319,439,23365
2020-10-09,Tioga,14,333,422,23787
2020-10-10,Tioga,12,345,364,24151
2020-10-11,Tioga,7,352,204,24355
2020-10-12,Tioga,6,358,285,24640
2020-10-13,Tioga,13,371,300,24940
2020-10-14,Tioga,19,390,442,25382
2020-10-15,Tioga,23,413,579,25961
2020-10-16,Tioga,11,424,295,26256
2020-10-17,Tioga,11,435,370,26626
2020-10-18,Tioga,13,448,220,26846
2020-10-19,Tioga,11,459,201,27047
2020-10-20,Tioga,19,478,297,27344
2020-10-21,Tioga,24,502,566,27910
2020-10-22,Tioga,10,512,363,28273
2020-10-23,Tioga,37,549,664,28937
2020-10-24,Tioga,23,572,507,29444
2020-10-25,Tioga,17,589,205,29649
2020-10-26,Tioga,21,610,374,30023
2020-10-27,Tioga,19,629,348,30371
2020-10-28,Tioga,24,653,349,30720
2020-10-29,Tioga,19,672,446,31166
2020-10-30,Tioga,17,689,528,31694
2020-10-31,Tioga,10,699,330,32024
2020-11-01,Tioga,18,717,221,32245
2020-11-02,Tioga,15,732,264,32509
2020-11-03,Tioga,18,750,275,32784
2020-11-04,Tioga,25,775,419,33203
2020-11-05,Tioga,17,792,346,33549
2020-11-06,Tioga,31,823,521,34070
2020-11-07,Tioga,13,836,379,34449
2020-11-08,Tioga,10,846,153,34602
2020-11-09,Tioga,18,864,245,34847
2020-11-10,Tioga,22,886,300,35147
2020-11-11,Tioga,27,913,341,35488
2020-11-12,Tioga,17,930,457,35945
2020-11-13,Tioga,10,940,337,36282
2020-11-14,Tioga,11,951,253,36535
2020-11-15,Tioga,6,957,272,36807
2020-11-16,Tioga,16,973,204,37011
2020-11-17,Tioga,11,984,249,37260
2020-11-18,Tioga,12,996,352,37612
2020-11-19,Tioga,2,998,230,37842
2020-11-20,Tioga,15,1013,567,38409
2020-11-21,Tioga,11,1024,249,38658
2020-11-22,Tioga,19,1043,467,39125
2020-11-23,Tioga,12,1055,618,39743
2020-11-24,Tioga,11,1066,291,40034
2020-11-25,Tioga,14,1080,432,40466
2020-11-26,Tioga,15,1095,409,40875
2020-11-27,Tioga,9,1104,266,41141
2020-11-28,Tioga,28,1132,491,41632
2020-11-29,Tioga,17,1149,252,41884
2020-11-30,Tioga,4,1153,213,42097
2020-12-01,Tioga,18,1171,405,42502
2020-12-02,Tioga,22,1193,528,43030
2020-12-03,Tioga,15,1208,437,43467
2020-12-04,Tioga,20,1228,692,44159
2020-12-05,Tioga,23,1251,478,44637
2020-12-06,Tioga,9,1260,199,44836
2020-12-07,Tioga,20,1280,195,45031
2020-12-08,Tioga,15,1295,304,45335
2020-12-09,Tioga,17,1312,414,45749
2020-12-10,Tioga,17,1329,685,46434
2020-12-11,Tioga,16,1345,348,46782
2020-12-12,Tioga,22,1367,437,47219
2020-12-13,Tioga,12,1379,333,47552
2020-12-14,Tioga,10,1389,187,47739
2020-12-15,Tioga,18,1407,282,48021
2020-12-16,Tioga,14,1421,468,48489
2020-12-17,Tioga,18,1439,376,48865
2020-12-18,Tioga,12,1451,241,49106
2020-12-19,Tioga,20,1471,323,49429
2020-12-20,Tioga,9,1480,163,49592
2020-12-21,Tioga,6,1486,241,49833
2020-12-22,Tioga,32,1518,313,50146
2020-12-23,Tioga,25,1543,460,50606
2020-12-24,Tioga,32,1575,439,51045
2020-12-25,Tioga,21,1596,279,51324
2020-12-26,Tioga,5,1601,219,51543
2020-12-27,Tioga,15,1616,161,51704
2020-12-28,Tioga,14,1630,197,51901
2020-12-29,Tioga,25,1655,208,52109
2020-12-30,Tioga,24,1679,373,52482
2020-12-31,Tioga,32,1711,348,52830
2021-01-01,Tioga,29,1740,321,53151
2021-01-02,Tioga,31,1771,199,53350
2021-01-03,Tioga,21,1792,179,53529
2021-01-04,Tioga,20,1812,216,53745
2021-01-05,Tioga,44,1856,518,54263
2021-01-06,Tioga,45,1901,515,54778
2021-01-07,Tioga,39,1940,453,55231
2021-01-08,Tioga,31,1971,381,55612
2021-01-09,Tioga,28,1999,543,56155
2021-01-10,Tioga,22,2021,191,56346
2021-01-11,Tioga,23,2044,318,56664
2021-01-12,Tioga,38,2082,373,57037
2021-01-13,Tioga,20,2102,532,57569
2021-01-14,Tioga,22,2124,550,58119
2021-01-15,Tioga,21,2145,472,58591
2021-01-16,Tioga,22,2167,424,59015
2021-01-17,Tioga,24,2191,198,59213
2021-01-18,Tioga,15,2206,225,59438
2021-01-19,Tioga,22,2228,488,59926
2021-01-20,Tioga,40,2268,692,60618
2021-01-21,Tioga,26,2294,553,61171
2021-01-22,Tioga,19,2313,526,61697
2021-01-23,Tioga,33,2346,568,62265
2021-01-24,Tioga,18,2364,253,62518
2021-01-25,Tioga,16,2380,164,62682
2021-01-26,Tioga,24,2404,536,63218
2021-01-27,Tioga,27,2431,624,63842
2021-01-28,Tioga,10,2441,473,64315
2021-01-29,Tioga,15,2456,459,64774
2021-01-30,Tioga,17,2473,497,65271
2021-01-31,Tioga,7,2480,215,65486
2021-02-01,Tioga,8,2488,100,65586
2021-02-02,Tioga,21,2509,426,66012
2021-02-03,Tioga,16,2525,429,66441
2021-02-04,Tioga,20,2545,333,66774
2021-02-05,Tioga,21,2566,488,67262
2021-02-06,Tioga,18,2584,489,67751
2021-02-07,Tioga,15,2599,221,67972
2021-02-08,Tioga,8,2607,156,68128
2021-02-09,Tioga,15,2622,436,68564
2021-02-10,Tioga,9,2631,657,69221
2021-02-11,Tioga,9,2640,295,69516
2021-02-12,Tioga,16,2656,540,70056
2021-02-13,Tioga,17,2673,328,70384
2021-02-14,Tioga,8,2681,147,70531
2021-02-15,Tioga,6,2687,178,70709
2021-02-16,Tioga,8,2695,339,71048
2021-02-17,Tioga,10,2705,541,71589
2021-02-18,Tioga,20,2725,384,71973
2021-02-19,Tioga,15,2740,466,72439
2021-02-20,Tioga,12,2752,405,72844
2021-02-21,Tioga,8,2760,151,72995
2021-02-22,Tioga,6,2766,164,73159
2021-02-23,Tioga,5,2771,360,73519
2021-02-24,Tioga,8,2779,538,74057
2021-02-25,Tioga,9,2788,333,74390
2021-02-26,Tioga,11,2799,424,74814
2021-02-27,Tioga,5,2804,462,75276
2021-02-28,Tioga,2,2806,120,75396
2021-03-01,Tioga,7,2813,126,75522
2021-03-02,Tioga,6,2819,417,75939
2021-03-03,Tioga,7,2826,464,76403
2021-03-04,Tioga,10,2836,386,76789
2021-03-05,Tioga,18,2854,481,77270
2021-03-06,Tioga,10,2864,361,77631
2021-03-07,Tioga,5,2869,135,77766
2021-03-08,Tioga,4,2873,168,77934
2021-03-09,Tioga,9,2882,452,78386
2021-03-10,Tioga,10,2892,513,78899
2021-03-11,Tioga,15,2907,364,79263
2021-03-12,Tioga,18,2925,502,79765
2021-03-13,Tioga,11,2936,414,80179
2021-03-14,Tioga,9,2945,127,80306
2021-03-15,Tioga,2,2947,161,80467
2021-03-16,Tioga,18,2965,545,81012
2021-03-17,Tioga,17,2982,424,81436
2021-03-18,Tioga,14,2996,388,81824
2021-03-19,Tioga,11,3007,559,82383
2021-03-20,Tioga,15,3022,492,82875
2021-03-21,Tioga,5,3027,147,83022
2021-03-22,Tioga,4,3031,132,83154
2021-03-23,Tioga,9,3040,510,83664
2021-03-24,Tioga,15,3055,560,84224
2021-03-25,Tioga,11,3066,379,84603
2021-03-26,Tioga,11,3077,719,85322
2021-03-27,Tioga,20,3097,510,85832
2021-03-28,Tioga,15,3112,227,86059
2021-03-29,Tioga,10,3122,163,86222
2021-03-30,Tioga,6,3128,470,86692
2021-03-31,Tioga,17,3145,537,87229
2021-04-01,Tioga,11,3156,404,87633
2021-04-02,Tioga,15,3171,644,88277
2021-04-03,Tioga,19,3190,372,88649
2021-04-04,Tioga,16,3206,186,88835
2021-04-05,Tioga,7,3213,148,88983
2021-04-06,Tioga,19,3232,449,89432
2021-04-07,Tioga,7,3239,443,89875
2021-04-08,Tioga,31,3270,511,90386
2021-04-09,Tioga,15,3285,508,90894
2021-04-10,Tioga,12,3297,476,91370
2021-04-11,Tioga,7,3304,123,91493
2021-04-12,Tioga,12,3316,160,91653
2021-04-13,Tioga,17,3333,837,92490
2021-04-14,Tioga,24,3357,529,93019
2021-04-15,Tioga,13,3370,465,93484
2021-04-16,Tioga,25,3395,609,94093
2021-04-17,Tioga,17,3412,525,94618
2021-04-18,Tioga,11,3423,187,94805
2021-04-19,Tioga,11,3434,120,94925
2021-04-20,Tioga,16,3450,653,95578
2021-04-21,Tioga,12,3462,565,96143
2021-04-22,Tioga,18,3480,445,96588
2021-04-23,Tioga,19,3499,629,97217
2021-04-24,Tioga,17,3516,409,97626
2021-04-25,Tioga,10,3526,182,97808
2021-04-26,Tioga,1,3527,163,97971
2021-04-27,Tioga,10,3537,675,98646
2021-04-28,Tioga,17,3554,553,99199
2021-04-29,Tioga,13,3567,408,99607
2021-04-30,Tioga,11,3578,690,100297
2021-05-01,Tioga,11,3589,361,100658
2021-05-02,Tioga,5,3594,179,100837
2021-05-03,Tioga,7,3601,114,100951
2021-05-04,Tioga,8,3609,474,101425
2021-05-05,Tioga,5,3614,645,102070
2021-05-06,Tioga,4,3618,267,102337
2021-05-07,Tioga,12,3630,684,103021
2021-05-08,Tioga,11,3641,422,103443
2021-05-09,Tioga,4,3645,124,103567
2021-05-10,Tioga,6,3651,178,103745
2021-05-11,Tioga,8,3659,592,104337
2021-05-12,Tioga,12,3671,367,104704
2021-05-13,Tioga,8,3679,407,105111
2021-05-14,Tioga,16,3695,631,105742
2021-05-15,Tioga,7,3702,389,106131
2021-05-16,Tioga,11,3713,173,106304
2021-05-17,Tioga,7,3720,126,106430
2021-05-18,Tioga,6,3726,625,107055
2021-05-19,Tioga,9,3735,356,107411
2021-05-20,Tioga,12,3747,314,107725
2021-05-21,Tioga,10,3757,439,108164
2021-05-22,Tioga,0,3757,252,108416
2021-05-23,Tioga,3,3760,99,108515
2021-05-24,Tioga,2,3762,140,108655
2021-05-25,Tioga,4,3766,388,109043
2021-05-26,Tioga,8,3774,296,109339
2021-05-27,Tioga,5,3779,289,109628
2021-05-28,Tioga,9,3788,397,110025
2021-05-29,Tioga,5,3793,222,110247
2021-05-30,Tioga,1,3794,90,110337
2021-05-31,Tioga,1,3795,82,110419
2021-06-01,Tioga,1,3796,133,110552
2021-06-02,Tioga,3,3799,417,110969
2021-06-03,Tioga,2,3801,262,111231
2021-06-04,Tioga,10,3811,381,111612
2021-06-05,Tioga,2,3813,223,111835
2021-06-06,Tioga,2,3815,68,111903
2021-06-07,Tioga,2,3817,124,112027
2021-06-08,Tioga,3,3820,416,112443
2021-06-09,Tioga,1,3821,218,112661
2021-06-10,Tioga,6,3827,238,112899
2021-06-11,Tioga,0,3827,381,113280
2021-06-12,Tioga,2,3829,177,113457
2021-06-13,Tioga,0,3829,61,113518
2021-06-14,Tioga,1,3830,115,113633
2021-06-15,Tioga,0,3830,268,113901
2021-06-16,Tioga,0,3830,257,114158
2021-06-17,Tioga,1,3831,186,114344
2021-06-18,Tioga,3,3834,254,114598
2021-06-19,Tioga,0,3834,114,114712
2021-06-20,Tioga,2,3836,56,114768
2021-06-21,Tioga,1,3837,125,114893
2021-06-22,Tioga,1,3838,188,115081
2021-06-23,Tioga,1,3839,216,115297
2021-06-24,Tioga,0,3839,144,115441
2021-06-25,Tioga,1,3840,186,115627
2021-06-26,Tioga,0,3840,150,115777
2021-06-27,Tioga,1,3841,66,115843
2021-06-28,Tioga,1,3842,98,115941
2021-06-29,Tioga,0,3842,202,116143
2021-06-30,Tioga,0,3842,165,116308
2021-07-01,Tioga,0,3842,108,116416
2021-07-02,Tioga,0,3842,139,116555
2021-07-03,Tioga,1,3843,111,116666
2021-07-04,Tioga,0,3843,63,116729
2021-07-05,Tioga,0,3843,49,116778
2021-07-06,Tioga,0,3843,80,116858
2021-07-07,Tioga,1,3844,229,117087
2021-07-08,Tioga,0,3844,134,117221
2021-07-09,Tioga,1,3845,125,117346
2021-07-10,Tioga,0,3845,74,117420
2021-07-11,Tioga,0,3845,50,117470
2021-07-12,Tioga,3,3848,69,117539
2021-07-13,Tioga,3,3851,188,117727
2021-07-14,Tioga,0,3851,143,117870
2021-07-15,Tioga,1,3852,105,117975
2021-07-16,Tioga,0,3852,87,118062
2021-07-17,Tioga,0,3852,103,118165
2021-07-18,Tioga,0,3852,43,118208
2020-03-01,Tompkins,0,0,0,0
2020-03-02,Tompkins,0,0,0,0
2020-03-03,Tompkins,0,0,0,0
2020-03-04,Tompkins,0,0,0,0
2020-03-05,Tompkins,0,0,0,0
2020-03-06,Tompkins,0,0,0,0
2020-03-07,Tompkins,0,0,0,0
2020-03-08,Tompkins,0,0,0,0
2020-03-09,Tompkins,0,0,1,1
2020-03-10,Tompkins,0,0,0,1
2020-03-11,Tompkins,0,0,2,3
2020-03-12,Tompkins,0,0,2,5
2020-03-13,Tompkins,1,1,5,10
2020-03-14,Tompkins,0,1,1,11
2020-03-15,Tompkins,0,1,4,15
2020-03-16,Tompkins,1,2,17,32
2020-03-17,Tompkins,1,3,11,43
2020-03-18,Tompkins,3,6,18,61
2020-03-19,Tompkins,1,7,7,68
2020-03-20,Tompkins,4,11,96,164
2020-03-21,Tompkins,2,13,76,240
2020-03-22,Tompkins,2,15,115,355
2020-03-23,Tompkins,1,16,111,466
2020-03-24,Tompkins,0,16,2,468
2020-03-25,Tompkins,6,22,89,557
2020-03-26,Tompkins,4,26,109,666
2020-03-27,Tompkins,19,45,182,848
2020-03-28,Tompkins,7,52,128,976
2020-03-29,Tompkins,14,66,157,1133
2020-03-30,Tompkins,0,66,18,1151
2020-03-31,Tompkins,2,68,15,1166
2020-04-01,Tompkins,6,74,126,1292
2020-04-02,Tompkins,10,84,160,1452
2020-04-03,Tompkins,1,85,81,1533
2020-04-04,Tompkins,3,88,52,1585
2020-04-05,Tompkins,6,94,94,1679
2020-04-06,Tompkins,3,97,23,1702
2020-04-07,Tompkins,2,99,85,1787
2020-04-08,Tompkins,6,105,299,2086
2020-04-09,Tompkins,0,105,24,2110
2020-04-10,Tompkins,3,108,135,2245
2020-04-11,Tompkins,1,109,77,2322
2020-04-12,Tompkins,1,110,31,2353
2020-04-13,Tompkins,2,112,104,2457
2020-04-14,Tompkins,3,115,44,2501
2020-04-15,Tompkins,1,116,73,2574
2020-04-16,Tompkins,1,117,36,2610
2020-04-17,Tompkins,0,117,44,2654
2020-04-18,Tompkins,0,117,41,2695
2020-04-19,Tompkins,2,119,47,2742
2020-04-20,Tompkins,0,119,4,2746
2020-04-21,Tompkins,0,119,12,2758
2020-04-22,Tompkins,0,119,95,2853
2020-04-23,Tompkins,2,121,108,2961
2020-04-24,Tompkins,5,126,308,3269
2020-04-25,Tompkins,0,126,44,3313
2020-04-26,Tompkins,0,126,47,3360
2020-04-27,Tompkins,0,126,13,3373
2020-04-28,Tompkins,1,127,119,3492
2020-04-29,Tompkins,1,128,19,3511
2020-04-30,Tompkins,0,128,61,3572
2020-05-01,Tompkins,0,128,118,3690
2020-05-02,Tompkins,1,129,27,3717
2020-05-03,Tompkins,0,129,126,3843
2020-05-04,Tompkins,0,129,52,3895
2020-05-05,Tompkins,0,129,104,3999
2020-05-06,Tompkins,1,130,188,4187
2020-05-07,Tompkins,1,131,187,4374
2020-05-08,Tompkins,1,132,619,4993
2020-05-09,Tompkins,0,132,95,5088
2020-05-10,Tompkins,0,132,86,5174
2020-05-11,Tompkins,0,132,91,5265
2020-05-12,Tompkins,4,136,175,5440
2020-05-13,Tompkins,0,136,103,5543
2020-05-14,Tompkins,0,136,112,5655
2020-05-15,Tompkins,2,138,331,5986
2020-05-16,Tompkins,1,139,421,6407
2020-05-17,Tompkins,2,141,412,6819
2020-05-18,Tompkins,1,142,446,7265
2020-05-19,Tompkins,3,145,219,7484
2020-05-20,Tompkins,0,145,199,7683
2020-05-21,Tompkins,2,147,291,7974
2020-05-22,Tompkins,2,149,410,8384
2020-05-23,Tompkins,2,151,246,8630
2020-05-24,Tompkins,3,154,267,8897
2020-05-25,Tompkins,0,154,48,8945
2020-05-26,Tompkins,1,155,264,9209
2020-05-27,Tompkins,1,156,110,9319
2020-05-28,Tompkins,1,157,425,9744
2020-05-29,Tompkins,4,161,264,10008
2020-05-30,Tompkins,3,164,389,10397
2020-05-31,Tompkins,0,164,149,10546
2020-06-01,Tompkins,0,164,168,10714
2020-06-02,Tompkins,1,165,203,10917
2020-06-03,Tompkins,0,165,206,11123
2020-06-04,Tompkins,2,167,171,11294
2020-06-05,Tompkins,4,171,1067,12361
2020-06-06,Tompkins,0,171,518,12879
2020-06-07,Tompkins,0,171,148,13027
2020-06-08,Tompkins,0,171,452,13479
2020-06-09,Tompkins,0,171,333,13812
2020-06-10,Tompkins,0,171,235,14047
2020-06-11,Tompkins,1,172,191,14238
2020-06-12,Tompkins,1,173,328,14566
2020-06-13,Tompkins,0,173,72,14638
2020-06-14,Tompkins,0,173,61,14699
2020-06-15,Tompkins,0,173,378,15077
2020-06-16,Tompkins,0,173,295,15372
2020-06-17,Tompkins,0,173,210,15582
2020-06-18,Tompkins,0,173,779,16361
2020-06-19,Tompkins,1,174,395,16756
2020-06-20,Tompkins,1,175,139,16895
2020-06-21,Tompkins,0,175,239,17134
2020-06-22,Tompkins,0,175,267,17401
2020-06-23,Tompkins,0,175,237,17638
2020-06-24,Tompkins,0,175,267,17905
2020-06-25,Tompkins,0,175,170,18075
2020-06-26,Tompkins,0,175,231,18306
2020-06-27,Tompkins,1,176,328,18634
2020-06-28,Tompkins,1,177,111,18745
2020-06-29,Tompkins,0,177,200,18945
2020-06-30,Tompkins,0,177,238,19183
2020-07-01,Tompkins,1,178,309,19492
2020-07-02,Tompkins,0,178,233,19725
2020-07-03,Tompkins,0,178,270,19995
2020-07-04,Tompkins,1,179,103,20098
2020-07-05,Tompkins,0,179,179,20277
2020-07-06,Tompkins,0,179,200,20477
2020-07-07,Tompkins,1,180,408,20885
2020-07-08,Tompkins,0,180,95,20980
2020-07-09,Tompkins,1,181,340,21320
2020-07-10,Tompkins,2,183,353,21673
2020-07-11,Tompkins,3,186,482,22155
2020-07-12,Tompkins,0,186,104,22259
2020-07-13,Tompkins,0,186,354,22613
2020-07-14,Tompkins,12,198,438,23051
2020-07-15,Tompkins,0,198,307,23358
2020-07-16,Tompkins,0,198,688,24046
2020-07-17,Tompkins,1,199,645,24691
2020-07-18,Tompkins,9,208,466,25157
2020-07-19,Tompkins,1,209,59,25216
2020-07-20,Tompkins,0,209,221,25437
2020-07-21,Tompkins,0,209,828,26265
2020-07-22,Tompkins,4,213,729,26994
2020-07-23,Tompkins,8,221,635,27629
2020-07-24,Tompkins,2,223,793,28422
2020-07-25,Tompkins,1,224,298,28720
2020-07-26,Tompkins,1,225,91,28811
2020-07-27,Tompkins,0,225,202,29013
2020-07-28,Tompkins,0,225,534,29547
2020-07-29,Tompkins,2,227,740,30287
2020-07-30,Tompkins,1,228,734,31021
2020-07-31,Tompkins,2,230,589,31610
2020-08-01,Tompkins,0,230,329,31939
2020-08-02,Tompkins,0,230,42,31981
2020-08-03,Tompkins,0,230,320,32301
2020-08-04,Tompkins,1,231,514,32815
2020-08-05,Tompkins,1,232,721,33536
2020-08-06,Tompkins,1,233,609,34145
2020-08-07,Tompkins,1,234,740,34885
2020-08-08,Tompkins,0,234,405,35290
2020-08-09,Tompkins,0,234,31,35321
2020-08-10,Tompkins,0,234,303,35624
2020-08-11,Tompkins,0,234,610,36234
2020-08-12,Tompkins,0,234,659,36893
2020-08-13,Tompkins,2,236,1099,37992
2020-08-14,Tompkins,2,238,1203,39195
2020-08-15,Tompkins,0,238,433,39628
2020-08-16,Tompkins,0,238,165,39793
2020-08-17,Tompkins,0,238,186,39979
2020-08-18,Tompkins,0,238,749,40728
2020-08-19,Tompkins,2,240,1401,42129
2020-08-20,Tompkins,4,244,2018,44147
2020-08-21,Tompkins,0,244,1364,45511
2020-08-22,Tompkins,0,244,837,46348
2020-08-23,Tompkins,0,244,653,47001
2020-08-24,Tompkins,1,245,1342,48343
2020-08-25,Tompkins,3,248,2713,51056
2020-08-26,Tompkins,1,249,1237,52293
2020-08-27,Tompkins,2,251,906,53199
2020-08-28,Tompkins,10,261,1782,54981
2020-08-29,Tompkins,3,264,2081,57062
2020-08-30,Tompkins,1,265,829,57891
2020-08-31,Tompkins,5,270,236,58127
2020-09-01,Tompkins,10,280,1707,59834
2020-09-02,Tompkins,23,303,480,60314
2020-09-03,Tompkins,5,308,530,60844
2020-09-04,Tompkins,13,321,7425,68269
2020-09-05,Tompkins,11,332,2868,71137
2020-09-06,Tompkins,7,339,3091,74228
2020-09-07,Tompkins,5,344,4157,78385
2020-09-08,Tompkins,2,346,3619,82004
2020-09-09,Tompkins,15,361,3995,85999
2020-09-10,Tompkins,8,369,4186,90185
2020-09-11,Tompkins,6,375,4884,95069
2020-09-12,Tompkins,6,381,3264,98333
2020-09-13,Tompkins,1,382,3013,101346
2020-09-14,Tompkins,2,384,4744,106090
2020-09-15,Tompkins,2,386,5383,111473
2020-09-16,Tompkins,2,388,5657,117130
2020-09-17,Tompkins,2,390,5661,122791
2020-09-18,Tompkins,4,394,5411,128202
2020-09-19,Tompkins,3,397,2274,130476
2020-09-20,Tompkins,1,398,1354,131830
2020-09-21,Tompkins,1,399,4504,136334
2020-09-22,Tompkins,6,405,5351,141685
2020-09-23,Tompkins,1,406,4729,146414
2020-09-24,Tompkins,2,408,5548,151962
2020-09-25,Tompkins,1,409,3228,155190
2020-09-26,Tompkins,4,413,2389,157579
2020-09-27,Tompkins,1,414,73,157652
2020-09-28,Tompkins,3,417,2631,160283
2020-09-29,Tompkins,4,421,8648,168931
2020-09-30,Tompkins,5,426,10801,179732
2020-10-01,Tompkins,6,432,10039,189771
2020-10-02,Tompkins,6,438,9108,198879
2020-10-03,Tompkins,7,445,10828,209707
2020-10-04,Tompkins,6,451,8669,218376
2020-10-05,Tompkins,4,455,4988,223364
2020-10-06,Tompkins,3,458,7336,230700
2020-10-07,Tompkins,7,465,10526,241226
2020-10-08,Tompkins,8,473,11929,253155
2020-10-09,Tompkins,3,476,11001,264156
2020-10-10,Tompkins,3,479,10409,274565
2020-10-11,Tompkins,2,481,8475,283040
2020-10-12,Tompkins,9,490,2785,285825
2020-10-13,Tompkins,17,507,13369,299194
2020-10-14,Tompkins,8,515,11718,310912
2020-10-15,Tompkins,8,523,8846,319758
2020-10-16,Tompkins,11,534,7652,327410
2020-10-17,Tompkins,6,540,11388,338798
2020-10-18,Tompkins,8,548,8303,347101
2020-10-19,Tompkins,8,556,5324,352425
2020-10-20,Tompkins,7,563,7827,360252
2020-10-21,Tompkins,16,579,11430,371682
2020-10-22,Tompkins,6,585,10011,381693
2020-10-23,Tompkins,8,593,11164,392857
2020-10-24,Tompkins,10,603,10288,403145
2020-10-25,Tompkins,3,606,8122,411267
2020-10-26,Tompkins,3,609,5741,417008
2020-10-27,Tompkins,10,619,8298,425306
2020-10-28,Tompkins,13,632,10597,435903
2020-10-29,Tompkins,7,639,10976,446879
2020-10-30,Tompkins,11,650,9041,455920
2020-10-31,Tompkins,6,656,10948,466868
2020-11-01,Tompkins,3,659,8383,475251
2020-11-02,Tompkins,1,660,5730,480981
2020-11-03,Tompkins,4,664,7999,488980
2020-11-04,Tompkins,11,675,9881,498861
2020-11-05,Tompkins,3,678,9864,508725
2020-11-06,Tompkins,12,690,10328,519053
2020-11-07,Tompkins,12,702,5610,524663
2020-11-08,Tompkins,5,707,8469,533132
2020-11-09,Tompkins,5,712,6862,539994
2020-11-10,Tompkins,22,734,6889,546883
2020-11-11,Tompkins,31,765,6779,553662
2020-11-12,Tompkins,21,786,19656,573318
2020-11-13,Tompkins,13,799,12369,585687
2020-11-14,Tompkins,7,806,1895,587582
2020-11-15,Tompkins,5,811,3853,591435
2020-11-16,Tompkins,9,820,13904,605339
2020-11-17,Tompkins,8,828,6591,611930
2020-11-18,Tompkins,12,840,8970,620900
2020-11-19,Tompkins,8,848,11548,632448
2020-11-20,Tompkins,28,876,13495,645943
2020-11-21,Tompkins,28,904,11529,657472
2020-11-22,Tompkins,32,936,7621,665093
2020-11-23,Tompkins,17,953,12873,677966
2020-11-24,Tompkins,18,971,5913,683879
2020-11-25,Tompkins,29,1000,6582,690461
2020-11-26,Tompkins,43,1043,9335,699796
2020-11-27,Tompkins,33,1076,553,700349
2020-11-28,Tompkins,29,1105,1291,701640
2020-11-29,Tompkins,13,1118,1682,703322
2020-11-30,Tompkins,21,1139,478,703800
2020-12-01,Tompkins,15,1154,13375,717175
2020-12-02,Tompkins,55,1209,4511,721686
2020-12-03,Tompkins,32,1241,8695,730381
2020-12-04,Tompkins,38,1279,7281,737662
2020-12-05,Tompkins,27,1306,8668,746330
2020-12-06,Tompkins,30,1336,10898,757228
2020-12-07,Tompkins,62,1398,637,757865
2020-12-08,Tompkins,26,1424,4981,762846
2020-12-09,Tompkins,27,1451,4363,767209
2020-12-10,Tompkins,26,1477,8517,775726
2020-12-11,Tompkins,52,1529,7664,783390
2020-12-12,Tompkins,27,1556,6606,789996
2020-12-13,Tompkins,37,1593,2153,792149
2020-12-14,Tompkins,20,1613,11283,803432
2020-12-15,Tompkins,24,1637,966,804398
2020-12-16,Tompkins,34,1671,3178,807576
2020-12-17,Tompkins,39,1710,8989,816565
2020-12-18,Tompkins,18,1728,7038,823603
2020-12-19,Tompkins,53,1781,8732,832335
2020-12-20,Tompkins,17,1798,5223,837558
2020-12-21,Tompkins,18,1816,8942,846500
2020-12-22,Tompkins,30,1846,1469,847969
2020-12-23,Tompkins,32,1878,2672,850641
2020-12-24,Tompkins,43,1921,7601,858242
2020-12-25,Tompkins,32,1953,3912,862154
2020-12-26,Tompkins,8,1961,2098,864252
2020-12-27,Tompkins,20,1981,855,865107
2020-12-28,Tompkins,12,1993,1149,866256
2020-12-29,Tompkins,40,2033,3826,870082
2020-12-30,Tompkins,46,2079,1695,871777
2020-12-31,Tompkins,35,2114,1843,873620
2021-01-01,Tompkins,19,2133,1341,874961
2021-01-02,Tompkins,5,2138,200,875161
2021-01-03,Tompkins,14,2152,6083,881244
2021-01-04,Tompkins,14,2166,3572,884816
2021-01-05,Tompkins,59,2225,4907,889723
2021-01-06,Tompkins,53,2278,2619,892342
2021-01-07,Tompkins,40,2318,4849,897191
2021-01-08,Tompkins,56,2374,5508,902699
2021-01-09,Tompkins,22,2396,8040,910739
2021-01-10,Tompkins,18,2414,3798,914537
2021-01-11,Tompkins,10,2424,3190,917727
2021-01-12,Tompkins,39,2463,2596,920323
2021-01-13,Tompkins,21,2484,3005,923328
2021-01-14,Tompkins,44,2528,6419,929747
2021-01-15,Tompkins,44,2572,4829,934576
2021-01-16,Tompkins,41,2613,6224,940800
2021-01-17,Tompkins,28,2641,4187,944987
2021-01-18,Tompkins,16,2657,822,945809
2021-01-19,Tompkins,50,2707,3275,949084
2021-01-20,Tompkins,45,2752,5504,954588
2021-01-21,Tompkins,27,2779,6255,960843
2021-01-22,Tompkins,32,2811,8727,969570
2021-01-23,Tompkins,20,2831,7079,976649
2021-01-24,Tompkins,14,2845,4711,981360
2021-01-25,Tompkins,19,2864,4334,985694
2021-01-26,Tompkins,26,2890,7143,992837
2021-01-27,Tompkins,27,2917,5878,998715
2021-01-28,Tompkins,27,2944,10640,1009355
2021-01-29,Tompkins,18,2962,7963,1017318
2021-01-30,Tompkins,25,2987,10739,1028057
2021-01-31,Tompkins,28,3015,6335,1034392
2021-02-01,Tompkins,29,3044,7419,1041811
2021-02-02,Tompkins,13,3057,7514,1049325
2021-02-03,Tompkins,43,3100,8030,1057355
2021-02-04,Tompkins,37,3137,12494,1069849
2021-02-05,Tompkins,28,3165,12811,1082660
2021-02-06,Tompkins,36,3201,13889,1096549
2021-02-07,Tompkins,25,3226,14373,1110922
2021-02-08,Tompkins,6,3232,12146,1123068
2021-02-09,Tompkins,15,3247,8156,1131224
2021-02-10,Tompkins,27,3274,12849,1144073
2021-02-11,Tompkins,26,3300,11353,1155426
2021-02-12,Tompkins,16,3316,11169,1166595
2021-02-13,Tompkins,9,3325,14363,1180958
2021-02-14,Tompkins,10,3335,12272,1193230
2021-02-15,Tompkins,5,3340,3193,1196423
2021-02-16,Tompkins,5,3345,10699,1207122
2021-02-17,Tompkins,5,3350,19684,1226806
2021-02-18,Tompkins,17,3367,16601,1243407
2021-02-19,Tompkins,9,3376,15712,1259119
2021-02-20,Tompkins,13,3389,14983,1274102
2021-02-21,Tompkins,9,3398,4054,1278156
2021-02-22,Tompkins,10,3408,22271,1300427
2021-02-23,Tompkins,6,3414,10806,1311233
2021-02-24,Tompkins,13,3427,11490,1322723
2021-02-25,Tompkins,8,3435,16265,1338988
2021-02-26,Tompkins,6,3441,16089,1355077
2021-02-27,Tompkins,11,3452,16684,1371761
2021-02-28,Tompkins,5,3457,14241,1386002
2021-03-01,Tompkins,4,3461,13016,1399018
2021-03-02,Tompkins,11,3472,13715,1412733
2021-03-03,Tompkins,17,3489,11520,1424253
2021-03-04,Tompkins,11,3500,16204,1440457
2021-03-05,Tompkins,9,3509,16158,1456615
2021-03-06,Tompkins,14,3523,14724,1471339
2021-03-07,Tompkins,6,3529,10335,1481674
2021-03-08,Tompkins,7,3536,14581,1496255
2021-03-09,Tompkins,16,3552,11669,1507924
2021-03-10,Tompkins,19,3571,13194,1521118
2021-03-11,Tompkins,15,3586,16877,1537995
2021-03-12,Tompkins,15,3601,14004,1551999
2021-03-13,Tompkins,13,3614,16386,1568385
2021-03-14,Tompkins,8,3622,4142,1572527
2021-03-15,Tompkins,12,3634,21948,1594475
2021-03-16,Tompkins,22,3656,12541,1607016
2021-03-17,Tompkins,24,3680,11578,1618594
2021-03-18,Tompkins,19,3699,18381,1636975
2021-03-19,Tompkins,19,3718,16109,1653084
2021-03-20,Tompkins,12,3730,17812,1670896
2021-03-21,Tompkins,6,3736,14452,1685348
2021-03-22,Tompkins,6,3742,9786,1695134
2021-03-23,Tompkins,15,3757,13592,1708726
2021-03-24,Tompkins,20,3777,12316,1721042
2021-03-25,Tompkins,30,3807,16454,1737496
2021-03-26,Tompkins,24,3831,16298,1753794
2021-03-27,Tompkins,21,3852,15722,1769516
2021-03-28,Tompkins,14,3866,11284,1780800
2021-03-29,Tompkins,12,3878,17311,1798111
2021-03-30,Tompkins,16,3894,13370,1811481
2021-03-31,Tompkins,19,3913,10168,1821649
2021-04-01,Tompkins,12,3925,16543,1838192
2021-04-02,Tompkins,7,3932,16951,1855143
2021-04-03,Tompkins,12,3944,15166,1870309
2021-04-04,Tompkins,7,3951,8673,1878982
2021-04-05,Tompkins,5,3956,9727,1888709
2021-04-06,Tompkins,9,3965,19570,1908279
2021-04-07,Tompkins,6,3971,8665,1916944
2021-04-08,Tompkins,9,3980,13655,1930599
2021-04-09,Tompkins,8,3988,11989,1942588
2021-04-10,Tompkins,9,3997,12624,1955212
2021-04-11,Tompkins,3,4000,11035,1966247
2021-04-12,Tompkins,3,4003,9414,1975661
2021-04-13,Tompkins,16,4019,11566,1987227
2021-04-14,Tompkins,15,4034,10425,1997652
2021-04-15,Tompkins,6,4040,11088,2008740
2021-04-16,Tompkins,10,4050,12830,2021570
2021-04-17,Tompkins,8,4058,12925,2034495
2021-04-18,Tompkins,6,4064,11087,2045582
2021-04-19,Tompkins,2,4066,12096,2057678
2021-04-20,Tompkins,11,4077,11573,2069251
2021-04-21,Tompkins,10,4087,9210,2078461
2021-04-22,Tompkins,9,4096,12388,2090849
2021-04-23,Tompkins,13,4109,12327,2103176
2021-04-24,Tompkins,4,4113,10671,2113847
2021-04-25,Tompkins,2,4115,8395,2122242
2021-04-26,Tompkins,1,4116,9775,2132017
2021-04-27,Tompkins,7,4123,10822,2142839
2021-04-28,Tompkins,12,4135,9295,2152134
2021-04-29,Tompkins,5,4140,9336,2161470
2021-04-30,Tompkins,11,4151,11140,2172610
2021-05-01,Tompkins,7,4158,9264,2181874
2021-05-02,Tompkins,2,4160,3480,2185354
2021-05-03,Tompkins,0,4160,6874,2192228
2021-05-04,Tompkins,18,4178,9047,2201275
2021-05-05,Tompkins,6,4184,10492,2211767
2021-05-06,Tompkins,9,4193,9336,2221103
2021-05-07,Tompkins,7,4200,11303,2232406
2021-05-08,Tompkins,9,4209,9224,2241630
2021-05-09,Tompkins,1,4210,5602,2247232
2021-05-10,Tompkins,4,4214,10233,2257465
2021-05-11,Tompkins,2,4216,6717,2264182
2021-05-12,Tompkins,5,4221,7345,2271527
2021-05-13,Tompkins,9,4230,9354,2280881
2021-05-14,Tompkins,11,4241,8320,2289201
2021-05-15,Tompkins,9,4250,7321,2296522
2021-05-16,Tompkins,6,4256,6186,2302708
2021-05-17,Tompkins,0,4256,4317,2307025
2021-05-18,Tompkins,18,4274,6989,2314014
2021-05-19,Tompkins,9,4283,7917,2321931
2021-05-20,Tompkins,6,4289,7864,2329795
2021-05-21,Tompkins,5,4294,5927,2335722
2021-05-22,Tompkins,5,4299,6653,2342375
2021-05-23,Tompkins,1,4300,1524,2343899
2021-05-24,Tompkins,0,4300,2570,2346469
2021-05-25,Tompkins,3,4303,4963,2351432
2021-05-26,Tompkins,3,4306,5771,2357203
2021-05-27,Tompkins,1,4307,5174,2362377
2021-05-28,Tompkins,3,4310,4861,2367238
2021-05-29,Tompkins,8,4318,3916,2371154
2021-05-30,Tompkins,4,4322,2671,2373825
2021-05-31,Tompkins,1,4323,2259,2376084
2021-06-01,Tompkins,2,4325,169,2376253
2021-06-02,Tompkins,6,4331,2738,2378991
2021-06-03,Tompkins,3,4334,1082,2380073
2021-06-04,Tompkins,2,4336,2119,2382192
2021-06-05,Tompkins,2,4338,899,2383091
2021-06-06,Tompkins,3,4341,717,2383808
2021-06-07,Tompkins,0,4341,568,2384376
2021-06-08,Tompkins,3,4344,817,2385193
2021-06-09,Tompkins,0,4344,933,2386126
2021-06-10,Tompkins,0,4344,1178,2387304
2021-06-11,Tompkins,2,4346,1010,2388314
2021-06-12,Tompkins,0,4346,769,2389083
2021-06-13,Tompkins,0,4346,146,2389229
2021-06-14,Tompkins,0,4346,175,2389404
2021-06-15,Tompkins,0,4346,588,2389992
2021-06-16,Tompkins,3,4349,1180,2391172
2021-06-17,Tompkins,1,4350,589,2391761
2021-06-18,Tompkins,0,4350,571,2392332
2021-06-19,Tompkins,0,4350,257,2392589
2021-06-20,Tompkins,1,4351,107,2392696
2021-06-21,Tompkins,1,4352,164,2392860
2021-06-22,Tompkins,1,4353,376,2393236
2021-06-23,Tompkins,3,4356,706,2393942
2021-06-24,Tompkins,1,4357,432,2394374
2021-06-25,Tompkins,0,4357,475,2394849
2021-06-26,Tompkins,1,4358,346,2395195
2021-06-27,Tompkins,0,4358,107,2395302
2021-06-28,Tompkins,0,4358,159,2395461
2021-06-29,Tompkins,0,4358,441,2395902
2021-06-30,Tompkins,1,4359,399,2396301
2021-07-01,Tompkins,1,4360,459,2396760
2021-07-02,Tompkins,1,4361,379,2397139
2021-07-03,Tompkins,0,4361,287,2397426
2021-07-04,Tompkins,3,4364,124,2397550
2021-07-05,Tompkins,1,4365,76,2397626
2021-07-06,Tompkins,0,4365,103,2397729
2021-07-07,Tompkins,0,4365,547,2398276
2021-07-08,Tompkins,1,4366,419,2398695
2021-07-09,Tompkins,2,4368,440,2399135
2021-07-10,Tompkins,0,4368,228,2399363
2021-07-11,Tompkins,1,4369,106,2399469
2021-07-12,Tompkins,1,4370,90,2399559
2021-07-13,Tompkins,2,4372,413,2399972
2021-07-14,Tompkins,1,4373,333,2400305
2021-07-15,Tompkins,2,4375,336,2400641
2021-07-16,Tompkins,2,4377,362,2401003
2021-07-17,Tompkins,0,4377,238,2401241
2021-07-18,Tompkins,0,4377,107,2401348
2020-03-01,Ulster,0,0,0,0
2020-03-02,Ulster,0,0,0,0
2020-03-03,Ulster,0,0,0,0
2020-03-04,Ulster,0,0,0,0
2020-03-05,Ulster,0,0,1,1
2020-03-06,Ulster,0,0,0,1
2020-03-07,Ulster,0,0,0,1
2020-03-08,Ulster,1,1,1,2
2020-03-09,Ulster,0,1,0,2
2020-03-10,Ulster,0,1,2,4
2020-03-11,Ulster,1,2,1,5
2020-03-12,Ulster,3,5,6,11
2020-03-13,Ulster,0,5,3,14
2020-03-14,Ulster,0,5,30,44
2020-03-15,Ulster,2,7,16,60
2020-03-16,Ulster,1,8,12,72
2020-03-17,Ulster,1,9,15,87
2020-03-18,Ulster,1,10,41,128
2020-03-19,Ulster,2,12,62,190
2020-03-20,Ulster,6,18,70,260
2020-03-21,Ulster,8,26,145,405
2020-03-22,Ulster,9,35,54,459
2020-03-23,Ulster,12,47,117,576
2020-03-24,Ulster,18,65,81,657
2020-03-25,Ulster,13,78,71,728
2020-03-26,Ulster,21,99,83,811
2020-03-27,Ulster,29,128,124,935
2020-03-28,Ulster,18,146,82,1017
2020-03-29,Ulster,44,190,194,1211
2020-03-30,Ulster,21,211,123,1334
2020-03-31,Ulster,10,221,51,1385
2020-04-01,Ulster,19,240,118,1503
2020-04-02,Ulster,23,263,125,1628
2020-04-03,Ulster,27,290,141,1769
2020-04-04,Ulster,42,332,188,1957
2020-04-05,Ulster,40,372,182,2139
2020-04-06,Ulster,26,398,117,2256
2020-04-07,Ulster,24,422,108,2364
2020-04-08,Ulster,38,460,227,2591
2020-04-09,Ulster,70,530,436,3027
2020-04-10,Ulster,59,589,358,3385
2020-04-11,Ulster,23,612,239,3624
2020-04-12,Ulster,18,630,242,3866
2020-04-13,Ulster,60,690,424,4290
2020-04-14,Ulster,43,733,259,4549
2020-04-15,Ulster,28,761,189,4738
2020-04-16,Ulster,27,788,142,4880
2020-04-17,Ulster,32,820,239,5119
2020-04-18,Ulster,34,854,170,5289
2020-04-19,Ulster,23,877,167,5456
2020-04-20,Ulster,16,893,85,5541
2020-04-21,Ulster,20,913,110,5651
2020-04-22,Ulster,29,942,152,5803
2020-04-23,Ulster,34,976,208,6011
2020-04-24,Ulster,190,1166,928,6939
2020-04-25,Ulster,24,1190,207,7146
2020-04-26,Ulster,29,1219,198,7344
2020-04-27,Ulster,11,1230,94,7438
2020-04-28,Ulster,22,1252,335,7773
2020-04-29,Ulster,27,1279,309,8082
2020-04-30,Ulster,19,1298,336,8418
2020-05-01,Ulster,29,1327,362,8780
2020-05-02,Ulster,14,1341,256,9036
2020-05-03,Ulster,13,1354,198,9234
2020-05-04,Ulster,3,1357,104,9338
2020-05-05,Ulster,26,1383,272,9610
2020-05-06,Ulster,33,1416,298,9908
2020-05-07,Ulster,13,1429,276,10184
2020-05-08,Ulster,11,1440,195,10379
2020-05-09,Ulster,10,1450,210,10589
2020-05-10,Ulster,4,1454,135,10724
2020-05-11,Ulster,11,1465,96,10820
2020-05-12,Ulster,16,1481,314,11134
2020-05-13,Ulster,14,1495,536,11670
2020-05-14,Ulster,16,1511,431,12101
2020-05-15,Ulster,26,1537,398,12499
2020-05-16,Ulster,15,1552,345,12844
2020-05-17,Ulster,5,1557,227,13071
2020-05-18,Ulster,8,1565,177,13248
2020-05-19,Ulster,6,1571,284,13532
2020-05-20,Ulster,13,1584,799,14331
2020-05-21,Ulster,11,1595,552,14883
2020-05-22,Ulster,11,1606,418,15301
2020-05-23,Ulster,11,1617,470,15771
2020-05-24,Ulster,15,1632,590,16361
2020-05-25,Ulster,6,1638,162,16523
2020-05-26,Ulster,7,1645,355,16878
2020-05-27,Ulster,13,1658,556,17434
2020-05-28,Ulster,5,1663,683,18117
2020-05-29,Ulster,15,1678,746,18863
2020-05-30,Ulster,7,1685,529,19392
2020-05-31,Ulster,6,1691,538,19930
2020-06-01,Ulster,5,1696,327,20257
2020-06-02,Ulster,5,1701,504,20761
2020-06-03,Ulster,3,1704,617,21378
2020-06-04,Ulster,7,1711,1121,22499
2020-06-05,Ulster,3,1714,776,23275
2020-06-06,Ulster,4,1718,600,23875
2020-06-07,Ulster,3,1721,644,24519
2020-06-08,Ulster,3,1724,403,24922
2020-06-09,Ulster,2,1726,402,25324
2020-06-10,Ulster,3,1729,609,25933
2020-06-11,Ulster,5,1734,731,26664
2020-06-12,Ulster,5,1739,666,27330
2020-06-13,Ulster,2,1741,506,27836
2020-06-14,Ulster,0,1741,502,28338
2020-06-15,Ulster,1,1742,546,28884
2020-06-16,Ulster,2,1744,578,29462
2020-06-17,Ulster,2,1746,740,30202
2020-06-18,Ulster,3,1749,820,31022
2020-06-19,Ulster,1,1750,560,31582
2020-06-20,Ulster,4,1754,706,32288
2020-06-21,Ulster,2,1756,583,32871
2020-06-22,Ulster,1,1757,312,33183
2020-06-23,Ulster,3,1760,262,33445
2020-06-24,Ulster,5,1765,762,34207
2020-06-25,Ulster,3,1768,715,34922
2020-06-26,Ulster,5,1773,902,35824
2020-06-27,Ulster,5,1778,541,36365
2020-06-28,Ulster,0,1778,359,36724
2020-06-29,Ulster,3,1781,367,37091
2020-06-30,Ulster,1,1782,617,37708
2020-07-01,Ulster,8,1790,581,38289
2020-07-02,Ulster,25,1815,768,39057
2020-07-03,Ulster,10,1825,564,39621
2020-07-04,Ulster,9,1834,698,40319
2020-07-05,Ulster,6,1840,507,40826
2020-07-06,Ulster,3,1843,472,41298
2020-07-07,Ulster,2,1845,371,41669
2020-07-08,Ulster,6,1851,690,42359
2020-07-09,Ulster,2,1853,659,43018
2020-07-10,Ulster,2,1855,636,43654
2020-07-11,Ulster,4,1859,430,44084
2020-07-12,Ulster,3,1862,447,44531
2020-07-13,Ulster,10,1872,525,45056
2020-07-14,Ulster,16,1888,823,45879
2020-07-15,Ulster,6,1894,658,46537
2020-07-16,Ulster,4,1898,734,47271
2020-07-17,Ulster,2,1900,817,48088
2020-07-18,Ulster,1,1901,345,48433
2020-07-19,Ulster,0,1901,444,48877
2020-07-20,Ulster,5,1906,626,49503
2020-07-21,Ulster,3,1909,540,50043
2020-07-22,Ulster,2,1911,586,50629
2020-07-23,Ulster,1,1912,598,51227
2020-07-24,Ulster,4,1916,579,51806
2020-07-25,Ulster,9,1925,540,52346
2020-07-26,Ulster,1,1926,423,52769
2020-07-27,Ulster,16,1942,796,53565
2020-07-28,Ulster,31,1973,644,54209
2020-07-29,Ulster,37,2010,967,55176
2020-07-30,Ulster,11,2021,851,56027
2020-07-31,Ulster,5,2026,642,56669
2020-08-01,Ulster,2,2028,394,57063
2020-08-02,Ulster,3,2031,440,57503
2020-08-03,Ulster,8,2039,526,58029
2020-08-04,Ulster,0,2039,407,58436
2020-08-05,Ulster,6,2045,663,59099
2020-08-06,Ulster,4,2049,637,59736
2020-08-07,Ulster,8,2057,577,60313
2020-08-08,Ulster,5,2062,669,60982
2020-08-09,Ulster,10,2072,480,61462
2020-08-10,Ulster,4,2076,479,61941
2020-08-11,Ulster,1,2077,409,62350
2020-08-12,Ulster,4,2081,654,63004
2020-08-13,Ulster,5,2086,595,63599
2020-08-14,Ulster,3,2089,981,64580
2020-08-15,Ulster,6,2095,715,65295
2020-08-16,Ulster,3,2098,345,65640
2020-08-17,Ulster,2,2100,489,66129
2020-08-18,Ulster,6,2106,729,66858
2020-08-19,Ulster,7,2113,663,67521
2020-08-20,Ulster,2,2115,741,68262
2020-08-21,Ulster,11,2126,563,68825
2020-08-22,Ulster,1,2127,593,69418
2020-08-23,Ulster,7,2134,482,69900
2020-08-24,Ulster,3,2137,530,70430
2020-08-25,Ulster,4,2141,581,71011
2020-08-26,Ulster,11,2152,937,71948
2020-08-27,Ulster,3,2155,692,72640
2020-08-28,Ulster,7,2162,899,73539
2020-08-29,Ulster,6,2168,973,74512
2020-08-30,Ulster,7,2175,608,75120
2020-08-31,Ulster,1,2176,619,75739
2020-09-01,Ulster,2,2178,865,76604
2020-09-02,Ulster,12,2190,1057,77661
2020-09-03,Ulster,6,2196,679,78340
2020-09-04,Ulster,3,2199,722,79062
2020-09-05,Ulster,2,2201,762,79824
2020-09-06,Ulster,2,2203,534,80358
2020-09-07,Ulster,0,2203,292,80650
2020-09-08,Ulster,0,2203,469,81119
2020-09-09,Ulster,1,2204,529,81648
2020-09-10,Ulster,5,2209,811,82459
2020-09-11,Ulster,6,2215,677,83136
2020-09-12,Ulster,3,2218,730,83866
2020-09-13,Ulster,1,2219,487,84353
2020-09-14,Ulster,6,2225,453,84806
2020-09-15,Ulster,4,2229,481,85287
2020-09-16,Ulster,2,2231,661,85948
2020-09-17,Ulster,4,2235,597,86545
2020-09-18,Ulster,4,2239,729,87274
2020-09-19,Ulster,3,2242,677,87951
2020-09-20,Ulster,0,2242,445,88396
2020-09-21,Ulster,2,2244,500,88896
2020-09-22,Ulster,0,2244,426,89322
2020-09-23,Ulster,10,2254,708,90030
2020-09-24,Ulster,1,2255,632,90662
2020-09-25,Ulster,1,2256,810,91472
2020-09-26,Ulster,4,2260,631,92103
2020-09-27,Ulster,4,2264,406,92509
2020-09-28,Ulster,8,2272,837,93346
2020-09-29,Ulster,8,2280,516,93862
2020-09-30,Ulster,2,2282,839,94701
2020-10-01,Ulster,11,2293,867,95568
2020-10-02,Ulster,10,2303,720,96288
2020-10-03,Ulster,12,2315,975,97263
2020-10-04,Ulster,9,2324,512,97775
2020-10-05,Ulster,5,2329,508,98283
2020-10-06,Ulster,6,2335,840,99123
2020-10-07,Ulster,8,2343,1182,100305
2020-10-08,Ulster,6,2349,1100,101405
2020-10-09,Ulster,6,2355,919,102324
2020-10-10,Ulster,3,2358,1077,103401
2020-10-11,Ulster,8,2366,985,104386
2020-10-12,Ulster,11,2377,537,104923
2020-10-13,Ulster,9,2386,612,105535
2020-10-14,Ulster,6,2392,1140,106675
2020-10-15,Ulster,3,2395,921,107596
2020-10-16,Ulster,7,2402,1242,108838
2020-10-17,Ulster,9,2411,896,109734
2020-10-18,Ulster,4,2415,979,110713
2020-10-19,Ulster,4,2419,773,111486
2020-10-20,Ulster,9,2428,502,111988
2020-10-21,Ulster,8,2436,996,112984
2020-10-22,Ulster,14,2450,947,113931
2020-10-23,Ulster,9,2459,963,114894
2020-10-24,Ulster,12,2471,781,115675
2020-10-25,Ulster,29,2500,545,116220
2020-10-26,Ulster,15,2515,1100,117320
2020-10-27,Ulster,3,2518,583,117903
2020-10-28,Ulster,13,2531,1156,119059
2020-10-29,Ulster,7,2538,836,119895
2020-10-30,Ulster,9,2547,1054,120949
2020-10-31,Ulster,9,2556,1277,122226
2020-11-01,Ulster,3,2559,844,123070
2020-11-02,Ulster,9,2568,782,123852
2020-11-03,Ulster,7,2575,782,124634
2020-11-04,Ulster,13,2588,960,125594
2020-11-05,Ulster,11,2599,1074,126668
2020-11-06,Ulster,8,2607,866,127534
2020-11-07,Ulster,19,2626,1632,129166
2020-11-08,Ulster,21,2647,1262,130428
2020-11-09,Ulster,23,2670,1130,131558
2020-11-10,Ulster,24,2694,1192,132750
2020-11-11,Ulster,23,2717,1191,133941
2020-11-12,Ulster,21,2738,1167,135108
2020-11-13,Ulster,30,2768,1752,136860
2020-11-14,Ulster,20,2788,724,137584
2020-11-15,Ulster,12,2800,1133,138717
2020-11-16,Ulster,35,2835,1449,140166
2020-11-17,Ulster,30,2865,1015,141181
2020-11-18,Ulster,72,2937,1669,142850
2020-11-19,Ulster,32,2969,1223,144073
2020-11-20,Ulster,35,3004,2320,146393
2020-11-21,Ulster,19,3023,1752,148145
2020-11-22,Ulster,50,3073,2193,150338
2020-11-23,Ulster,36,3109,1178,151516
2020-11-24,Ulster,32,3141,955,152471
2020-11-25,Ulster,39,3180,1759,154230
2020-11-26,Ulster,58,3238,2492,156722
2020-11-27,Ulster,38,3276,1049,157771
2020-11-28,Ulster,49,3325,918,158689
2020-11-29,Ulster,56,3381,1287,159976
2020-11-30,Ulster,53,3434,1074,161050
2020-12-01,Ulster,65,3499,1402,162452
2020-12-02,Ulster,107,3606,1548,164000
2020-12-03,Ulster,91,3697,1823,165823
2020-12-04,Ulster,76,3773,1796,167619
2020-12-05,Ulster,85,3858,1433,169052
2020-12-06,Ulster,39,3897,1057,170109
2020-12-07,Ulster,77,3974,1213,171322
2020-12-08,Ulster,55,4029,1180,172502
2020-12-09,Ulster,74,4103,1256,173758
2020-12-10,Ulster,73,4176,1792,175550
2020-12-11,Ulster,75,4251,1679,177229
2020-12-12,Ulster,76,4327,1444,178673
2020-12-13,Ulster,66,4393,1315,179988
2020-12-14,Ulster,92,4485,1589,181577
2020-12-15,Ulster,62,4547,1143,182720
2020-12-16,Ulster,67,4614,1216,183936
2020-12-17,Ulster,122,4736,1901,185837
2020-12-18,Ulster,55,4791,1169,187006
2020-12-19,Ulster,59,4850,1232,188238
2020-12-20,Ulster,76,4926,1227,189465
2020-12-21,Ulster,75,5001,1245,190710
2020-12-22,Ulster,78,5079,1073,191783
2020-12-23,Ulster,85,5164,1417,193200
2020-12-24,Ulster,77,5241,1727,194927
2020-12-25,Ulster,87,5328,1407,196334
2020-12-26,Ulster,52,5380,1099,197433
2020-12-27,Ulster,56,5436,865,198298
2020-12-28,Ulster,62,5498,1022,199320
2020-12-29,Ulster,74,5572,919,200239
2020-12-30,Ulster,107,5679,1352,201591
2020-12-31,Ulster,137,5816,1639,203230
2021-01-01,Ulster,119,5935,1685,204915
2021-01-02,Ulster,84,6019,1111,206026
2021-01-03,Ulster,70,6089,847,206873
2021-01-04,Ulster,97,6186,1011,207884
2021-01-05,Ulster,118,6304,1431,209315
2021-01-06,Ulster,113,6417,1801,211116
2021-01-07,Ulster,140,6557,1934,213050
2021-01-08,Ulster,120,6677,1658,214708
2021-01-09,Ulster,158,6835,2050,216758
2021-01-10,Ulster,92,6927,1376,218134
2021-01-11,Ulster,111,7038,1401,219535
2021-01-12,Ulster,69,7107,1043,220578
2021-01-13,Ulster,74,7181,1558,222136
2021-01-14,Ulster,156,7337,2312,224448
2021-01-15,Ulster,111,7448,2110,226558
2021-01-16,Ulster,100,7548,1589,228147
2021-01-17,Ulster,94,7642,1704,229851
2021-01-18,Ulster,103,7745,1249,231100
2021-01-19,Ulster,77,7822,1123,232223
2021-01-20,Ulster,79,7901,1749,233972
2021-01-21,Ulster,116,8017,2411,236383
2021-01-22,Ulster,112,8129,1748,238131
2021-01-23,Ulster,98,8227,1708,239839
2021-01-24,Ulster,74,8301,1820,241659
2021-01-25,Ulster,87,8388,1151,242810
2021-01-26,Ulster,54,8442,1210,244020
2021-01-27,Ulster,91,8533,1871,245891
2021-01-28,Ulster,82,8615,1842,247733
2021-01-29,Ulster,101,8716,1916,249649
2021-01-30,Ulster,62,8778,2351,252000
2021-01-31,Ulster,80,8858,1386,253386
2021-02-01,Ulster,41,8899,1056,254442
2021-02-02,Ulster,10,8909,585,255027
2021-02-03,Ulster,46,8955,1002,256029
2021-02-04,Ulster,59,9014,1459,257488
2021-02-05,Ulster,50,9064,1998,259486
2021-02-06,Ulster,57,9121,1791,261277
2021-02-07,Ulster,49,9170,1462,262739
2021-02-08,Ulster,46,9216,1311,264050
2021-02-09,Ulster,60,9276,1148,265198
2021-02-10,Ulster,69,9345,2532,267730
2021-02-11,Ulster,37,9382,1361,269091
2021-02-12,Ulster,44,9426,1901,270992
2021-02-13,Ulster,38,9464,1917,272909
2021-02-14,Ulster,34,9498,1368,274277
2021-02-15,Ulster,43,9541,813,275090
2021-02-16,Ulster,28,9569,1208,276298
2021-02-17,Ulster,35,9604,1110,277408
2021-02-18,Ulster,54,9658,1641,279049
2021-02-19,Ulster,40,9698,3156,282205
2021-02-20,Ulster,56,9754,2910,285115
2021-02-21,Ulster,26,9780,1067,286182
2021-02-22,Ulster,32,9812,970,287152
2021-02-23,Ulster,42,9854,1349,288501
2021-02-24,Ulster,44,9898,2230,290731
2021-02-25,Ulster,42,9940,2199,292930
2021-02-26,Ulster,41,9981,2227,295157
2021-02-27,Ulster,56,10037,3760,298917
2021-02-28,Ulster,32,10069,1151,300068
2021-03-01,Ulster,27,10096,862,300930
2021-03-02,Ulster,50,10146,1470,302400
2021-03-03,Ulster,60,10206,1448,303848
2021-03-04,Ulster,32,10238,2100,305948
2021-03-05,Ulster,41,10279,2555,308503
2021-03-06,Ulster,52,10331,2813,311316
2021-03-07,Ulster,26,10357,964,312280
2021-03-08,Ulster,68,10425,1324,313604
2021-03-09,Ulster,49,10474,1307,314911
2021-03-10,Ulster,49,10523,2153,317064
2021-03-11,Ulster,96,10619,2043,319107
2021-03-12,Ulster,71,10690,2690,321797
2021-03-13,Ulster,57,10747,1095,322892
2021-03-14,Ulster,37,10784,1671,324563
2021-03-15,Ulster,58,10842,1358,325921
2021-03-16,Ulster,51,10893,860,326781
2021-03-17,Ulster,80,10973,1742,328523
2021-03-18,Ulster,64,11037,3001,331524
2021-03-19,Ulster,86,11123,2063,333587
2021-03-20,Ulster,80,11203,2218,335805
2021-03-21,Ulster,71,11274,1803,337608
2021-03-22,Ulster,80,11354,1376,338984
2021-03-23,Ulster,91,11445,1442,340426
2021-03-24,Ulster,83,11528,2327,342753
2021-03-25,Ulster,63,11591,1688,344441
2021-03-26,Ulster,92,11683,2602,347043
2021-03-27,Ulster,104,11787,2753,349796
2021-03-28,Ulster,72,11859,1298,351094
2021-03-29,Ulster,59,11918,1485,352579
2021-03-30,Ulster,61,11979,1607,354186
2021-03-31,Ulster,79,12058,1529,355715
2021-04-01,Ulster,68,12126,1890,357605
2021-04-02,Ulster,79,12205,1775,359380
2021-04-03,Ulster,66,12271,1552,360932
2021-04-04,Ulster,51,12322,1294,362226
2021-04-05,Ulster,56,12378,1113,363339
2021-04-06,Ulster,59,12437,1247,364586
2021-04-07,Ulster,65,12502,1913,366499
2021-04-08,Ulster,86,12588,2299,368798
2021-04-09,Ulster,76,12664,1872,370670
2021-04-10,Ulster,48,12712,1829,372499
2021-04-11,Ulster,43,12755,905,373404
2021-04-12,Ulster,36,12791,930,374334
2021-04-13,Ulster,44,12835,1525,375859
2021-04-14,Ulster,47,12882,2616,378475
2021-04-15,Ulster,37,12919,1193,379668
2021-04-16,Ulster,53,12972,1190,380858
2021-04-17,Ulster,67,13039,2350,383208
2021-04-18,Ulster,43,13082,1346,384554
2021-04-19,Ulster,34,13116,850,385404
2021-04-20,Ulster,43,13159,1460,386864
2021-04-21,Ulster,46,13205,1579,388443
2021-04-22,Ulster,46,13251,1504,389947
2021-04-23,Ulster,36,13287,1724,391671
2021-04-24,Ulster,36,13323,1893,393564
2021-04-25,Ulster,36,13359,954,394518
2021-04-26,Ulster,28,13387,896,395414
2021-04-27,Ulster,25,13412,1523,396937
2021-04-28,Ulster,34,13446,1435,398372
2021-04-29,Ulster,34,13480,1511,399883
2021-04-30,Ulster,37,13517,1852,401735
2021-05-01,Ulster,20,13537,1645,403380
2021-05-02,Ulster,22,13559,1017,404397
2021-05-03,Ulster,17,13576,612,405009
2021-05-04,Ulster,20,13596,1249,406258
2021-05-05,Ulster,24,13620,1285,407543
2021-05-06,Ulster,18,13638,1451,408994
2021-05-07,Ulster,25,13663,1659,410653
2021-05-08,Ulster,16,13679,1213,411866
2021-05-09,Ulster,12,13691,987,412853
2021-05-10,Ulster,14,13705,895,413748
2021-05-11,Ulster,12,13717,987,414735
2021-05-12,Ulster,16,13733,1463,416198
2021-05-13,Ulster,14,13747,1113,417311
2021-05-14,Ulster,15,13762,1205,418516
2021-05-15,Ulster,15,13777,1259,419775
2021-05-16,Ulster,11,13788,574,420349
2021-05-17,Ulster,7,13795,652,421001
2021-05-18,Ulster,6,13801,896,421897
2021-05-19,Ulster,12,13813,1088,422985
2021-05-20,Ulster,8,13821,1289,424274
2021-05-21,Ulster,4,13825,1104,425378
2021-05-22,Ulster,13,13838,1038,426416
2021-05-23,Ulster,6,13844,533,426949
2021-05-24,Ulster,7,13851,666,427615
2021-05-25,Ulster,1,13852,766,428381
2021-05-26,Ulster,2,13854,999,429380
2021-05-27,Ulster,7,13861,977,430357
2021-05-28,Ulster,3,13864,673,431030
2021-05-29,Ulster,3,13867,969,431999
2021-05-30,Ulster,5,13872,493,432492
2021-05-31,Ulster,1,13873,313,432805
2021-06-01,Ulster,3,13876,319,433124
2021-06-02,Ulster,4,13880,886,434010
2021-06-03,Ulster,1,13881,1438,435448
2021-06-04,Ulster,4,13885,807,436255
2021-06-05,Ulster,1,13886,918,437173
2021-06-06,Ulster,3,13889,536,437709
2021-06-07,Ulster,2,13891,620,438329
2021-06-08,Ulster,2,13893,947,439276
2021-06-09,Ulster,1,13894,998,440274
2021-06-10,Ulster,3,13897,898,441172
2021-06-11,Ulster,6,13903,836,442008
2021-06-12,Ulster,2,13905,936,442944
2021-06-13,Ulster,2,13907,416,443360
2021-06-14,Ulster,1,13908,357,443717
2021-06-15,Ulster,3,13911,772,444489
2021-06-16,Ulster,1,13912,867,445356
2021-06-17,Ulster,3,13915,806,446162
2021-06-18,Ulster,1,13916,704,446866
2021-06-19,Ulster,0,13916,456,447322
2021-06-20,Ulster,0,13916,354,447676
2021-06-21,Ulster,1,13917,437,448113
2021-06-22,Ulster,1,13918,621,448734
2021-06-23,Ulster,3,13921,825,449559
2021-06-24,Ulster,3,13924,526,450085
2021-06-25,Ulster,1,13925,587,450672
2021-06-26,Ulster,1,13926,410,451082
2021-06-27,Ulster,0,13926,305,451387
2021-06-28,Ulster,1,13927,493,451880
2021-06-29,Ulster,0,13927,697,452577
2021-06-30,Ulster,2,13929,653,453230
2021-07-01,Ulster,3,13932,406,453636
2021-07-02,Ulster,0,13932,549,454185
2021-07-03,Ulster,1,13933,349,454534
2021-07-04,Ulster,3,13936,332,454866
2021-07-05,Ulster,1,13937,226,455092
2021-07-06,Ulster,2,13939,266,455358
2021-07-07,Ulster,9,13948,697,456055
2021-07-08,Ulster,2,13950,486,456541
2021-07-09,Ulster,8,13958,941,457482
2021-07-10,Ulster,8,13966,461,457943
2021-07-11,Ulster,1,13967,381,458324
2021-07-12,Ulster,6,13973,285,458609
2021-07-13,Ulster,2,13975,790,459399
2021-07-14,Ulster,5,13980,467,459866
2021-07-15,Ulster,2,13982,539,460405
2021-07-16,Ulster,11,13993,684,461089
2021-07-17,Ulster,6,13999,515,461604
2021-07-18,Ulster,2,14001,266,461870
2020-03-01,Warren,0,0,0,0
2020-03-02,Warren,0,0,0,0
2020-03-03,Warren,0,0,0,0
2020-03-04,Warren,0,0,0,0
2020-03-05,Warren,0,0,0,0
2020-03-06,Warren,0,0,0,0
2020-03-07,Warren,0,0,1,1
2020-03-08,Warren,0,0,0,1
2020-03-09,Warren,0,0,0,1
2020-03-10,Warren,0,0,2,3
2020-03-11,Warren,0,0,1,4
2020-03-12,Warren,0,0,0,4
2020-03-13,Warren,0,0,2,6
2020-03-14,Warren,0,0,13,19
2020-03-15,Warren,0,0,12,31
2020-03-16,Warren,0,0,14,45
2020-03-17,Warren,1,1,16,61
2020-03-18,Warren,0,1,8,69
2020-03-19,Warren,0,1,17,86
2020-03-20,Warren,0,1,31,117
2020-03-21,Warren,0,1,28,145
2020-03-22,Warren,1,2,81,226
2020-03-23,Warren,0,2,8,234
2020-03-24,Warren,0,2,52,286
2020-03-25,Warren,0,2,16,302
2020-03-26,Warren,6,8,54,356
2020-03-27,Warren,5,13,59,415
2020-03-28,Warren,5,18,38,453
2020-03-29,Warren,0,18,3,456
2020-03-30,Warren,0,18,6,462
2020-03-31,Warren,0,18,7,469
2020-04-01,Warren,0,18,9,478
2020-04-02,Warren,1,19,11,489
2020-04-03,Warren,1,20,7,496
2020-04-04,Warren,5,25,13,509
2020-04-05,Warren,1,26,12,521
2020-04-06,Warren,5,31,15,536
2020-04-07,Warren,2,33,14,550
2020-04-08,Warren,7,40,31,581
2020-04-09,Warren,3,43,21,602
2020-04-10,Warren,1,44,17,619
2020-04-11,Warren,2,46,20,639
2020-04-12,Warren,2,48,18,657
2020-04-13,Warren,29,77,67,724
2020-04-14,Warren,0,77,7,731
2020-04-15,Warren,4,81,35,766
2020-04-16,Warren,10,91,41,807
2020-04-17,Warren,3,94,38,845
2020-04-18,Warren,2,96,27,872
2020-04-19,Warren,5,101,20,892
2020-04-20,Warren,1,102,13,905
2020-04-21,Warren,6,108,33,938
2020-04-22,Warren,11,119,40,978
2020-04-23,Warren,3,122,38,1016
2020-04-24,Warren,10,132,94,1110
2020-04-25,Warren,3,135,61,1171
2020-04-26,Warren,12,147,60,1231
2020-04-27,Warren,3,150,25,1256
2020-04-28,Warren,2,152,12,1268
2020-04-29,Warren,24,176,105,1373
2020-04-30,Warren,6,182,94,1467
2020-05-01,Warren,3,185,66,1533
2020-05-02,Warren,3,188,43,1576
2020-05-03,Warren,4,192,53,1629
2020-05-04,Warren,0,192,34,1663
2020-05-05,Warren,1,193,22,1685
2020-05-06,Warren,0,193,44,1729
2020-05-07,Warren,6,199,72,1801
2020-05-08,Warren,3,202,97,1898
2020-05-09,Warren,5,207,149,2047
2020-05-10,Warren,10,217,90,2137
2020-05-11,Warren,4,221,40,2177
2020-05-12,Warren,2,223,127,2304
2020-05-13,Warren,4,227,192,2496
2020-05-14,Warren,1,228,137,2633
2020-05-15,Warren,0,228,116,2749
2020-05-16,Warren,4,232,205,2954
2020-05-17,Warren,2,234,130,3084
2020-05-18,Warren,1,235,52,3136
2020-05-19,Warren,0,235,102,3238
2020-05-20,Warren,6,241,213,3451
2020-05-21,Warren,5,246,234,3685
2020-05-22,Warren,3,249,114,3799
2020-05-23,Warren,1,250,159,3958
2020-05-24,Warren,1,251,65,4023
2020-05-25,Warren,0,251,56,4079
2020-05-26,Warren,1,252,111,4190
2020-05-27,Warren,1,253,116,4306
2020-05-28,Warren,1,254,205,4511
2020-05-29,Warren,1,255,235,4746
2020-05-30,Warren,0,255,255,5001
2020-05-31,Warren,0,255,112,5113
2020-06-01,Warren,0,255,139,5252
2020-06-02,Warren,1,256,156,5408
2020-06-03,Warren,0,256,344,5752
2020-06-04,Warren,0,256,235,5987
2020-06-05,Warren,1,257,137,6124
2020-06-06,Warren,0,257,256,6380
2020-06-07,Warren,0,257,204,6584
2020-06-08,Warren,0,257,12,6596
2020-06-09,Warren,0,257,189,6785
2020-06-10,Warren,0,257,234,7019
2020-06-11,Warren,0,257,344,7363
2020-06-12,Warren,0,257,135,7498
2020-06-13,Warren,0,257,86,7584
2020-06-14,Warren,0,257,195,7779
2020-06-15,Warren,0,257,62,7841
2020-06-16,Warren,0,257,177,8018
2020-06-17,Warren,1,258,225,8243
2020-06-18,Warren,3,261,193,8436
2020-06-19,Warren,0,261,175,8611
2020-06-20,Warren,0,261,155,8766
2020-06-21,Warren,1,262,141,8907
2020-06-22,Warren,0,262,62,8969
2020-06-23,Warren,0,262,177,9146
2020-06-24,Warren,1,263,138,9284
2020-06-25,Warren,0,263,101,9385
2020-06-26,Warren,0,263,210,9595
2020-06-27,Warren,0,263,153,9748
2020-06-28,Warren,0,263,144,9892
2020-06-29,Warren,0,263,51,9943
2020-06-30,Warren,0,263,137,10080
2020-07-01,Warren,1,264,174,10254
2020-07-02,Warren,2,266,117,10371
2020-07-03,Warren,2,268,134,10505
2020-07-04,Warren,1,269,131,10636
2020-07-05,Warren,3,272,164,10800
2020-07-06,Warren,1,273,62,10862
2020-07-07,Warren,0,273,193,11055
2020-07-08,Warren,0,273,133,11188
2020-07-09,Warren,1,274,247,11435
2020-07-10,Warren,0,274,157,11592
2020-07-11,Warren,3,277,264,11856
2020-07-12,Warren,3,280,219,12075
2020-07-13,Warren,0,280,77,12152
2020-07-14,Warren,4,284,194,12346
2020-07-15,Warren,1,285,85,12431
2020-07-16,Warren,1,286,220,12651
2020-07-17,Warren,0,286,302,12953
2020-07-18,Warren,1,287,192,13145
2020-07-19,Warren,0,287,135,13280
2020-07-20,Warren,1,288,199,13479
2020-07-21,Warren,0,288,265,13744
2020-07-22,Warren,2,290,215,13959
2020-07-23,Warren,2,292,234,14193
2020-07-24,Warren,1,293,340,14533
2020-07-25,Warren,1,294,375,14908
2020-07-26,Warren,0,294,268,15176
2020-07-27,Warren,4,298,141,15317
2020-07-28,Warren,0,298,166,15483
2020-07-29,Warren,0,298,129,15612
2020-07-30,Warren,2,300,228,15840
2020-07-31,Warren,0,300,238,16078
2020-08-01,Warren,0,300,159,16237
2020-08-02,Warren,0,300,151,16388
2020-08-03,Warren,2,302,353,16741
2020-08-04,Warren,2,304,201,16942
2020-08-05,Warren,0,304,108,17050
2020-08-06,Warren,3,307,270,17320
2020-08-07,Warren,1,308,150,17470
2020-08-08,Warren,0,308,211,17681
2020-08-09,Warren,4,312,206,17887
2020-08-10,Warren,0,312,148,18035
2020-08-11,Warren,0,312,155,18190
2020-08-12,Warren,0,312,322,18512
2020-08-13,Warren,0,312,301,18813
2020-08-14,Warren,0,312,283,19096
2020-08-15,Warren,0,312,223,19319
2020-08-16,Warren,0,312,188,19507
2020-08-17,Warren,1,313,209,19716
2020-08-18,Warren,0,313,135,19851
2020-08-19,Warren,0,313,174,20025
2020-08-20,Warren,1,314,202,20227
2020-08-21,Warren,1,315,260,20487
2020-08-22,Warren,0,315,192,20679
2020-08-23,Warren,0,315,147,20826
2020-08-24,Warren,1,316,163,20989
2020-08-25,Warren,0,316,95,21084
2020-08-26,Warren,2,318,172,21256
2020-08-27,Warren,2,320,180,21436
2020-08-28,Warren,1,321,353,21789
2020-08-29,Warren,0,321,155,21944
2020-08-30,Warren,0,321,144,22088
2020-08-31,Warren,1,322,158,22246
2020-09-01,Warren,0,322,281,22527
2020-09-02,Warren,1,323,164,22691
2020-09-03,Warren,1,324,190,22881
2020-09-04,Warren,1,325,134,23015
2020-09-05,Warren,1,326,199,23214
2020-09-06,Warren,0,326,115,23329
2020-09-07,Warren,5,331,203,23532
2020-09-08,Warren,0,331,203,23735
2020-09-09,Warren,1,332,131,23866
2020-09-10,Warren,9,341,274,24140
2020-09-11,Warren,7,348,244,24384
2020-09-12,Warren,0,348,230,24614
2020-09-13,Warren,0,348,188,24802
2020-09-14,Warren,0,348,105,24907
2020-09-15,Warren,3,351,174,25081
2020-09-16,Warren,1,352,177,25258
2020-09-17,Warren,2,354,230,25488
2020-09-18,Warren,2,356,221,25709
2020-09-19,Warren,4,360,314,26023
2020-09-20,Warren,3,363,196,26219
2020-09-21,Warren,0,363,547,26766
2020-09-22,Warren,3,366,258,27024
2020-09-23,Warren,3,369,278,27302
2020-09-24,Warren,2,371,322,27624
2020-09-25,Warren,6,377,284,27908
2020-09-26,Warren,4,381,453,28361
2020-09-27,Warren,2,383,206,28567
2020-09-28,Warren,3,386,232,28799
2020-09-29,Warren,5,391,283,29082
2020-09-30,Warren,0,391,344,29426
2020-10-01,Warren,4,395,278,29704
2020-10-02,Warren,12,407,519,30223
2020-10-03,Warren,6,413,269,30492
2020-10-04,Warren,3,416,182,30674
2020-10-05,Warren,3,419,296,30970
2020-10-06,Warren,6,425,411,31381
2020-10-07,Warren,2,427,356,31737
2020-10-08,Warren,2,429,463,32200
2020-10-09,Warren,0,429,361,32561
2020-10-10,Warren,0,429,542,33103
2020-10-11,Warren,1,430,234,33337
2020-10-12,Warren,1,431,332,33669
2020-10-13,Warren,1,432,223,33892
2020-10-14,Warren,2,434,334,34226
2020-10-15,Warren,3,437,358,34584
2020-10-16,Warren,0,437,443,35027
2020-10-17,Warren,1,438,280,35307
2020-10-18,Warren,0,438,293,35600
2020-10-19,Warren,1,439,276,35876
2020-10-20,Warren,2,441,204,36080
2020-10-21,Warren,3,444,393,36473
2020-10-22,Warren,1,445,355,36828
2020-10-23,Warren,3,448,612,37440
2020-10-24,Warren,2,450,263,37703
2020-10-25,Warren,2,452,229,37932
2020-10-26,Warren,5,457,359,38291
2020-10-27,Warren,2,459,285,38576
2020-10-28,Warren,2,461,278,38854
2020-10-29,Warren,0,461,379,39233
2020-10-30,Warren,6,467,490,39723
2020-10-31,Warren,1,468,348,40071
2020-11-01,Warren,1,469,222,40293
2020-11-02,Warren,1,470,291,40584
2020-11-03,Warren,1,471,264,40848
2020-11-04,Warren,3,474,409,41257
2020-11-05,Warren,1,475,276,41533
2020-11-06,Warren,5,480,344,41877
2020-11-07,Warren,3,483,487,42364
2020-11-08,Warren,2,485,139,42503
2020-11-09,Warren,2,487,392,42895
2020-11-10,Warren,6,493,484,43379
2020-11-11,Warren,2,495,279,43658
2020-11-12,Warren,8,503,440,44098
2020-11-13,Warren,4,507,521,44619
2020-11-14,Warren,0,507,207,44826
2020-11-15,Warren,0,507,121,44947
2020-11-16,Warren,8,515,482,45429
2020-11-17,Warren,3,518,353,45782
2020-11-18,Warren,7,525,572,46354
2020-11-19,Warren,5,530,270,46624
2020-11-20,Warren,7,537,561,47185
2020-11-21,Warren,5,542,646,47831
2020-11-22,Warren,1,543,352,48183
2020-11-23,Warren,4,547,495,48678
2020-11-24,Warren,13,560,468,49146
2020-11-25,Warren,9,569,483,49629
2020-11-26,Warren,2,571,363,49992
2020-11-27,Warren,4,575,276,50268
2020-11-28,Warren,2,577,498,50766
2020-11-29,Warren,6,583,332,51098
2020-11-30,Warren,12,595,519,51617
2020-12-01,Warren,8,603,481,52098
2020-12-02,Warren,11,614,472,52570
2020-12-03,Warren,17,631,398,52968
2020-12-04,Warren,15,646,628,53596
2020-12-05,Warren,11,657,341,53937
2020-12-06,Warren,5,662,269,54206
2020-12-07,Warren,18,680,626,54832
2020-12-08,Warren,6,686,339,55171
2020-12-09,Warren,24,710,575,55746
2020-12-10,Warren,14,724,695,56441
2020-12-11,Warren,22,746,602,57043
2020-12-12,Warren,8,754,384,57427
2020-12-13,Warren,2,756,405,57832
2020-12-14,Warren,8,764,380,58212
2020-12-15,Warren,11,775,367,58579
2020-12-16,Warren,29,804,493,59072
2020-12-17,Warren,8,812,458,59530
2020-12-18,Warren,21,833,487,60017
2020-12-19,Warren,3,836,485,60502
2020-12-20,Warren,7,843,394,60896
2020-12-21,Warren,35,878,478,61374
2020-12-22,Warren,19,897,247,61621
2020-12-23,Warren,64,961,683,62304
2020-12-24,Warren,18,979,360,62664
2020-12-25,Warren,61,1040,812,63476
2020-12-26,Warren,9,1049,467,63943
2020-12-27,Warren,27,1076,297,64240
2020-12-28,Warren,18,1094,648,64888
2020-12-29,Warren,47,1141,464,65352
2020-12-30,Warren,15,1156,411,65763
2020-12-31,Warren,93,1249,864,66627
2021-01-01,Warren,23,1272,659,67286
2021-01-02,Warren,65,1337,849,68135
2021-01-03,Warren,9,1346,345,68480
2021-01-04,Warren,41,1387,335,68815
2021-01-05,Warren,47,1434,582,69397
2021-01-06,Warren,53,1487,698,70095
2021-01-07,Warren,80,1567,812,70907
2021-01-08,Warren,58,1625,870,71777
2021-01-09,Warren,57,1682,940,72717
2021-01-10,Warren,35,1717,619,73336
2021-01-11,Warren,47,1764,712,74048
2021-01-12,Warren,61,1825,585,74633
2021-01-13,Warren,21,1846,461,75094
2021-01-14,Warren,82,1928,957,76051
2021-01-15,Warren,54,1982,973,77024
2021-01-16,Warren,22,2004,566,77590
2021-01-17,Warren,41,2045,618,78208
2021-01-18,Warren,17,2062,595,78803
2021-01-19,Warren,57,2119,712,79515
2021-01-20,Warren,44,2163,772,80287
2021-01-21,Warren,38,2201,773,81060
2021-01-22,Warren,44,2245,975,82035
2021-01-23,Warren,14,2259,513,82548
2021-01-24,Warren,11,2270,564,83112
2021-01-25,Warren,51,2321,642,83754
2021-01-26,Warren,29,2350,734,84488
2021-01-27,Warren,35,2385,523,85011
2021-01-28,Warren,32,2417,842,85853
2021-01-29,Warren,14,2431,634,86487
2021-01-30,Warren,21,2452,751,87238
2021-01-31,Warren,9,2461,457,87695
2021-02-01,Warren,5,2466,323,88018
2021-02-02,Warren,28,2494,307,88325
2021-02-03,Warren,40,2534,660,88985
2021-02-04,Warren,20,2554,524,89509
2021-02-05,Warren,28,2582,546,90055
2021-02-06,Warren,14,2596,918,90973
2021-02-07,Warren,10,2606,422,91395
2021-02-08,Warren,14,2620,417,91812
2021-02-09,Warren,10,2630,426,92238
2021-02-10,Warren,24,2654,690,92928
2021-02-11,Warren,13,2667,513,93441
2021-02-12,Warren,13,2680,640,94081
2021-02-13,Warren,24,2704,766,94847
2021-02-14,Warren,6,2710,457,95304
2021-02-15,Warren,10,2720,300,95604
2021-02-16,Warren,6,2726,239,95843
2021-02-17,Warren,8,2734,408,96251
2021-02-18,Warren,20,2754,658,96909
2021-02-19,Warren,9,2763,493,97402
2021-02-20,Warren,6,2769,569,97971
2021-02-21,Warren,7,2776,323,98294
2021-02-22,Warren,15,2791,221,98515
2021-02-23,Warren,4,2795,564,99079
2021-02-24,Warren,12,2807,727,99806
2021-02-25,Warren,12,2819,727,100533
2021-02-26,Warren,10,2829,728,101261
2021-02-27,Warren,6,2835,767,102028
2021-02-28,Warren,6,2841,459,102487
2021-03-01,Warren,13,2854,355,102842
2021-03-02,Warren,10,2864,751,103593
2021-03-03,Warren,8,2872,698,104291
2021-03-04,Warren,18,2890,702,104993
2021-03-05,Warren,17,2907,561,105554
2021-03-06,Warren,6,2913,662,106216
2021-03-07,Warren,4,2917,532,106748
2021-03-08,Warren,8,2925,307,107055
2021-03-09,Warren,14,2939,420,107475
2021-03-10,Warren,7,2946,592,108067
2021-03-11,Warren,12,2958,776,108843
2021-03-12,Warren,10,2968,424,109267
2021-03-13,Warren,3,2971,818,110085
2021-03-14,Warren,6,2977,338,110423
2021-03-15,Warren,14,2991,442,110865
2021-03-16,Warren,12,3003,554,111419
2021-03-17,Warren,14,3017,633,112052
2021-03-18,Warren,5,3022,641,112693
2021-03-19,Warren,10,3032,377,113070
2021-03-20,Warren,8,3040,743,113813
2021-03-21,Warren,5,3045,395,114208
2021-03-22,Warren,23,3068,410,114618
2021-03-23,Warren,11,3079,568,115186
2021-03-24,Warren,20,3099,634,115820
2021-03-25,Warren,17,3116,725,116545
2021-03-26,Warren,16,3132,622,117167
2021-03-27,Warren,8,3140,902,118069
2021-03-28,Warren,8,3148,302,118371
2021-03-29,Warren,16,3164,571,118942
2021-03-30,Warren,16,3180,467,119409
2021-03-31,Warren,19,3199,698,120107
2021-04-01,Warren,12,3211,839,120946
2021-04-02,Warren,20,3231,589,121535
2021-04-03,Warren,3,3234,625,122160
2021-04-04,Warren,5,3239,462,122622
2021-04-05,Warren,12,3251,216,122838
2021-04-06,Warren,9,3260,483,123321
2021-04-07,Warren,20,3280,590,123911
2021-04-08,Warren,8,3288,655,124566
2021-04-09,Warren,11,3299,557,125123
2021-04-10,Warren,8,3307,570,125693
2021-04-11,Warren,7,3314,212,125905
2021-04-12,Warren,19,3333,270,126175
2021-04-13,Warren,4,3337,537,126712
2021-04-14,Warren,12,3349,688,127400
2021-04-15,Warren,11,3360,680,128080
2021-04-16,Warren,14,3374,484,128564
2021-04-17,Warren,12,3386,636,129200
2021-04-18,Warren,9,3395,380,129580
2021-04-19,Warren,4,3399,281,129861
2021-04-20,Warren,19,3418,514,130375
2021-04-21,Warren,13,3431,653,131028
2021-04-22,Warren,7,3438,478,131506
2021-04-23,Warren,11,3449,773,132279
2021-04-24,Warren,5,3454,532,132811
2021-04-25,Warren,4,3458,240,133051
2021-04-26,Warren,10,3468,360,133411
2021-04-27,Warren,4,3472,212,133623
2021-04-28,Warren,4,3476,631,134254
2021-04-29,Warren,6,3482,409,134663
2021-04-30,Warren,6,3488,616,135279
2021-05-01,Warren,0,3488,482,135761
2021-05-02,Warren,1,3489,361,136122
2021-05-03,Warren,8,3497,165,136287
2021-05-04,Warren,10,3507,453,136740
2021-05-05,Warren,6,3513,405,137145
2021-05-06,Warren,16,3529,516,137661
2021-05-07,Warren,11,3540,616,138277
2021-05-08,Warren,8,3548,430,138707
2021-05-09,Warren,4,3552,313,139020
2021-05-10,Warren,11,3563,256,139276
2021-05-11,Warren,6,3569,459,139735
2021-05-12,Warren,8,3577,513,140248
2021-05-13,Warren,3,3580,438,140686
2021-05-14,Warren,5,3585,600,141286
2021-05-15,Warren,5,3590,275,141561
2021-05-16,Warren,2,3592,238,141799
2021-05-17,Warren,2,3594,175,141974
2021-05-18,Warren,5,3599,337,142311
2021-05-19,Warren,3,3602,394,142705
2021-05-20,Warren,6,3608,480,143185
2021-05-21,Warren,4,3612,435,143620
2021-05-22,Warren,2,3614,279,143899
2021-05-23,Warren,8,3622,283,144182
2021-05-24,Warren,1,3623,139,144321
2021-05-25,Warren,4,3627,288,144609
2021-05-26,Warren,2,3629,331,144940
2021-05-27,Warren,1,3630,236,145176
2021-05-28,Warren,4,3634,362,145538
2021-05-29,Warren,1,3635,270,145808
2021-05-30,Warren,3,3638,141,145949
2021-05-31,Warren,0,3638,107,146056
2021-06-01,Warren,2,3640,123,146179
2021-06-02,Warren,5,3645,252,146431
2021-06-03,Warren,3,3648,439,146870
2021-06-04,Warren,5,3653,484,147354
2021-06-05,Warren,3,3656,319,147673
2021-06-06,Warren,0,3656,125,147798
2021-06-07,Warren,0,3656,385,148183
2021-06-08,Warren,0,3656,161,148344
2021-06-09,Warren,1,3657,362,148706
2021-06-10,Warren,1,3658,259,148965
2021-06-11,Warren,0,3658,410,149375
2021-06-12,Warren,0,3658,281,149656
2021-06-13,Warren,0,3658,64,149720
2021-06-14,Warren,0,3658,72,149792
2021-06-15,Warren,0,3658,197,149989
2021-06-16,Warren,1,3659,292,150281
2021-06-17,Warren,1,3660,165,150446
2021-06-18,Warren,1,3661,447,150893
2021-06-19,Warren,4,3665,251,151144
2021-06-20,Warren,2,3667,198,151342
2021-06-21,Warren,0,3667,73,151415
2021-06-22,Warren,1,3668,113,151528
2021-06-23,Warren,2,3670,204,151732
2021-06-24,Warren,0,3670,126,151858
2021-06-25,Warren,0,3670,167,152025
2021-06-26,Warren,0,3670,206,152231
2021-06-27,Warren,2,3672,223,152454
2021-06-28,Warren,1,3673,500,152954
2021-06-29,Warren,1,3674,110,153064
2021-06-30,Warren,1,3675,166,153230
2021-07-01,Warren,2,3677,199,153429
2021-07-02,Warren,3,3680,618,154047
2021-07-03,Warren,0,3680,115,154162
2021-07-04,Warren,0,3680,77,154239
2021-07-05,Warren,0,3680,59,154298
2021-07-06,Warren,1,3681,682,154980
2021-07-07,Warren,0,3681,132,155112
2021-07-08,Warren,1,3682,187,155299
2021-07-09,Warren,1,3683,175,155474
2021-07-10,Warren,5,3688,367,155841
2021-07-11,Warren,3,3691,93,155934
2021-07-12,Warren,1,3692,72,156006
2021-07-13,Warren,6,3698,142,156148
2021-07-14,Warren,2,3700,161,156309
2021-07-15,Warren,3,3703,121,156430
2021-07-16,Warren,2,3705,138,156568
2021-07-17,Warren,1,3706,150,156718
2021-07-18,Warren,5,3711,103,156821
2020-03-01,Washington,0,0,0,0
2020-03-02,Washington,0,0,0,0
2020-03-03,Washington,0,0,0,0
2020-03-04,Washington,0,0,0,0
2020-03-05,Washington,0,0,0,0
2020-03-06,Washington,0,0,0,0
2020-03-07,Washington,0,0,0,0
2020-03-08,Washington,0,0,2,2
2020-03-09,Washington,0,0,0,2
2020-03-10,Washington,0,0,1,3
2020-03-11,Washington,0,0,4,7
2020-03-12,Washington,0,0,0,7
2020-03-13,Washington,0,0,1,8
2020-03-14,Washington,0,0,1,9
2020-03-15,Washington,0,0,5,14
2020-03-16,Washington,0,0,4,18
2020-03-17,Washington,1,1,9,27
2020-03-18,Washington,0,1,5,32
2020-03-19,Washington,0,1,8,40
2020-03-20,Washington,0,1,10,50
2020-03-21,Washington,0,1,18,68
2020-03-22,Washington,2,3,52,120
2020-03-23,Washington,0,3,7,127
2020-03-24,Washington,1,4,25,152
2020-03-25,Washington,0,4,18,170
2020-03-26,Washington,2,6,19,189
2020-03-27,Washington,0,6,40,229
2020-03-28,Washington,1,7,20,249
2020-03-29,Washington,0,7,10,259
2020-03-30,Washington,3,10,7,266
2020-03-31,Washington,0,10,5,271
2020-04-01,Washington,2,12,9,280
2020-04-02,Washington,3,15,13,293
2020-04-03,Washington,1,16,9,302
2020-04-04,Washington,2,18,15,317
2020-04-05,Washington,1,19,2,319
2020-04-06,Washington,0,19,13,332
2020-04-07,Washington,1,20,27,359
2020-04-08,Washington,5,25,24,383
2020-04-09,Washington,1,26,14,397
2020-04-10,Washington,5,31,16,413
2020-04-11,Washington,3,34,18,431
2020-04-12,Washington,3,37,15,446
2020-04-13,Washington,3,40,36,482
2020-04-14,Washington,2,42,8,490
2020-04-15,Washington,4,46,24,514
2020-04-16,Washington,2,48,19,533
2020-04-17,Washington,4,52,25,558
2020-04-18,Washington,11,63,35,593
2020-04-19,Washington,2,65,9,602
2020-04-20,Washington,3,68,12,614
2020-04-21,Washington,5,73,17,631
2020-04-22,Washington,7,80,36,667
2020-04-23,Washington,3,83,26,693
2020-04-24,Washington,30,113,134,827
2020-04-25,Washington,14,127,51,878
2020-04-26,Washington,3,130,37,915
2020-04-27,Washington,1,131,13,928
2020-04-28,Washington,3,134,19,947
2020-04-29,Washington,14,148,58,1005
2020-04-30,Washington,22,170,88,1093
2020-05-01,Washington,14,184,63,1156
2020-05-02,Washington,2,186,63,1219
2020-05-03,Washington,2,188,31,1250
2020-05-04,Washington,0,188,22,1272
2020-05-05,Washington,1,189,25,1297
2020-05-06,Washington,1,190,20,1317
2020-05-07,Washington,11,201,106,1423
2020-05-08,Washington,3,204,86,1509
2020-05-09,Washington,2,206,60,1569
2020-05-10,Washington,4,210,39,1608
2020-05-11,Washington,0,210,24,1632
2020-05-12,Washington,4,214,66,1698
2020-05-13,Washington,1,215,77,1775
2020-05-14,Washington,2,217,65,1840
2020-05-15,Washington,1,218,75,1915
2020-05-16,Washington,1,219,70,1985
2020-05-17,Washington,0,219,47,2032
2020-05-18,Washington,1,220,41,2073
2020-05-19,Washington,1,221,66,2139
2020-05-20,Washington,1,222,87,2226
2020-05-21,Washington,2,224,100,2326
2020-05-22,Washington,1,225,70,2396
2020-05-23,Washington,1,226,213,2609
2020-05-24,Washington,2,228,51,2660
2020-05-25,Washington,0,228,106,2766
2020-05-26,Washington,0,228,107,2873
2020-05-27,Washington,3,231,293,3166
2020-05-28,Washington,1,232,340,3506
2020-05-29,Washington,3,235,240,3746
2020-05-30,Washington,0,235,222,3968
2020-05-31,Washington,0,235,99,4067
2020-06-01,Washington,2,237,81,4148
2020-06-02,Washington,1,238,270,4418
2020-06-03,Washington,0,238,354,4772
2020-06-04,Washington,2,240,158,4930
2020-06-05,Washington,0,240,254,5184
2020-06-06,Washington,0,240,243,5427
2020-06-07,Washington,0,240,211,5638
2020-06-08,Washington,0,240,32,5670
2020-06-09,Washington,0,240,260,5930
2020-06-10,Washington,1,241,230,6160
2020-06-11,Washington,1,242,368,6528
2020-06-12,Washington,0,242,238,6766
2020-06-13,Washington,1,243,99,6865
2020-06-14,Washington,0,243,185,7050
2020-06-15,Washington,0,243,67,7117
2020-06-16,Washington,0,243,164,7281
2020-06-17,Washington,0,243,171,7452
2020-06-18,Washington,0,243,148,7600
2020-06-19,Washington,1,244,206,7806
2020-06-20,Washington,0,244,121,7927
2020-06-21,Washington,0,244,118,8045
2020-06-22,Washington,0,244,35,8080
2020-06-23,Washington,0,244,239,8319
2020-06-24,Washington,1,245,185,8504
2020-06-25,Washington,0,245,109,8613
2020-06-26,Washington,0,245,213,8826
2020-06-27,Washington,1,246,193,9019
2020-06-28,Washington,0,246,157,9176
2020-06-29,Washington,0,246,50,9226
2020-06-30,Washington,0,246,172,9398
2020-07-01,Washington,0,246,156,9554
2020-07-02,Washington,0,246,86,9640
2020-07-03,Washington,0,246,192,9832
2020-07-04,Washington,0,246,79,9911
2020-07-05,Washington,1,247,206,10117
2020-07-06,Washington,0,247,55,10172
2020-07-07,Washington,0,247,196,10368
2020-07-08,Washington,1,248,160,10528
2020-07-09,Washington,1,249,242,10770
2020-07-10,Washington,0,249,176,10946
2020-07-11,Washington,0,249,153,11099
2020-07-12,Washington,0,249,148,11247
2020-07-13,Washington,1,250,111,11358
2020-07-14,Washington,0,250,178,11536
2020-07-15,Washington,0,250,95,11631
2020-07-16,Washington,0,250,196,11827
2020-07-17,Washington,0,250,247,12074
2020-07-18,Washington,0,250,135,12209
2020-07-19,Washington,0,250,115,12324
2020-07-20,Washington,0,250,140,12464
2020-07-21,Washington,1,251,329,12793
2020-07-22,Washington,1,252,250,13043
2020-07-23,Washington,0,252,219,13262
2020-07-24,Washington,0,252,275,13537
2020-07-25,Washington,1,253,300,13837
2020-07-26,Washington,1,254,271,14108
2020-07-27,Washington,0,254,96,14204
2020-07-28,Washington,0,254,142,14346
2020-07-29,Washington,0,254,144,14490
2020-07-30,Washington,0,254,249,14739
2020-07-31,Washington,1,255,261,15000
2020-08-01,Washington,0,255,96,15096
2020-08-02,Washington,0,255,106,15202
2020-08-03,Washington,0,255,211,15413
2020-08-04,Washington,0,255,90,15503
2020-08-05,Washington,1,256,74,15577
2020-08-06,Washington,0,256,260,15837
2020-08-07,Washington,1,257,84,15921
2020-08-08,Washington,2,259,105,16026
2020-08-09,Washington,1,260,122,16148
2020-08-10,Washington,0,260,145,16293
2020-08-11,Washington,0,260,200,16493
2020-08-12,Washington,0,260,239,16732
2020-08-13,Washington,0,260,224,16956
2020-08-14,Washington,1,261,242,17198
2020-08-15,Washington,0,261,202,17400
2020-08-16,Washington,0,261,144,17544
2020-08-17,Washington,1,262,180,17724
2020-08-18,Washington,0,262,140,17864
2020-08-19,Washington,2,264,183,18047
2020-08-20,Washington,0,264,260,18307
2020-08-21,Washington,2,266,275,18582
2020-08-22,Washington,0,266,235,18817
2020-08-23,Washington,0,266,168,18985
2020-08-24,Washington,0,266,194,19179
2020-08-25,Washington,0,266,119,19298
2020-08-26,Washington,0,266,164,19462
2020-08-27,Washington,1,267,137,19599
2020-08-28,Washington,0,267,257,19856
2020-08-29,Washington,0,267,204,20060
2020-08-30,Washington,0,267,122,20182
2020-08-31,Washington,1,268,111,20293
2020-09-01,Washington,0,268,408,20701
2020-09-02,Washington,0,268,176,20877
2020-09-03,Washington,1,269,189,21066
2020-09-04,Washington,0,269,138,21204
2020-09-05,Washington,1,270,173,21377
2020-09-06,Washington,0,270,117,21494
2020-09-07,Washington,1,271,105,21599
2020-09-08,Washington,1,272,321,21920
2020-09-09,Washington,0,272,92,22012
2020-09-10,Washington,3,275,246,22258
2020-09-11,Washington,8,283,230,22488
2020-09-12,Washington,1,284,149,22637
2020-09-13,Washington,0,284,184,22821
2020-09-14,Washington,0,284,117,22938
2020-09-15,Washington,2,286,249,23187
2020-09-16,Washington,1,287,191,23378
2020-09-17,Washington,0,287,210,23588
2020-09-18,Washington,0,287,185,23773
2020-09-19,Washington,0,287,214,23987
2020-09-20,Washington,0,287,110,24097
2020-09-21,Washington,1,288,356,24453
2020-09-22,Washington,1,289,193,24646
2020-09-23,Washington,5,294,295,24941
2020-09-24,Washington,0,294,215,25156
2020-09-25,Washington,2,296,311,25467
2020-09-26,Washington,0,296,274,25741
2020-09-27,Washington,3,299,165,25906
2020-09-28,Washington,2,301,313,26219
2020-09-29,Washington,1,302,243,26462
2020-09-30,Washington,0,302,335,26797
2020-10-01,Washington,3,305,248,27045
2020-10-02,Washington,2,307,345,27390
2020-10-03,Washington,0,307,387,27777
2020-10-04,Washington,0,307,128,27905
2020-10-05,Washington,3,310,324,28229
2020-10-06,Washington,1,311,226,28455
2020-10-07,Washington,3,314,271,28726
2020-10-08,Washington,3,317,423,29149
2020-10-09,Washington,0,317,256,29405
2020-10-10,Washington,0,317,294,29699
2020-10-11,Washington,1,318,168,29867
2020-10-12,Washington,1,319,388,30255
2020-10-13,Washington,3,322,184,30439
2020-10-14,Washington,2,324,301,30740
2020-10-15,Washington,1,325,485,31225
2020-10-16,Washington,1,326,329,31554
2020-10-17,Washington,0,326,248,31802
2020-10-18,Washington,0,326,172,31974
2020-10-19,Washington,0,326,283,32257
2020-10-20,Washington,0,326,193,32450
2020-10-21,Washington,0,326,271,32721
2020-10-22,Washington,1,327,286,33007
2020-10-23,Washington,3,330,375,33382
2020-10-24,Washington,2,332,301,33683
2020-10-25,Washington,2,334,174,33857
2020-10-26,Washington,1,335,345,34202
2020-10-27,Washington,1,336,167,34369
2020-10-28,Washington,2,338,244,34613
2020-10-29,Washington,2,340,313,34926
2020-10-30,Washington,7,347,349,35275
2020-10-31,Washington,3,350,306,35581
2020-11-01,Washington,3,353,189,35770
2020-11-02,Washington,3,356,320,36090
2020-11-03,Washington,2,358,400,36490
2020-11-04,Washington,3,361,487,36977
2020-11-05,Washington,16,377,484,37461
2020-11-06,Washington,3,380,652,38113
2020-11-07,Washington,0,380,600,38713
2020-11-08,Washington,2,382,125,38838
2020-11-09,Washington,2,384,541,39379
2020-11-10,Washington,6,390,809,40188
2020-11-11,Washington,0,390,503,40691
2020-11-12,Washington,5,395,310,41001
2020-11-13,Washington,5,400,255,41256
2020-11-14,Washington,3,403,169,41425
2020-11-15,Washington,1,404,110,41535
2020-11-16,Washington,3,407,368,41903
2020-11-17,Washington,0,407,336,42239
2020-11-18,Washington,4,411,401,42640
2020-11-19,Washington,3,414,195,42835
2020-11-20,Washington,4,418,485,43320
2020-11-21,Washington,4,422,203,43523
2020-11-22,Washington,8,430,472,43995
2020-11-23,Washington,3,433,347,44342
2020-11-24,Washington,2,435,212,44554
2020-11-25,Washington,4,439,362,44916
2020-11-26,Washington,1,440,457,45373
2020-11-27,Washington,4,444,167,45540
2020-11-28,Washington,5,449,250,45790
2020-11-29,Washington,3,452,189,45979
2020-11-30,Washington,5,457,396,46375
2020-12-01,Washington,4,461,326,46701
2020-12-02,Washington,3,464,300,47001
2020-12-03,Washington,6,470,333,47334
2020-12-04,Washington,13,483,352,47686
2020-12-05,Washington,6,489,299,47985
2020-12-06,Washington,2,491,161,48146
2020-12-07,Washington,12,503,356,48502
2020-12-08,Washington,3,506,155,48657
2020-12-09,Washington,12,518,493,49150
2020-12-10,Washington,20,538,379,49529
2020-12-11,Washington,11,549,373,49902
2020-12-12,Washington,25,574,433,50335
2020-12-13,Washington,13,587,364,50699
2020-12-14,Washington,10,597,251,50950
2020-12-15,Washington,9,606,305,51255
2020-12-16,Washington,13,619,367,51622
2020-12-17,Washington,6,625,421,52043
2020-12-18,Washington,9,634,285,52328
2020-12-19,Washington,7,641,334,52662
2020-12-20,Washington,10,651,267,52929
2020-12-21,Washington,20,671,227,53156
2020-12-22,Washington,6,677,135,53291
2020-12-23,Washington,26,703,455,53746
2020-12-24,Washington,10,713,285,54031
2020-12-25,Washington,27,740,464,54495
2020-12-26,Washington,9,749,509,55004
2020-12-27,Washington,18,767,416,55420
2020-12-28,Washington,8,775,323,55743
2020-12-29,Washington,30,805,211,55954
2020-12-30,Washington,20,825,379,56333
2020-12-31,Washington,49,874,535,56868
2021-01-01,Washington,15,889,609,57477
2021-01-02,Washington,42,931,491,57968
2021-01-03,Washington,9,940,347,58315
2021-01-04,Washington,42,982,357,58672
2021-01-05,Washington,24,1006,418,59090
2021-01-06,Washington,48,1054,536,59626
2021-01-07,Washington,61,1115,661,60287
2021-01-08,Washington,52,1167,838,61125
2021-01-09,Washington,38,1205,840,61965
2021-01-10,Washington,24,1229,706,62671
2021-01-11,Washington,43,1272,666,63337
2021-01-12,Washington,41,1313,450,63787
2021-01-13,Washington,19,1332,472,64259
2021-01-14,Washington,49,1381,833,65092
2021-01-15,Washington,43,1424,812,65904
2021-01-16,Washington,14,1438,673,66577
2021-01-17,Washington,35,1473,629,67206
2021-01-18,Washington,29,1502,509,67715
2021-01-19,Washington,40,1542,731,68446
2021-01-20,Washington,32,1574,633,69079
2021-01-21,Washington,38,1612,684,69763
2021-01-22,Washington,32,1644,584,70347
2021-01-23,Washington,35,1679,753,71100
2021-01-24,Washington,24,1703,422,71522
2021-01-25,Washington,32,1735,459,71981
2021-01-26,Washington,27,1762,411,72392
2021-01-27,Washington,23,1785,523,72915
2021-01-28,Washington,33,1818,605,73520
2021-01-29,Washington,14,1832,591,74111
2021-01-30,Washington,22,1854,574,74685
2021-01-31,Washington,21,1875,389,75074
2021-02-01,Washington,14,1889,377,75451
2021-02-02,Washington,18,1907,324,75775
2021-02-03,Washington,35,1942,719,76494
2021-02-04,Washington,38,1980,517,77011
2021-02-05,Washington,23,2003,726,77737
2021-02-06,Washington,24,2027,660,78397
2021-02-07,Washington,28,2055,459,78856
2021-02-08,Washington,24,2079,489,79345
2021-02-09,Washington,15,2094,334,79679
2021-02-10,Washington,16,2110,581,80260
2021-02-11,Washington,21,2131,537,80797
2021-02-12,Washington,16,2147,575,81372
2021-02-13,Washington,13,2160,450,81822
2021-02-14,Washington,7,2167,501,82323
2021-02-15,Washington,23,2190,431,82754
2021-02-16,Washington,9,2199,328,83082
2021-02-17,Washington,3,2202,320,83402
2021-02-18,Washington,20,2222,565,83967
2021-02-19,Washington,10,2232,464,84431
2021-02-20,Washington,16,2248,530,84961
2021-02-21,Washington,11,2259,286,85247
2021-02-22,Washington,12,2271,156,85403
2021-02-23,Washington,8,2279,384,85787
2021-02-24,Washington,16,2295,877,86664
2021-02-25,Washington,25,2320,484,87148
2021-02-26,Washington,6,2326,581,87729
2021-02-27,Washington,9,2335,459,88188
2021-02-28,Washington,8,2343,386,88574
2021-03-01,Washington,10,2353,259,88833
2021-03-02,Washington,7,2360,590,89423
2021-03-03,Washington,6,2366,501,89924
2021-03-04,Washington,14,2380,488,90412
2021-03-05,Washington,17,2397,607,91019
2021-03-06,Washington,9,2406,542,91561
2021-03-07,Washington,6,2412,264,91825
2021-03-08,Washington,6,2418,395,92220
2021-03-09,Washington,8,2426,342,92562
2021-03-10,Washington,9,2435,496,93058
2021-03-11,Washington,13,2448,717,93775
2021-03-12,Washington,12,2460,714,94489
2021-03-13,Washington,4,2464,590,95079
2021-03-14,Washington,7,2471,244,95323
2021-03-15,Washington,11,2482,395,95718
2021-03-16,Washington,11,2493,386,96104
2021-03-17,Washington,8,2501,476,96580
2021-03-18,Washington,6,2507,446,97026
2021-03-19,Washington,8,2515,684,97710
2021-03-20,Washington,16,2531,469,98179
2021-03-21,Washington,7,2538,261,98440
2021-03-22,Washington,19,2557,335,98775
2021-03-23,Washington,12,2569,414,99189
2021-03-24,Washington,13,2582,512,99701
2021-03-25,Washington,8,2590,491,100192
2021-03-26,Washington,30,2620,863,101055
2021-03-27,Washington,17,2637,657,101712
2021-03-28,Washington,10,2647,376,102088
2021-03-29,Washington,17,2664,442,102530
2021-03-30,Washington,12,2676,400,102930
2021-03-31,Washington,15,2691,568,103498
2021-04-01,Washington,17,2708,444,103942
2021-04-02,Washington,6,2714,656,104598
2021-04-03,Washington,11,2725,442,105040
2021-04-04,Washington,8,2733,407,105447
2021-04-05,Washington,6,2739,389,105836
2021-04-06,Washington,16,2755,459,106295
2021-04-07,Washington,13,2768,611,106906
2021-04-08,Washington,11,2779,478,107384
2021-04-09,Washington,10,2789,531,107915
2021-04-10,Washington,3,2792,407,108322
2021-04-11,Washington,3,2795,422,108744
2021-04-12,Washington,8,2803,277,109021
2021-04-13,Washington,10,2813,461,109482
2021-04-14,Washington,13,2826,503,109985
2021-04-15,Washington,14,2840,622,110607
2021-04-16,Washington,7,2847,542,111149
2021-04-17,Washington,10,2857,666,111815
2021-04-18,Washington,10,2867,326,112141
2021-04-19,Washington,3,2870,203,112344
2021-04-20,Washington,9,2879,425,112769
2021-04-21,Washington,13,2892,604,113373
2021-04-22,Washington,8,2900,422,113795
2021-04-23,Washington,15,2915,679,114474
2021-04-24,Washington,6,2921,634,115108
2021-04-25,Washington,3,2924,228,115336
2021-04-26,Washington,3,2927,327,115663
2021-04-27,Washington,6,2933,314,115977
2021-04-28,Washington,13,2946,798,116775
2021-04-29,Washington,16,2962,540,117315
2021-04-30,Washington,11,2973,754,118069
2021-05-01,Washington,8,2981,346,118415
2021-05-02,Washington,2,2983,253,118668
2021-05-03,Washington,11,2994,208,118876
2021-05-04,Washington,17,3011,487,119363
2021-05-05,Washington,5,3016,609,119972
2021-05-06,Washington,11,3027,480,120452
2021-05-07,Washington,10,3037,826,121278
2021-05-08,Washington,3,3040,339,121617
2021-05-09,Washington,8,3048,340,121957
2021-05-10,Washington,7,3055,209,122166
2021-05-11,Washington,9,3064,429,122595
2021-05-12,Washington,9,3073,524,123119
2021-05-13,Washington,2,3075,388,123507
2021-05-14,Washington,10,3085,642,124149
2021-05-15,Washington,6,3091,282,124431
2021-05-16,Washington,4,3095,196,124627
2021-05-17,Washington,0,3095,280,124907
2021-05-18,Washington,6,3101,400,125307
2021-05-19,Washington,3,3104,407,125714
2021-05-20,Washington,2,3106,428,126142
2021-05-21,Washington,6,3112,446,126588
2021-05-22,Washington,3,3115,270,126858
2021-05-23,Washington,1,3116,245,127103
2021-05-24,Washington,1,3117,257,127360
2021-05-25,Washington,2,3119,368,127728
2021-05-26,Washington,6,3125,335,128063
2021-05-27,Washington,2,3127,346,128409
2021-05-28,Washington,3,3130,327,128736
2021-05-29,Washington,6,3136,440,129176
2021-05-30,Washington,0,3136,100,129276
2021-05-31,Washington,2,3138,86,129362
2021-06-01,Washington,3,3141,136,129498
2021-06-02,Washington,1,3142,421,129919
2021-06-03,Washington,0,3142,517,130436
2021-06-04,Washington,4,3146,400,130836
2021-06-05,Washington,1,3147,268,131104
2021-06-06,Washington,0,3147,111,131215
2021-06-07,Washington,3,3150,385,131600
2021-06-08,Washington,2,3152,318,131918
2021-06-09,Washington,3,3155,288,132206
2021-06-10,Washington,4,3159,324,132530
2021-06-11,Washington,0,3159,334,132864
2021-06-12,Washington,0,3159,265,133129
2021-06-13,Washington,2,3161,89,133218
2021-06-14,Washington,1,3162,88,133306
2021-06-15,Washington,0,3162,339,133645
2021-06-16,Washington,0,3162,282,133927
2021-06-17,Washington,0,3162,186,134113
2021-06-18,Washington,0,3162,341,134454
2021-06-19,Washington,1,3163,189,134643
2021-06-20,Washington,1,3164,99,134742
2021-06-21,Washington,0,3164,139,134881
2021-06-22,Washington,1,3165,178,135059
2021-06-23,Washington,0,3165,163,135222
2021-06-24,Washington,0,3165,170,135392
2021-06-25,Washington,0,3165,166,135558
2021-06-26,Washington,1,3166,122,135680
2021-06-27,Washington,0,3166,91,135771
2021-06-28,Washington,0,3166,93,135864
2021-06-29,Washington,1,3167,101,135965
2021-06-30,Washington,0,3167,179,136144
2021-07-01,Washington,0,3167,133,136277
2021-07-02,Washington,0,3167,179,136456
2021-07-03,Washington,0,3167,102,136558
2021-07-04,Washington,0,3167,83,136641
2021-07-05,Washington,2,3169,42,136683
2021-07-06,Washington,0,3169,66,136749
2021-07-07,Washington,0,3169,168,136917
2021-07-08,Washington,1,3170,127,137044
2021-07-09,Washington,0,3170,181,137225
2021-07-10,Washington,0,3170,63,137288
2021-07-11,Washington,0,3170,66,137354
2021-07-12,Washington,0,3170,80,137434
2021-07-13,Washington,2,3172,80,137514
2021-07-14,Washington,0,3172,158,137672
2021-07-15,Washington,0,3172,132,137804
2021-07-16,Washington,4,3176,97,137901
2021-07-17,Washington,1,3177,105,138006
2021-07-18,Washington,1,3178,82,138088
2020-03-01,Wayne,0,0,0,0
2020-03-02,Wayne,0,0,0,0
2020-03-03,Wayne,0,0,0,0
2020-03-04,Wayne,0,0,0,0
2020-03-05,Wayne,0,0,0,0
2020-03-06,Wayne,0,0,0,0
2020-03-07,Wayne,0,0,0,0
2020-03-08,Wayne,0,0,0,0
2020-03-09,Wayne,0,0,0,0
2020-03-10,Wayne,0,0,0,0
2020-03-11,Wayne,0,0,0,0
2020-03-12,Wayne,0,0,0,0
2020-03-13,Wayne,0,0,2,2
2020-03-14,Wayne,0,0,1,3
2020-03-15,Wayne,0,0,3,6
2020-03-16,Wayne,0,0,3,9
2020-03-17,Wayne,0,0,10,19
2020-03-18,Wayne,1,1,15,34
2020-03-19,Wayne,0,1,21,55
2020-03-20,Wayne,2,3,13,68
2020-03-21,Wayne,0,3,9,77
2020-03-22,Wayne,3,6,14,91
2020-03-23,Wayne,0,6,17,108
2020-03-24,Wayne,1,7,15,123
2020-03-25,Wayne,1,8,37,160
2020-03-26,Wayne,3,11,27,187
2020-03-27,Wayne,1,12,32,219
2020-03-28,Wayne,0,12,13,232
2020-03-29,Wayne,3,15,24,256
2020-03-30,Wayne,4,19,28,284
2020-03-31,Wayne,5,24,33,317
2020-04-01,Wayne,3,27,28,345
2020-04-02,Wayne,3,30,28,373
2020-04-03,Wayne,0,30,35,408
2020-04-04,Wayne,2,32,24,432
2020-04-05,Wayne,2,34,15,447
2020-04-06,Wayne,1,35,31,478
2020-04-07,Wayne,4,39,46,524
2020-04-08,Wayne,0,39,34,558
2020-04-09,Wayne,2,41,34,592
2020-04-10,Wayne,1,42,17,609
2020-04-11,Wayne,0,42,7,616
2020-04-12,Wayne,0,42,8,624
2020-04-13,Wayne,6,48,39,663
2020-04-14,Wayne,0,48,20,683
2020-04-15,Wayne,1,49,12,695
2020-04-16,Wayne,0,49,7,702
2020-04-17,Wayne,0,49,7,709
2020-04-18,Wayne,1,50,6,715
2020-04-19,Wayne,0,50,2,717
2020-04-20,Wayne,1,51,8,725
2020-04-21,Wayne,1,52,16,741
2020-04-22,Wayne,1,53,13,754
2020-04-23,Wayne,0,53,12,766
2020-04-24,Wayne,12,65,257,1023
2020-04-25,Wayne,0,65,36,1059
2020-04-26,Wayne,4,69,28,1087
2020-04-27,Wayne,1,70,53,1140
2020-04-28,Wayne,0,70,45,1185
2020-04-29,Wayne,1,71,54,1239
2020-04-30,Wayne,0,71,56,1295
2020-05-01,Wayne,2,73,43,1338
2020-05-02,Wayne,2,75,86,1424
2020-05-03,Wayne,1,76,88,1512
2020-05-04,Wayne,2,78,66,1578
2020-05-05,Wayne,0,78,93,1671
2020-05-06,Wayne,0,78,93,1764
2020-05-07,Wayne,1,79,95,1859
2020-05-08,Wayne,0,79,63,1922
2020-05-09,Wayne,1,80,101,2023
2020-05-10,Wayne,1,81,72,2095
2020-05-11,Wayne,2,83,64,2159
2020-05-12,Wayne,1,84,168,2327
2020-05-13,Wayne,5,89,120,2447
2020-05-14,Wayne,2,91,110,2557
2020-05-15,Wayne,1,92,86,2643
2020-05-16,Wayne,4,96,118,2761
2020-05-17,Wayne,1,97,114,2875
2020-05-18,Wayne,1,98,128,3003
2020-05-19,Wayne,5,103,187,3190
2020-05-20,Wayne,0,103,155,3345
2020-05-21,Wayne,1,104,104,3449
2020-05-22,Wayne,3,107,163,3612
2020-05-23,Wayne,1,108,107,3719
2020-05-24,Wayne,1,109,106,3825
2020-05-25,Wayne,1,110,170,3995
2020-05-26,Wayne,0,110,339,4334
2020-05-27,Wayne,2,112,303,4637
2020-05-28,Wayne,1,113,290,4927
2020-05-29,Wayne,0,113,299,5226
2020-05-30,Wayne,2,115,284,5510
2020-05-31,Wayne,1,116,228,5738
2020-06-01,Wayne,0,116,216,5954
2020-06-02,Wayne,4,120,396,6350
2020-06-03,Wayne,1,121,468,6818
2020-06-04,Wayne,1,122,323,7141
2020-06-05,Wayne,1,123,409,7550
2020-06-06,Wayne,1,124,362,7912
2020-06-07,Wayne,1,125,322,8234
2020-06-08,Wayne,1,126,362,8596
2020-06-09,Wayne,0,126,388,8984
2020-06-10,Wayne,1,127,509,9493
2020-06-11,Wayne,2,129,460,9953
2020-06-12,Wayne,2,131,348,10301
2020-06-13,Wayne,2,133,363,10664
2020-06-14,Wayne,0,133,160,10824
2020-06-15,Wayne,1,134,456,11280
2020-06-16,Wayne,3,137,298,11578
2020-06-17,Wayne,2,139,184,11762
2020-06-18,Wayne,2,141,224,11986
2020-06-19,Wayne,2,143,280,12266
2020-06-20,Wayne,0,143,249,12515
2020-06-21,Wayne,0,143,239,12754
2020-06-22,Wayne,2,145,297,13051
2020-06-23,Wayne,5,150,305,13356
2020-06-24,Wayne,4,154,227,13583
2020-06-25,Wayne,5,159,171,13754
2020-06-26,Wayne,2,161,280,14034
2020-06-27,Wayne,1,162,246,14280
2020-06-28,Wayne,3,165,276,14556
2020-06-29,Wayne,5,170,334,14890
2020-06-30,Wayne,4,174,230,15120
2020-07-01,Wayne,2,176,298,15418
2020-07-02,Wayne,5,181,234,15652
2020-07-03,Wayne,2,183,269,15921
2020-07-04,Wayne,2,185,357,16278
2020-07-05,Wayne,1,186,259,16537
2020-07-06,Wayne,5,191,466,17003
2020-07-07,Wayne,2,193,270,17273
2020-07-08,Wayne,2,195,352,17625
2020-07-09,Wayne,6,201,354,17979
2020-07-10,Wayne,2,203,233,18212
2020-07-11,Wayne,2,205,325,18537
2020-07-12,Wayne,4,209,290,18827
2020-07-13,Wayne,5,214,285,19112
2020-07-14,Wayne,7,221,268,19380
2020-07-15,Wayne,2,223,370,19750
2020-07-16,Wayne,0,223,334,20084
2020-07-17,Wayne,2,225,430,20514
2020-07-18,Wayne,2,227,234,20748
2020-07-19,Wayne,1,228,274,21022
2020-07-20,Wayne,4,232,385,21407
2020-07-21,Wayne,4,236,343,21750
2020-07-22,Wayne,2,238,284,22034
2020-07-23,Wayne,1,239,414,22448
2020-07-24,Wayne,1,240,373,22821
2020-07-25,Wayne,1,241,363,23184
2020-07-26,Wayne,2,243,272,23456
2020-07-27,Wayne,0,243,356,23812
2020-07-28,Wayne,0,243,417,24229
2020-07-29,Wayne,0,243,355,24584
2020-07-30,Wayne,2,245,308,24892
2020-07-31,Wayne,0,245,458,25350
2020-08-01,Wayne,1,246,294,25644
2020-08-02,Wayne,1,247,224,25868
2020-08-03,Wayne,1,248,236,26104
2020-08-04,Wayne,0,248,304,26408
2020-08-05,Wayne,1,249,315,26723
2020-08-06,Wayne,0,249,346,27069
2020-08-07,Wayne,0,249,276,27345
2020-08-08,Wayne,1,250,417,27762
2020-08-09,Wayne,2,252,255,28017
2020-08-10,Wayne,0,252,257,28274
2020-08-11,Wayne,6,258,354,28628
2020-08-12,Wayne,5,263,535,29163
2020-08-13,Wayne,2,265,423,29586
2020-08-14,Wayne,4,269,369,29955
2020-08-15,Wayne,0,269,325,30280
2020-08-16,Wayne,0,269,273,30553
2020-08-17,Wayne,1,270,246,30799
2020-08-18,Wayne,0,270,364,31163
2020-08-19,Wayne,0,270,322,31485
2020-08-20,Wayne,2,272,475,31960
2020-08-21,Wayne,3,275,396,32356
2020-08-22,Wayne,0,275,393,32749
2020-08-23,Wayne,0,275,273,33022
2020-08-24,Wayne,0,275,200,33222
2020-08-25,Wayne,2,277,236,33458
2020-08-26,Wayne,2,279,438,33896
2020-08-27,Wayne,0,279,402,34298
2020-08-28,Wayne,1,280,335,34633
2020-08-29,Wayne,0,280,371,35004
2020-08-30,Wayne,0,280,215,35219
2020-08-31,Wayne,0,280,208,35427
2020-09-01,Wayne,1,281,271,35698
2020-09-02,Wayne,2,283,465,36163
2020-09-03,Wayne,5,288,417,36580
2020-09-04,Wayne,0,288,359,36939
2020-09-05,Wayne,3,291,340,37279
2020-09-06,Wayne,5,296,214,37493
2020-09-07,Wayne,0,296,166,37659
2020-09-08,Wayne,1,297,237,37896
2020-09-09,Wayne,1,298,272,38168
2020-09-10,Wayne,3,301,383,38551
2020-09-11,Wayne,0,301,426,38977
2020-09-12,Wayne,2,303,427,39404
2020-09-13,Wayne,0,303,243,39647
2020-09-14,Wayne,1,304,271,39918
2020-09-15,Wayne,0,304,297,40215
2020-09-16,Wayne,1,305,475,40690
2020-09-17,Wayne,1,306,352,41042
2020-09-18,Wayne,3,309,411,41453
2020-09-19,Wayne,1,310,446,41899
2020-09-20,Wayne,1,311,170,42069
2020-09-21,Wayne,0,311,418,42487
2020-09-22,Wayne,1,312,357,42844
2020-09-23,Wayne,2,314,448,43292
2020-09-24,Wayne,1,315,535,43827
2020-09-25,Wayne,1,316,586,44413
2020-09-26,Wayne,2,318,325,44738
2020-09-27,Wayne,2,320,262,45000
2020-09-28,Wayne,1,321,313,45313
2020-09-29,Wayne,2,323,402,45715
2020-09-30,Wayne,3,326,565,46280
2020-10-01,Wayne,5,331,452,46732
2020-10-02,Wayne,1,332,644,47376
2020-10-03,Wayne,0,332,343,47719
2020-10-04,Wayne,3,335,145,47864
2020-10-05,Wayne,2,337,411,48275
2020-10-06,Wayne,2,339,349,48624
2020-10-07,Wayne,8,347,470,49094
2020-10-08,Wayne,10,357,407,49501
2020-10-09,Wayne,4,361,507,50008
2020-10-10,Wayne,1,362,337,50345
2020-10-11,Wayne,3,365,331,50676
2020-10-12,Wayne,0,365,459,51135
2020-10-13,Wayne,2,367,306,51441
2020-10-14,Wayne,3,370,626,52067
2020-10-15,Wayne,3,373,362,52429
2020-10-16,Wayne,4,377,438,52867
2020-10-17,Wayne,2,379,296,53163
2020-10-18,Wayne,4,383,266,53429
2020-10-19,Wayne,3,386,321,53750
2020-10-20,Wayne,7,393,392,54142
2020-10-21,Wayne,7,400,384,54526
2020-10-22,Wayne,8,408,526,55052
2020-10-23,Wayne,24,432,520,55572
2020-10-24,Wayne,16,448,368,55940
2020-10-25,Wayne,23,471,367,56307
2020-10-26,Wayne,11,482,674,56981
2020-10-27,Wayne,6,488,388,57369
2020-10-28,Wayne,24,512,685,58054
2020-10-29,Wayne,18,530,686,58740
2020-10-30,Wayne,20,550,587,59327
2020-10-31,Wayne,11,561,339,59666
2020-11-01,Wayne,12,573,313,59979
2020-11-02,Wayne,15,588,486,60465
2020-11-03,Wayne,14,602,429,60894
2020-11-04,Wayne,20,622,764,61658
2020-11-05,Wayne,17,639,528,62186
2020-11-06,Wayne,16,655,617,62803
2020-11-07,Wayne,8,663,323,63126
2020-11-08,Wayne,13,676,324,63450
2020-11-09,Wayne,13,689,513,63963
2020-11-10,Wayne,15,704,468,64431
2020-11-11,Wayne,14,718,758,65189
2020-11-12,Wayne,17,735,549,65738
2020-11-13,Wayne,14,749,501,66239
2020-11-14,Wayne,8,757,335,66574
2020-11-15,Wayne,23,780,386,66960
2020-11-16,Wayne,28,808,522,67482
2020-11-17,Wayne,16,824,575,68057
2020-11-18,Wayne,30,854,795,68852
2020-11-19,Wayne,4,858,236,69088
2020-11-20,Wayne,43,901,797,69885
2020-11-21,Wayne,11,912,371,70256
2020-11-22,Wayne,55,967,1295,71551
2020-11-23,Wayne,16,983,650,72201
2020-11-24,Wayne,29,1012,483,72684
2020-11-25,Wayne,40,1052,589,73273
2020-11-26,Wayne,31,1083,777,74050
2020-11-27,Wayne,12,1095,532,74582
2020-11-28,Wayne,32,1127,541,75123
2020-11-29,Wayne,21,1148,701,75824
2020-11-30,Wayne,27,1175,487,76311
2020-12-01,Wayne,31,1206,717,77028
2020-12-02,Wayne,37,1243,621,77649
2020-12-03,Wayne,57,1300,646,78295
2020-12-04,Wayne,47,1347,879,79174
2020-12-05,Wayne,45,1392,672,79846
2020-12-06,Wayne,26,1418,354,80200
2020-12-07,Wayne,19,1437,435,80635
2020-12-08,Wayne,50,1487,568,81203
2020-12-09,Wayne,45,1532,904,82107
2020-12-10,Wayne,47,1579,623,82730
2020-12-11,Wayne,46,1625,785,83515
2020-12-12,Wayne,37,1662,667,84182
2020-12-13,Wayne,47,1709,956,85138
2020-12-14,Wayne,34,1743,504,85642
2020-12-15,Wayne,47,1790,455,86097
2020-12-16,Wayne,58,1848,760,86857
2020-12-17,Wayne,33,1881,646,87503
2020-12-18,Wayne,56,1937,765,88268
2020-12-19,Wayne,40,1977,700,88968
2020-12-20,Wayne,41,2018,634,89602
2020-12-21,Wayne,29,2047,596,90198
2020-12-22,Wayne,54,2101,759,90957
2020-12-23,Wayne,53,2154,591,91548
2020-12-24,Wayne,65,2219,1049,92597
2020-12-25,Wayne,43,2262,690,93287
2020-12-26,Wayne,26,2288,472,93759
2020-12-27,Wayne,64,2352,464,94223
2020-12-28,Wayne,44,2396,581,94804
2020-12-29,Wayne,81,2477,696,95500
2020-12-30,Wayne,82,2559,697,96197
2020-12-31,Wayne,73,2632,1137,97334
2021-01-01,Wayne,68,2700,709,98043
2021-01-02,Wayne,68,2768,630,98673
2021-01-03,Wayne,59,2827,459,99132
2021-01-04,Wayne,59,2886,438,99570
2021-01-05,Wayne,56,2942,594,100164
2021-01-06,Wayne,87,3029,917,101081
2021-01-07,Wayne,100,3129,1046,102127
2021-01-08,Wayne,63,3192,766,102893
2021-01-09,Wayne,85,3277,866,103759
2021-01-10,Wayne,33,3310,597,104356
2021-01-11,Wayne,42,3352,504,104860
2021-01-12,Wayne,43,3395,622,105482
2021-01-13,Wayne,53,3448,808,106290
2021-01-14,Wayne,79,3527,1081,107371
2021-01-15,Wayne,41,3568,943,108314
2021-01-16,Wayne,38,3606,727,109041
2021-01-17,Wayne,40,3646,596,109637
2021-01-18,Wayne,42,3688,588,110225
2021-01-19,Wayne,34,3722,491,110716
2021-01-20,Wayne,51,3773,620,111336
2021-01-21,Wayne,38,3811,825,112161
2021-01-22,Wayne,34,3845,648,112809
2021-01-23,Wayne,54,3899,678,113487
2021-01-24,Wayne,31,3930,498,113985
2021-01-25,Wayne,31,3961,778,114763
2021-01-26,Wayne,31,3992,482,115245
2021-01-27,Wayne,31,4023,758,116003
2021-01-28,Wayne,29,4052,780,116783
2021-01-29,Wayne,21,4073,648,117431
2021-01-30,Wayne,28,4101,702,118133
2021-01-31,Wayne,24,4125,502,118635
2021-02-01,Wayne,11,4136,338,118973
2021-02-02,Wayne,17,4153,511,119484
2021-02-03,Wayne,14,4167,676,120160
2021-02-04,Wayne,16,4183,516,120676
2021-02-05,Wayne,18,4201,765,121441
2021-02-06,Wayne,6,4207,638,122079
2021-02-07,Wayne,16,4223,556,122635
2021-02-08,Wayne,9,4232,211,122846
2021-02-09,Wayne,19,4251,587,123433
2021-02-10,Wayne,22,4273,695,124128
2021-02-11,Wayne,7,4280,439,124567
2021-02-12,Wayne,18,4298,719,125286
2021-02-13,Wayne,10,4308,568,125854
2021-02-14,Wayne,8,4316,439,126293
2021-02-15,Wayne,6,4322,400,126693
2021-02-16,Wayne,11,4333,458,127151
2021-02-17,Wayne,11,4344,487,127638
2021-02-18,Wayne,9,4353,544,128182
2021-02-19,Wayne,17,4370,551,128733
2021-02-20,Wayne,12,4382,725,129458
2021-02-21,Wayne,6,4388,324,129782
2021-02-22,Wayne,10,4398,328,130110
2021-02-23,Wayne,11,4409,612,130722
2021-02-24,Wayne,16,4425,594,131316
2021-02-25,Wayne,8,4433,500,131816
2021-02-26,Wayne,18,4451,747,132563
2021-02-27,Wayne,13,4464,664,133227
2021-02-28,Wayne,9,4473,465,133692
2021-03-01,Wayne,9,4482,210,133902
2021-03-02,Wayne,13,4495,628,134530
2021-03-03,Wayne,15,4510,516,135046
2021-03-04,Wayne,12,4522,788,135834
2021-03-05,Wayne,6,4528,571,136405
2021-03-06,Wayne,12,4540,635,137040
2021-03-07,Wayne,12,4552,398,137438
2021-03-08,Wayne,6,4558,310,137748
2021-03-09,Wayne,7,4565,542,138290
2021-03-10,Wayne,20,4585,573,138863
2021-03-11,Wayne,13,4598,747,139610
2021-03-12,Wayne,9,4607,629,140239
2021-03-13,Wayne,13,4620,712,140951
2021-03-14,Wayne,11,4631,420,141371
2021-03-15,Wayne,6,4637,323,141694
2021-03-16,Wayne,10,4647,516,142210
2021-03-17,Wayne,11,4658,644,142854
2021-03-18,Wayne,7,4665,743,143597
2021-03-19,Wayne,18,4683,609,144206
2021-03-20,Wayne,15,4698,669,144875
2021-03-21,Wayne,4,4702,447,145322
2021-03-22,Wayne,15,4717,398,145720
2021-03-23,Wayne,6,4723,642,146362
2021-03-24,Wayne,19,4742,846,147208
2021-03-25,Wayne,14,4756,782,147990
2021-03-26,Wayne,25,4781,716,148706
2021-03-27,Wayne,14,4795,771,149477
2021-03-28,Wayne,15,4810,521,149998
2021-03-29,Wayne,17,4827,283,150281
2021-03-30,Wayne,15,4842,562,150843
2021-03-31,Wayne,20,4862,557,151400
2021-04-01,Wayne,25,4887,925,152325
2021-04-02,Wayne,14,4901,654,152979
2021-04-03,Wayne,16,4917,753,153732
2021-04-04,Wayne,28,4945,325,154057
2021-04-05,Wayne,12,4957,273,154330
2021-04-06,Wayne,25,4982,711,155041
2021-04-07,Wayne,20,5002,625,155666
2021-04-08,Wayne,53,5055,1094,156760
2021-04-09,Wayne,29,5084,755,157515
2021-04-10,Wayne,21,5105,831,158346
2021-04-11,Wayne,14,5119,337,158683
2021-04-12,Wayne,20,5139,344,159027
2021-04-13,Wayne,15,5154,633,159660
2021-04-14,Wayne,42,5196,918,160578
2021-04-15,Wayne,17,5213,687,161265
2021-04-16,Wayne,33,5246,658,161923
2021-04-17,Wayne,14,5260,989,162912
2021-04-18,Wayne,12,5272,426,163338
2021-04-19,Wayne,13,5285,284,163622
2021-04-20,Wayne,19,5304,562,164184
2021-04-21,Wayne,25,5329,635,164819
2021-04-22,Wayne,15,5344,874,165693
2021-04-23,Wayne,15,5359,673,166366
2021-04-24,Wayne,18,5377,741,167107
2021-04-25,Wayne,10,5387,471,167578
2021-04-26,Wayne,10,5397,384,167962
2021-04-27,Wayne,14,5411,572,168534
2021-04-28,Wayne,11,5422,659,169193
2021-04-29,Wayne,20,5442,939,170132
2021-04-30,Wayne,15,5457,627,170759
2021-05-01,Wayne,14,5471,682,171441
2021-05-02,Wayne,14,5485,387,171828
2021-05-03,Wayne,9,5494,327,172155
2021-05-04,Wayne,19,5513,607,172762
2021-05-05,Wayne,18,5531,673,173435
2021-05-06,Wayne,15,5546,864,174299
2021-05-07,Wayne,14,5560,790,175089
2021-05-08,Wayne,26,5586,588,175677
2021-05-09,Wayne,7,5593,449,176126
2021-05-10,Wayne,9,5602,304,176430
2021-05-11,Wayne,11,5613,673,177103
2021-05-12,Wayne,9,5622,763,177866
2021-05-13,Wayne,14,5636,592,178458
2021-05-14,Wayne,14,5650,782,179240
2021-05-15,Wayne,10,5660,383,179623
2021-05-16,Wayne,4,5664,293,179916
2021-05-17,Wayne,16,5680,564,180480
2021-05-18,Wayne,5,5685,545,181025
2021-05-19,Wayne,16,5701,741,181766
2021-05-20,Wayne,10,5711,513,182279
2021-05-21,Wayne,7,5718,604,182883
2021-05-22,Wayne,5,5723,458,183341
2021-05-23,Wayne,5,5728,476,183817
2021-05-24,Wayne,4,5732,221,184038
2021-05-25,Wayne,2,5734,433,184471
2021-05-26,Wayne,3,5737,497,184968
2021-05-27,Wayne,0,5737,739,185707
2021-05-28,Wayne,2,5739,443,186150
2021-05-29,Wayne,4,5743,533,186683
2021-05-30,Wayne,2,5745,259,186942
2021-05-31,Wayne,0,5745,144,187086
2021-06-01,Wayne,1,5746,316,187402
2021-06-02,Wayne,1,5747,661,188063
2021-06-03,Wayne,5,5752,626,188689
2021-06-04,Wayne,6,5758,508,189197
2021-06-05,Wayne,3,5761,553,189750
2021-06-06,Wayne,3,5764,274,190024
2021-06-07,Wayne,1,5765,226,190250
2021-06-08,Wayne,1,5766,412,190662
2021-06-09,Wayne,2,5768,485,191147
2021-06-10,Wayne,7,5775,467,191614
2021-06-11,Wayne,3,5778,470,192084
2021-06-12,Wayne,3,5781,429,192513
2021-06-13,Wayne,1,5782,253,192766
2021-06-14,Wayne,1,5783,207,192973
2021-06-15,Wayne,0,5783,317,193290
2021-06-16,Wayne,0,5783,300,193590
2021-06-17,Wayne,0,5783,258,193848
2021-06-18,Wayne,2,5785,330,194178
2021-06-19,Wayne,0,5785,256,194434
2021-06-20,Wayne,1,5786,163,194597
2021-06-21,Wayne,1,5787,141,194738
2021-06-22,Wayne,4,5791,326,195064
2021-06-23,Wayne,1,5792,269,195333
2021-06-24,Wayne,1,5793,221,195554
2021-06-25,Wayne,0,5793,260,195814
2021-06-26,Wayne,1,5794,218,196032
2021-06-27,Wayne,0,5794,98,196130
2021-06-28,Wayne,0,5794,174,196304
2021-06-29,Wayne,2,5796,220,196524
2021-06-30,Wayne,0,5796,213,196737
2021-07-01,Wayne,1,5797,176,196913
2021-07-02,Wayne,0,5797,173,197086
2021-07-03,Wayne,1,5798,214,197300
2021-07-04,Wayne,2,5800,184,197484
2021-07-05,Wayne,0,5800,78,197562
2021-07-06,Wayne,0,5800,107,197669
2021-07-07,Wayne,1,5801,204,197873
2021-07-08,Wayne,2,5803,250,198123
2021-07-09,Wayne,1,5804,210,198333
2021-07-10,Wayne,1,5805,199,198532
2021-07-11,Wayne,0,5805,128,198660
2021-07-12,Wayne,1,5806,103,198763
2021-07-13,Wayne,0,5806,166,198929
2021-07-14,Wayne,0,5806,208,199137
2021-07-15,Wayne,0,5806,180,199317
2021-07-16,Wayne,0,5806,129,199446
2021-07-17,Wayne,0,5806,147,199593
2021-07-18,Wayne,3,5809,105,199698
2020-03-01,Westchester,0,0,0,0
2020-03-02,Westchester,1,1,1,1
2020-03-03,Westchester,0,1,1,2
2020-03-04,Westchester,0,1,0,2
2020-03-05,Westchester,19,20,42,44
2020-03-06,Westchester,0,20,9,53
2020-03-07,Westchester,22,42,110,163
2020-03-08,Westchester,18,60,207,370
2020-03-09,Westchester,42,102,222,592
2020-03-10,Westchester,9,111,177,769
2020-03-11,Westchester,21,132,183,952
2020-03-12,Westchester,19,151,108,1060
2020-03-13,Westchester,20,171,209,1269
2020-03-14,Westchester,11,182,220,1489
2020-03-15,Westchester,41,223,372,1861
2020-03-16,Westchester,157,380,1219,3080
2020-03-17,Westchester,158,538,1026,4106
2020-03-18,Westchester,261,799,1588,5694
2020-03-19,Westchester,292,1091,1483,7177
2020-03-20,Westchester,296,1387,1459,8636
2020-03-21,Westchester,486,1873,2011,10647
2020-03-22,Westchester,1021,2894,4037,14684
2020-03-23,Westchester,997,3891,3282,17966
2020-03-24,Westchester,800,4691,2371,20337
2020-03-25,Westchester,1253,5944,5951,26288
2020-03-26,Westchester,1243,7187,3227,29515
2020-03-27,Westchester,688,7875,1588,31103
2020-03-28,Westchester,644,8519,1410,32513
2020-03-29,Westchester,807,9326,1595,34108
2020-03-30,Westchester,641,9967,1515,35623
2020-03-31,Westchester,716,10683,1567,37190
2020-04-01,Westchester,884,11567,1891,39081
2020-04-02,Westchester,784,12351,1632,40713
2020-04-03,Westchester,730,13081,1621,42334
2020-04-04,Westchester,642,13723,1621,43955
2020-04-05,Westchester,571,14294,1398,45353
2020-04-06,Westchester,510,14804,1348,46701
2020-04-07,Westchester,1083,15887,2647,49348
2020-04-08,Westchester,1117,17004,2889,52237
2020-04-09,Westchester,1073,18077,2911,55148
2020-04-10,Westchester,652,18729,1679,56827
2020-04-11,Westchester,584,19313,1472,58299
2020-04-12,Westchester,473,19786,1163,59462
2020-04-13,Westchester,405,20191,1145,60607
2020-04-14,Westchester,756,20947,2019,62626
2020-04-15,Westchester,881,21828,2642,65268
2020-04-16,Westchester,648,22476,2042,67310
2020-04-17,Westchester,703,23179,2298,69608
2020-04-18,Westchester,624,23803,2133,71741
2020-04-19,Westchester,503,24306,1599,73340
2020-04-20,Westchester,350,24656,1208,74548
2020-04-21,Westchester,620,25276,2016,76564
2020-04-22,Westchester,683,25959,2317,78881
2020-04-23,Westchester,674,26633,2672,81553
2020-04-24,Westchester,598,27231,2468,84021
2020-04-25,Westchester,433,27664,1951,85972
2020-04-26,Westchester,343,28007,1764,87736
2020-04-27,Westchester,238,28245,1408,89144
2020-04-28,Westchester,381,28626,1843,90987
2020-04-29,Westchester,344,28970,1842,92829
2020-04-30,Westchester,262,29232,1613,94442
2020-05-01,Westchester,394,29626,2359,96801
2020-05-02,Westchester,258,29884,1809,98610
2020-05-03,Westchester,213,30097,1662,100272
2020-05-04,Westchester,143,30240,1225,101497
2020-05-05,Westchester,186,30426,1434,102931
2020-05-06,Westchester,282,30708,2311,105242
2020-05-07,Westchester,197,30905,2224,107466
2020-05-08,Westchester,182,31087,1936,109402
2020-05-09,Westchester,207,31294,1940,111342
2020-05-10,Westchester,90,31384,1321,112663
2020-05-11,Westchester,88,31472,984,113647
2020-05-12,Westchester,139,31611,1925,115572
2020-05-13,Westchester,181,31792,2450,118022
2020-05-14,Westchester,151,31943,2024,120046
2020-05-15,Westchester,154,32097,2059,122105
2020-05-16,Westchester,127,32224,1940,124045
2020-05-17,Westchester,99,32323,1326,125371
2020-05-18,Westchester,79,32402,1125,126496
2020-05-19,Westchester,115,32517,1867,128363
2020-05-20,Westchester,156,32673,2671,131034
2020-05-21,Westchester,94,32767,2350,133384
2020-05-22,Westchester,114,32881,3234,136618
2020-05-23,Westchester,87,32968,2542,139160
2020-05-24,Westchester,81,33049,2323,141483
2020-05-25,Westchester,58,33107,1695,143178
2020-05-26,Westchester,79,33186,2207,145385
2020-05-27,Westchester,107,33293,3266,148651
2020-05-28,Westchester,56,33349,3203,151854
2020-05-29,Westchester,80,33429,3388,155242
2020-05-30,Westchester,52,33481,3290,158532
2020-05-31,Westchester,71,33552,3376,161908
2020-06-01,Westchester,81,33633,3183,165091
2020-06-02,Westchester,58,33691,3253,168344
2020-06-03,Westchester,76,33767,3524,171868
2020-06-04,Westchester,87,33854,4216,176084
2020-06-05,Westchester,70,33924,3979,180063
2020-06-06,Westchester,30,33954,3162,183225
2020-06-07,Westchester,46,34000,3336,186561
2020-06-08,Westchester,35,34035,2577,189138
2020-06-09,Westchester,41,34076,3304,192442
2020-06-10,Westchester,30,34106,3494,195936
2020-06-11,Westchester,69,34175,4954,200890
2020-06-12,Westchester,78,34253,5099,205989
2020-06-13,Westchester,37,34290,3399,209388
2020-06-14,Westchester,37,34327,3594,212982
2020-06-15,Westchester,31,34358,3204,216186
2020-06-16,Westchester,27,34385,3189,219375
2020-06-17,Westchester,24,34409,3998,223373
2020-06-18,Westchester,46,34455,4521,227894
2020-06-19,Westchester,31,34486,3624,231518
2020-06-20,Westchester,35,34521,3879,235397
2020-06-21,Westchester,36,34557,3794,239191
2020-06-22,Westchester,24,34581,2844,242035
2020-06-23,Westchester,16,34597,2320,244355
2020-06-24,Westchester,45,34642,4611,248966
2020-06-25,Westchester,58,34700,4127,253093
2020-06-26,Westchester,48,34748,4520,257613
2020-06-27,Westchester,32,34780,3087,260700
2020-06-28,Westchester,18,34798,2560,263260
2020-06-29,Westchester,40,34838,3702,266962
2020-06-30,Westchester,28,34866,3730,270692
2020-07-01,Westchester,46,34912,4469,275161
2020-07-02,Westchester,68,34980,4827,279988
2020-07-03,Westchester,40,35020,3437,283425
2020-07-04,Westchester,23,35043,4519,287944
2020-07-05,Westchester,41,35084,3639,291583
2020-07-06,Westchester,22,35106,3586,295169
2020-07-07,Westchester,48,35154,3387,298556
2020-07-08,Westchester,29,35183,4843,303399
2020-07-09,Westchester,43,35226,5182,308581
2020-07-10,Westchester,34,35260,4293,312874
2020-07-11,Westchester,37,35297,3958,316832
2020-07-12,Westchester,30,35327,3238,320070
2020-07-13,Westchester,39,35366,3851,323921
2020-07-14,Westchester,28,35394,3598,327519
2020-07-15,Westchester,28,35422,4364,331883
2020-07-16,Westchester,41,35463,4989,336872
2020-07-17,Westchester,40,35503,4669,341541
2020-07-18,Westchester,12,35515,3004,344545
2020-07-19,Westchester,36,35551,3104,347649
2020-07-20,Westchester,36,35587,3044,350693
2020-07-21,Westchester,49,35636,4198,354891
2020-07-22,Westchester,31,35667,4000,358891
2020-07-23,Westchester,33,35700,4805,363696
2020-07-24,Westchester,38,35738,4045,367741
2020-07-25,Westchester,39,35777,3149,370890
2020-07-26,Westchester,22,35799,3937,374827
2020-07-27,Westchester,39,35838,3847,378674
2020-07-28,Westchester,36,35874,3393,382067
2020-07-29,Westchester,39,35913,4552,386619
2020-07-30,Westchester,20,35933,3133,389752
2020-07-31,Westchester,41,35974,4465,394217
2020-08-01,Westchester,24,35998,3363,397580
2020-08-02,Westchester,16,36014,2919,400499
2020-08-03,Westchester,35,36049,4310,404809
2020-08-04,Westchester,26,36075,4340,409149
2020-08-05,Westchester,32,36107,4246,413395
2020-08-06,Westchester,29,36136,3794,417189
2020-08-07,Westchester,44,36180,4021,421210
2020-08-08,Westchester,25,36205,4018,425228
2020-08-09,Westchester,28,36233,3572,428800
2020-08-10,Westchester,39,36272,4879,433679
2020-08-11,Westchester,52,36324,4970,438649
2020-08-12,Westchester,33,36357,4767,443416
2020-08-13,Westchester,45,36402,4340,447756
2020-08-14,Westchester,33,36435,5397,453153
2020-08-15,Westchester,18,36453,5180,458333
2020-08-16,Westchester,33,36486,3985,462318
2020-08-17,Westchester,54,36540,4984,467302
2020-08-18,Westchester,23,36563,4578,471880
2020-08-19,Westchester,23,36586,5147,477027
2020-08-20,Westchester,35,36621,5357,482384
2020-08-21,Westchester,30,36651,6410,488794
2020-08-22,Westchester,38,36689,4646,493440
2020-08-23,Westchester,21,36710,3977,497417
2020-08-24,Westchester,32,36742,3725,501142
2020-08-25,Westchester,38,36780,4334,505476
2020-08-26,Westchester,45,36825,5279,510755
2020-08-27,Westchester,38,36863,4891,515646
2020-08-28,Westchester,32,36895,5080,520726
2020-08-29,Westchester,54,36949,5745,526471
2020-08-30,Westchester,35,36984,4143,530614
2020-08-31,Westchester,37,37021,4338,534952
2020-09-01,Westchester,36,37057,4422,539374
2020-09-02,Westchester,49,37106,5469,544843
2020-09-03,Westchester,46,37152,5292,550135
2020-09-04,Westchester,53,37205,5401,555536
2020-09-05,Westchester,41,37246,5013,560549
2020-09-06,Westchester,31,37277,3619,564168
2020-09-07,Westchester,37,37314,3039,567207
2020-09-08,Westchester,41,37355,3322,570529
2020-09-09,Westchester,50,37405,4394,574923
2020-09-10,Westchester,49,37454,4849,579772
2020-09-11,Westchester,32,37486,4795,584567
2020-09-12,Westchester,45,37531,3976,588543
2020-09-13,Westchester,40,37571,3371,591914
2020-09-14,Westchester,30,37601,4081,595995
2020-09-15,Westchester,33,37634,4896,600891
2020-09-16,Westchester,38,37672,4826,605717
2020-09-17,Westchester,46,37718,4825,610542
2020-09-18,Westchester,37,37755,5740,616282
2020-09-19,Westchester,46,37801,5776,622058
2020-09-20,Westchester,36,37837,3507,625565
2020-09-21,Westchester,29,37866,4373,629938
2020-09-22,Westchester,37,37903,3880,633818
2020-09-23,Westchester,45,37948,4839,638657
2020-09-24,Westchester,53,38001,5209,643866
2020-09-25,Westchester,50,38051,5411,649277
2020-09-26,Westchester,47,38098,5203,654480
2020-09-27,Westchester,35,38133,2944,657424
2020-09-28,Westchester,49,38182,4215,661639
2020-09-29,Westchester,57,38239,3993,665632
2020-09-30,Westchester,61,38300,5027,670659
2020-10-01,Westchester,46,38346,6018,676677
2020-10-02,Westchester,85,38431,6800,683477
2020-10-03,Westchester,44,38475,5443,688920
2020-10-04,Westchester,40,38515,4438,693358
2020-10-05,Westchester,52,38567,4267,697625
2020-10-06,Westchester,61,38628,5097,702722
2020-10-07,Westchester,66,38694,7634,710356
2020-10-08,Westchester,77,38771,7257,717613
2020-10-09,Westchester,76,38847,7337,724950
2020-10-10,Westchester,47,38894,5815,730765
2020-10-11,Westchester,107,39001,5332,736097
2020-10-12,Westchester,63,39064,4990,741087
2020-10-13,Westchester,54,39118,5661,746748
2020-10-14,Westchester,82,39200,6575,753323
2020-10-15,Westchester,88,39288,7113,760436
2020-10-16,Westchester,110,39398,7386,767822
2020-10-17,Westchester,78,39476,5852,773674
2020-10-18,Westchester,72,39548,4893,778567
2020-10-19,Westchester,68,39616,4171,782738
2020-10-20,Westchester,78,39694,4962,787700
2020-10-21,Westchester,95,39789,7568,795268
2020-10-22,Westchester,101,39890,7241,802509
2020-10-23,Westchester,151,40041,7199,809708
2020-10-24,Westchester,90,40131,5455,815163
2020-10-25,Westchester,71,40202,4502,819665
2020-10-26,Westchester,120,40322,5760,825425
2020-10-27,Westchester,116,40438,6312,831737
2020-10-28,Westchester,116,40554,7381,839118
2020-10-29,Westchester,127,40681,7446,846564
2020-10-30,Westchester,116,40797,6188,852752
2020-10-31,Westchester,149,40946,7355,860107
2020-11-01,Westchester,115,41061,5095,865202
2020-11-02,Westchester,165,41226,6484,871686
2020-11-03,Westchester,134,41360,6358,878044
2020-11-04,Westchester,182,41542,7790,885834
2020-11-05,Westchester,178,41720,7653,893487
2020-11-06,Westchester,234,41954,8184,901671
2020-11-07,Westchester,225,42179,6606,908277
2020-11-08,Westchester,275,42454,6601,914878
2020-11-09,Westchester,242,42696,5528,920406
2020-11-10,Westchester,244,42940,7158,927564
2020-11-11,Westchester,352,43292,8163,935727
2020-11-12,Westchester,364,43656,9137,944864
2020-11-13,Westchester,437,44093,9495,954359
2020-11-14,Westchester,253,44346,6983,961342
2020-11-15,Westchester,230,44576,6167,967509
2020-11-16,Westchester,399,44975,8953,976462
2020-11-17,Westchester,360,45335,7332,983794
2020-11-18,Westchester,337,45672,9771,993565
2020-11-19,Westchester,392,46064,10253,1003818
2020-11-20,Westchester,405,46469,9588,1013406
2020-11-21,Westchester,372,46841,9875,1023281
2020-11-22,Westchester,421,47262,8343,1031624
2020-11-23,Westchester,370,47632,9218,1040842
2020-11-24,Westchester,332,47964,7831,1048673
2020-11-25,Westchester,477,48441,12005,1060678
2020-11-26,Westchester,661,49102,12603,1073281
2020-11-27,Westchester,544,49646,10790,1084071
2020-11-28,Westchester,464,50110,9875,1093946
2020-11-29,Westchester,583,50693,9975,1103921
2020-11-30,Westchester,527,51220,9934,1113855
2020-12-01,Westchester,570,51790,10852,1124707
2020-12-02,Westchester,628,52418,11945,1136652
2020-12-03,Westchester,768,53186,11541,1148193
2020-12-04,Westchester,758,53944,10979,1159172
2020-12-05,Westchester,727,54671,11471,1170643
2020-12-06,Westchester,516,55187,8468,1179111
2020-12-07,Westchester,610,55797,9280,1188391
2020-12-08,Westchester,575,56372,9502,1197893
2020-12-09,Westchester,623,56995,10337,1208230
2020-12-10,Westchester,611,57606,10385,1218615
2020-12-11,Westchester,638,58244,11443,1230058
2020-12-12,Westchester,593,58837,11188,1241246
2020-12-13,Westchester,594,59431,9287,1250533
2020-12-14,Westchester,560,59991,9436,1259969
2020-12-15,Westchester,549,60540,8417,1268386
2020-12-16,Westchester,571,61111,9593,1277979
2020-12-17,Westchester,716,61827,12949,1290928
2020-12-18,Westchester,578,62405,9478,1300406
2020-12-19,Westchester,535,62940,8495,1308901
2020-12-20,Westchester,433,63373,8236,1317137
2020-12-21,Westchester,536,63909,8910,1326047
2020-12-22,Westchester,651,64560,11368,1337415
2020-12-23,Westchester,577,65137,11657,1349072
2020-12-24,Westchester,714,65851,12449,1361521
2020-12-25,Westchester,554,66405,11047,1372568
2020-12-26,Westchester,432,66837,8332,1380900
2020-12-27,Westchester,551,67388,7426,1388326
2020-12-28,Westchester,543,67931,8530,1396856
2020-12-29,Westchester,771,68702,8701,1405557
2020-12-30,Westchester,959,69661,12987,1418544
2020-12-31,Westchester,953,70614,12185,1430729
2021-01-01,Westchester,1013,71627,12775,1443504
2021-01-02,Westchester,591,72218,8333,1451837
2021-01-03,Westchester,544,72762,7180,1459017
2021-01-04,Westchester,619,73381,8878,1467895
2021-01-05,Westchester,776,74157,10826,1478721
2021-01-06,Westchester,1019,75176,13201,1491922
2021-01-07,Westchester,913,76089,12329,1504251
2021-01-08,Westchester,853,76942,12578,1516829
2021-01-09,Westchester,789,77731,12051,1528880
2021-01-10,Westchester,803,78534,11381,1540261
2021-01-11,Westchester,872,79406,11069,1551330
2021-01-12,Westchester,740,80146,9860,1561190
2021-01-13,Westchester,723,80869,10720,1571910
2021-01-14,Westchester,1113,81982,16024,1587934
2021-01-15,Westchester,951,82933,15342,1603276
2021-01-16,Westchester,775,83708,12309,1615585
2021-01-17,Westchester,712,84420,10771,1626356
2021-01-18,Westchester,600,85020,9769,1636125
2021-01-19,Westchester,703,85723,9638,1645763
2021-01-20,Westchester,923,86646,12663,1658426
2021-01-21,Westchester,924,87570,13629,1672055
2021-01-22,Westchester,834,88404,13024,1685079
2021-01-23,Westchester,821,89225,14160,1699239
2021-01-24,Westchester,804,90029,12366,1711605
2021-01-25,Westchester,636,90665,8951,1720556
2021-01-26,Westchester,558,91223,8454,1729010
2021-01-27,Westchester,839,92062,13809,1742819
2021-01-28,Westchester,732,92794,13954,1756773
2021-01-29,Westchester,791,93585,13379,1770152
2021-01-30,Westchester,629,94214,11890,1782042
2021-01-31,Westchester,484,94698,9801,1791843
2021-02-01,Westchester,605,95303,10522,1802365
2021-02-02,Westchester,339,95642,5737,1808102
2021-02-03,Westchester,347,95989,6659,1814761
2021-02-04,Westchester,476,96465,10614,1825375
2021-02-05,Westchester,758,97223,14498,1839873
2021-02-06,Westchester,685,97908,11619,1851492
2021-02-07,Westchester,537,98445,9660,1861152
2021-02-08,Westchester,459,98904,6929,1868081
2021-02-09,Westchester,405,99309,8890,1876971
2021-02-10,Westchester,675,99984,14518,1891489
2021-02-11,Westchester,520,100504,12442,1903931
2021-02-12,Westchester,511,101015,12859,1916790
2021-02-13,Westchester,496,101511,11694,1928484
2021-02-14,Westchester,305,101816,8531,1937015
2021-02-15,Westchester,381,102197,7727,1944742
2021-02-16,Westchester,401,102598,9661,1954403
2021-02-17,Westchester,421,103019,11222,1965625
2021-02-18,Westchester,487,103506,11060,1976685
2021-02-19,Westchester,484,103990,15322,1992007
2021-02-20,Westchester,410,104400,9754,2001761
2021-02-21,Westchester,377,104777,7903,2009664
2021-02-22,Westchester,391,105168,7874,2017538
2021-02-23,Westchester,382,105550,11591,2029129
2021-02-24,Westchester,579,106129,14231,2043360
2021-02-25,Westchester,482,106611,13239,2056599
2021-02-26,Westchester,464,107075,14342,2070941
2021-02-27,Westchester,412,107487,11775,2082716
2021-02-28,Westchester,370,107857,8429,2091145
2021-03-01,Westchester,336,108193,7241,2098386
2021-03-02,Westchester,430,108623,10268,2108654
2021-03-03,Westchester,415,109038,12451,2121105
2021-03-04,Westchester,478,109516,13353,2134458
2021-03-05,Westchester,435,109951,12424,2146882
2021-03-06,Westchester,379,110330,9574,2156456
2021-03-07,Westchester,270,110600,6666,2163122
2021-03-08,Westchester,370,110970,7626,2170748
2021-03-09,Westchester,369,111339,9836,2180584
2021-03-10,Westchester,374,111713,10988,2191572
2021-03-11,Westchester,495,112208,12878,2204450
2021-03-12,Westchester,359,112567,10102,2214552
2021-03-13,Westchester,287,112854,7952,2222504
2021-03-14,Westchester,350,113204,7048,2229552
2021-03-15,Westchester,373,113577,8084,2237636
2021-03-16,Westchester,422,113999,10960,2248596
2021-03-17,Westchester,403,114402,11794,2260390
2021-03-18,Westchester,400,114802,13316,2273706
2021-03-19,Westchester,420,115222,11759,2285465
2021-03-20,Westchester,341,115563,10271,2295736
2021-03-21,Westchester,372,115935,7363,2303099
2021-03-22,Westchester,354,116289,6727,2309826
2021-03-23,Westchester,375,116664,8543,2318369
2021-03-24,Westchester,404,117068,12331,2330700
2021-03-25,Westchester,441,117509,12196,2342896
2021-03-26,Westchester,492,118001,12247,2355143
2021-03-27,Westchester,504,118505,12893,2368036
2021-03-28,Westchester,459,118964,9555,2377591
2021-03-29,Westchester,278,119242,6451,2384042
2021-03-30,Westchester,490,119732,10176,2394218
2021-03-31,Westchester,584,120316,13795,2408013
2021-04-01,Westchester,418,120734,12761,2420774
2021-04-02,Westchester,390,121124,12462,2433236
2021-04-03,Westchester,383,121507,10515,2443751
2021-04-04,Westchester,296,121803,7942,2451693
2021-04-05,Westchester,263,122066,6085,2457778
2021-04-06,Westchester,346,122412,10999,2468777
2021-04-07,Westchester,368,122780,13002,2481779
2021-04-08,Westchester,423,123203,14335,2496114
2021-04-09,Westchester,345,123548,11452,2507566
2021-04-10,Westchester,290,123838,10204,2517770
2021-04-11,Westchester,254,124092,6944,2524714
2021-04-12,Westchester,225,124317,6282,2530996
2021-04-13,Westchester,218,124535,9318,2540314
2021-04-14,Westchester,346,124881,12035,2552349
2021-04-15,Westchester,291,125172,9288,2561637
2021-04-16,Westchester,315,125487,12627,2574264
2021-04-17,Westchester,239,125726,10618,2584882
2021-04-18,Westchester,187,125913,6294,2591176
2021-04-19,Westchester,181,126094,5354,2596530
2021-04-20,Westchester,184,126278,9217,2605747
2021-04-21,Westchester,216,126494,10837,2616584
2021-04-22,Westchester,212,126706,10878,2627462
2021-04-23,Westchester,190,126896,9370,2636832
2021-04-24,Westchester,150,127046,9965,2646797
2021-04-25,Westchester,133,127179,5676,2652473
2021-04-26,Westchester,94,127273,4966,2657439
2021-04-27,Westchester,120,127393,7514,2664953
2021-04-28,Westchester,128,127521,9996,2674949
2021-04-29,Westchester,143,127664,9514,2684463
2021-04-30,Westchester,153,127817,10166,2694629
2021-05-01,Westchester,96,127913,8341,2702970
2021-05-02,Westchester,62,127975,5004,2707974
2021-05-03,Westchester,91,128066,4251,2712225
2021-05-04,Westchester,87,128153,7375,2719600
2021-05-05,Westchester,83,128236,8220,2727820
2021-05-06,Westchester,67,128303,7783,2735603
2021-05-07,Westchester,109,128412,11361,2746964
2021-05-08,Westchester,62,128474,7105,2754069
2021-05-09,Westchester,57,128531,5709,2759778
2021-05-10,Westchester,53,128584,4547,2764325
2021-05-11,Westchester,40,128624,6988,2771313
2021-05-12,Westchester,79,128703,8076,2779389
2021-05-13,Westchester,60,128763,8930,2788319
2021-05-14,Westchester,72,128835,8645,2796964
2021-05-15,Westchester,29,128864,7075,2804039
2021-05-16,Westchester,33,128897,4566,2808605
2021-05-17,Westchester,24,128921,4114,2812719
2021-05-18,Westchester,46,128967,6429,2819148
2021-05-19,Westchester,51,129018,7701,2826849
2021-05-20,Westchester,62,129080,7686,2834535
2021-05-21,Westchester,51,129131,7659,2842194
2021-05-22,Westchester,30,129161,6625,2848819
2021-05-23,Westchester,18,129179,3740,2852559
2021-05-24,Westchester,28,129207,3772,2856331
2021-05-25,Westchester,31,129238,5685,2862016
2021-05-26,Westchester,33,129271,6960,2868976
2021-05-27,Westchester,42,129313,6798,2875774
2021-05-28,Westchester,29,129342,6184,2881958
2021-05-29,Westchester,27,129369,5488,2887446
2021-05-30,Westchester,18,129387,3154,2890600
2021-05-31,Westchester,12,129399,2544,2893144
2021-06-01,Westchester,12,129411,3161,2896305
2021-06-02,Westchester,9,129420,5137,2901442
2021-06-03,Westchester,29,129449,8361,2909803
2021-06-04,Westchester,22,129471,7336,2917139
2021-06-05,Westchester,17,129488,5627,2922766
2021-06-06,Westchester,19,129507,3345,2926111
2021-06-07,Westchester,19,129526,3859,2929970
2021-06-08,Westchester,26,129552,4837,2934807
2021-06-09,Westchester,27,129579,5963,2940770
2021-06-10,Westchester,21,129600,6255,2947025
2021-06-11,Westchester,24,129624,6873,2953898
2021-06-12,Westchester,21,129645,5101,2958999
2021-06-13,Westchester,12,129657,3136,2962135
2021-06-14,Westchester,7,129664,2445,2964580
2021-06-15,Westchester,16,129680,4724,2969304
2021-06-16,Westchester,12,129692,5415,2974719
2021-06-17,Westchester,14,129706,5258,2979977
2021-06-18,Westchester,22,129728,5088,2985065
2021-06-19,Westchester,3,129731,3892,2988957
2021-06-20,Westchester,6,129737,3035,2991992
2021-06-21,Westchester,9,129746,2871,2994863
2021-06-22,Westchester,11,129757,3999,2998862
2021-06-23,Westchester,24,129781,6735,3005597
2021-06-24,Westchester,19,129800,5847,3011444
2021-06-25,Westchester,14,129814,6566,3018010
2021-06-26,Westchester,16,129830,5072,3023082
2021-06-27,Westchester,5,129835,3234,3026316
2021-06-28,Westchester,14,129849,3475,3029791
2021-06-29,Westchester,17,129866,4194,3033985
2021-06-30,Westchester,22,129888,4161,3038146
2021-07-01,Westchester,15,129903,4352,3042498
2021-07-02,Westchester,9,129912,4159,3046657
2021-07-03,Westchester,15,129927,3588,3050245
2021-07-04,Westchester,11,129938,2766,3053011
2021-07-05,Westchester,9,129947,1918,3054929
2021-07-06,Westchester,15,129962,2680,3057609
2021-07-07,Westchester,20,129982,4291,3061900
2021-07-08,Westchester,33,130015,4311,3066211
2021-07-09,Westchester,34,130049,4063,3070274
2021-07-10,Westchester,32,130081,3281,3073555
2021-07-11,Westchester,33,130114,2925,3076480
2021-07-12,Westchester,37,130151,2627,3079107
2021-07-13,Westchester,32,130183,3609,3082716
2021-07-14,Westchester,51,130234,3801,3086517
2021-07-15,Westchester,47,130281,4204,3090721
2021-07-16,Westchester,51,130332,4632,3095353
2021-07-17,Westchester,55,130387,3808,3099161
2021-07-18,Westchester,34,130421,2678,3101839
2020-03-01,Wyoming,0,0,0,0
2020-03-02,Wyoming,0,0,0,0
2020-03-03,Wyoming,0,0,0,0
2020-03-04,Wyoming,0,0,0,0
2020-03-05,Wyoming,0,0,0,0
2020-03-06,Wyoming,0,0,0,0
2020-03-07,Wyoming,0,0,0,0
2020-03-08,Wyoming,0,0,0,0
2020-03-09,Wyoming,0,0,0,0
2020-03-10,Wyoming,0,0,0,0
2020-03-11,Wyoming,0,0,0,0
2020-03-12,Wyoming,0,0,0,0
2020-03-13,Wyoming,0,0,0,0
2020-03-14,Wyoming,0,0,0,0
2020-03-15,Wyoming,1,1,3,3
2020-03-16,Wyoming,0,1,0,3
2020-03-17,Wyoming,0,1,2,5
2020-03-18,Wyoming,1,2,6,11
2020-03-19,Wyoming,0,2,3,14
2020-03-20,Wyoming,0,2,0,14
2020-03-21,Wyoming,0,2,4,18
2020-03-22,Wyoming,2,4,11,29
2020-03-23,Wyoming,0,4,8,37
2020-03-24,Wyoming,0,4,7,44
2020-03-25,Wyoming,3,7,9,53
2020-03-26,Wyoming,0,7,14,67
2020-03-27,Wyoming,0,7,15,82
2020-03-28,Wyoming,1,8,13,95
2020-03-29,Wyoming,0,8,7,102
2020-03-30,Wyoming,1,9,13,115
2020-03-31,Wyoming,1,10,10,125
2020-04-01,Wyoming,4,14,12,137
2020-04-02,Wyoming,1,15,11,148
2020-04-03,Wyoming,3,18,11,159
2020-04-04,Wyoming,4,22,16,175
2020-04-05,Wyoming,1,23,6,181
2020-04-06,Wyoming,0,23,7,188
2020-04-07,Wyoming,4,27,18,206
2020-04-08,Wyoming,2,29,12,218
2020-04-09,Wyoming,1,30,13,231
2020-04-10,Wyoming,1,31,12,243
2020-04-11,Wyoming,0,31,2,245
2020-04-12,Wyoming,0,31,2,247
2020-04-13,Wyoming,1,32,21,268
2020-04-14,Wyoming,2,34,9,277
2020-04-15,Wyoming,0,34,8,285
2020-04-16,Wyoming,1,35,11,296
2020-04-17,Wyoming,1,36,6,302
2020-04-18,Wyoming,0,36,6,308
2020-04-19,Wyoming,0,36,4,312
2020-04-20,Wyoming,0,36,6,318
2020-04-21,Wyoming,4,40,14,332
2020-04-22,Wyoming,1,41,15,347
2020-04-23,Wyoming,2,43,18,365
2020-04-24,Wyoming,14,57,117,482
2020-04-25,Wyoming,2,59,19,501
2020-04-26,Wyoming,4,63,15,516
2020-04-27,Wyoming,0,63,9,525
2020-04-28,Wyoming,2,65,26,551
2020-04-29,Wyoming,2,67,17,568
2020-04-30,Wyoming,1,68,16,584
2020-05-01,Wyoming,1,69,32,616
2020-05-02,Wyoming,0,69,15,631
2020-05-03,Wyoming,0,69,16,647
2020-05-04,Wyoming,1,70,24,671
2020-05-05,Wyoming,0,70,42,713
2020-05-06,Wyoming,1,71,22,735
2020-05-07,Wyoming,2,73,130,865
2020-05-08,Wyoming,2,75,187,1052
2020-05-09,Wyoming,2,77,26,1078
2020-05-10,Wyoming,0,77,39,1117
2020-05-11,Wyoming,0,77,24,1141
2020-05-12,Wyoming,0,77,63,1204
2020-05-13,Wyoming,0,77,41,1245
2020-05-14,Wyoming,0,77,106,1351
2020-05-15,Wyoming,1,78,28,1379
2020-05-16,Wyoming,0,78,43,1422
2020-05-17,Wyoming,1,79,56,1478
2020-05-18,Wyoming,0,79,27,1505
2020-05-19,Wyoming,0,79,60,1565
2020-05-20,Wyoming,0,79,64,1629
2020-05-21,Wyoming,0,79,46,1675
2020-05-22,Wyoming,1,80,150,1825
2020-05-23,Wyoming,1,81,113,1938
2020-05-24,Wyoming,1,82,42,1980
2020-05-25,Wyoming,0,82,29,2009
2020-05-26,Wyoming,0,82,42,2051
2020-05-27,Wyoming,0,82,77,2128
2020-05-28,Wyoming,0,82,66,2194
2020-05-29,Wyoming,2,84,90,2284
2020-05-30,Wyoming,2,86,45,2329
2020-05-31,Wyoming,0,86,85,2414
2020-06-01,Wyoming,0,86,229,2643
2020-06-02,Wyoming,1,87,91,2734
2020-06-03,Wyoming,0,87,122,2856
2020-06-04,Wyoming,1,88,67,2923
2020-06-05,Wyoming,1,89,129,3052
2020-06-06,Wyoming,0,89,124,3176
2020-06-07,Wyoming,1,90,127,3303
2020-06-08,Wyoming,1,91,102,3405
2020-06-09,Wyoming,0,91,188,3593
2020-06-10,Wyoming,0,91,97,3690
2020-06-11,Wyoming,0,91,97,3787
2020-06-12,Wyoming,0,91,113,3900
2020-06-13,Wyoming,1,92,65,3965
2020-06-14,Wyoming,0,92,49,4014
2020-06-15,Wyoming,1,93,201,4215
2020-06-16,Wyoming,0,93,85,4300
2020-06-17,Wyoming,0,93,68,4368
2020-06-18,Wyoming,0,93,126,4494
2020-06-19,Wyoming,0,93,33,4527
2020-06-20,Wyoming,0,93,33,4560
2020-06-21,Wyoming,0,93,151,4711
2020-06-22,Wyoming,0,93,147,4858
2020-06-23,Wyoming,0,93,83,4941
2020-06-24,Wyoming,0,93,95,5036
2020-06-25,Wyoming,1,94,167,5203
2020-06-26,Wyoming,1,95,113,5316
2020-06-27,Wyoming,0,95,65,5381
2020-06-28,Wyoming,0,95,149,5530
2020-06-29,Wyoming,0,95,99,5629
2020-06-30,Wyoming,0,95,94,5723
2020-07-01,Wyoming,0,95,167,5890
2020-07-02,Wyoming,0,95,112,6002
2020-07-03,Wyoming,1,96,224,6226
2020-07-04,Wyoming,1,97,64,6290
2020-07-05,Wyoming,0,97,42,6332
2020-07-06,Wyoming,0,97,89,6421
2020-07-07,Wyoming,1,98,67,6488
2020-07-08,Wyoming,1,99,222,6710
2020-07-09,Wyoming,2,101,70,6780
2020-07-10,Wyoming,0,101,211,6991
2020-07-11,Wyoming,0,101,86,7077
2020-07-12,Wyoming,1,102,65,7142
2020-07-13,Wyoming,1,103,215,7357
2020-07-14,Wyoming,0,103,97,7454
2020-07-15,Wyoming,0,103,92,7546
2020-07-16,Wyoming,0,103,75,7621
2020-07-17,Wyoming,1,104,83,7704
2020-07-18,Wyoming,0,104,161,7865
2020-07-19,Wyoming,0,104,113,7978
2020-07-20,Wyoming,3,107,114,8092
2020-07-21,Wyoming,1,108,102,8194
2020-07-22,Wyoming,0,108,122,8316
2020-07-23,Wyoming,2,110,101,8417
2020-07-24,Wyoming,0,110,151,8568
2020-07-25,Wyoming,0,110,209,8777
2020-07-26,Wyoming,0,110,175,8952
2020-07-27,Wyoming,1,111,106,9058
2020-07-28,Wyoming,0,111,83,9141
2020-07-29,Wyoming,0,111,129,9270
2020-07-30,Wyoming,1,112,114,9384
2020-07-31,Wyoming,0,112,74,9458
2020-08-01,Wyoming,0,112,309,9767
2020-08-02,Wyoming,1,113,64,9831
2020-08-03,Wyoming,0,113,85,9916
2020-08-04,Wyoming,1,114,116,10032
2020-08-05,Wyoming,1,115,104,10136
2020-08-06,Wyoming,1,116,114,10250
2020-08-07,Wyoming,0,116,139,10389
2020-08-08,Wyoming,2,118,153,10542
2020-08-09,Wyoming,0,118,96,10638
2020-08-10,Wyoming,0,118,88,10726
2020-08-11,Wyoming,0,118,56,10782
2020-08-12,Wyoming,0,118,167,10949
2020-08-13,Wyoming,0,118,117,11066
2020-08-14,Wyoming,0,118,151,11217
2020-08-15,Wyoming,0,118,284,11501
2020-08-16,Wyoming,0,118,26,11527
2020-08-17,Wyoming,2,120,110,11637
2020-08-18,Wyoming,0,120,94,11731
2020-08-19,Wyoming,0,120,132,11863
2020-08-20,Wyoming,1,121,138,12001
2020-08-21,Wyoming,0,121,159,12160
2020-08-22,Wyoming,2,123,80,12240
2020-08-23,Wyoming,1,124,166,12406
2020-08-24,Wyoming,1,125,156,12562
2020-08-25,Wyoming,0,125,128,12690
2020-08-26,Wyoming,0,125,99,12789
2020-08-27,Wyoming,0,125,120,12909
2020-08-28,Wyoming,0,125,237,13146
2020-08-29,Wyoming,1,126,197,13343
2020-08-30,Wyoming,0,126,61,13404
2020-08-31,Wyoming,0,126,98,13502
2020-09-01,Wyoming,0,126,153,13655
2020-09-02,Wyoming,0,126,102,13757
2020-09-03,Wyoming,0,126,86,13843
2020-09-04,Wyoming,0,126,115,13958
2020-09-05,Wyoming,0,126,196,14154
2020-09-06,Wyoming,1,127,161,14315
2020-09-07,Wyoming,0,127,40,14355
2020-09-08,Wyoming,0,127,92,14447
2020-09-09,Wyoming,0,127,103,14550
2020-09-10,Wyoming,0,127,51,14601
2020-09-11,Wyoming,1,128,128,14729
2020-09-12,Wyoming,0,128,76,14805
2020-09-13,Wyoming,2,130,222,15027
2020-09-14,Wyoming,0,130,411,15438
2020-09-15,Wyoming,0,130,430,15868
2020-09-16,Wyoming,0,130,459,16327
2020-09-17,Wyoming,1,131,342,16669
2020-09-18,Wyoming,1,132,416,17085
2020-09-19,Wyoming,0,132,579,17664
2020-09-20,Wyoming,0,132,126,17790
2020-09-21,Wyoming,0,132,722,18512
2020-09-22,Wyoming,0,132,417,18929
2020-09-23,Wyoming,2,134,374,19303
2020-09-24,Wyoming,1,135,251,19554
2020-09-25,Wyoming,1,136,165,19719
2020-09-26,Wyoming,1,137,291,20010
2020-09-27,Wyoming,0,137,62,20072
2020-09-28,Wyoming,0,137,78,20150
2020-09-29,Wyoming,0,137,98,20248
2020-09-30,Wyoming,0,137,157,20405
2020-10-01,Wyoming,0,137,190,20595
2020-10-02,Wyoming,3,140,177,20772
2020-10-03,Wyoming,1,141,348,21120
2020-10-04,Wyoming,1,142,54,21174
2020-10-05,Wyoming,2,144,126,21300
2020-10-06,Wyoming,3,147,129,21429
2020-10-07,Wyoming,0,147,153,21582
2020-10-08,Wyoming,3,150,267,21849
2020-10-09,Wyoming,0,150,218,22067
2020-10-10,Wyoming,2,152,80,22147
2020-10-11,Wyoming,0,152,166,22313
2020-10-12,Wyoming,1,153,68,22381
2020-10-13,Wyoming,3,156,86,22467
2020-10-14,Wyoming,0,156,108,22575
2020-10-15,Wyoming,4,160,139,22714
2020-10-16,Wyoming,3,163,458,23172
2020-10-17,Wyoming,3,166,89,23261
2020-10-18,Wyoming,1,167,70,23331
2020-10-19,Wyoming,0,167,278,23609
2020-10-20,Wyoming,5,172,142,23751
2020-10-21,Wyoming,2,174,218,23969
2020-10-22,Wyoming,3,177,176,24145
2020-10-23,Wyoming,2,179,296,24441
2020-10-24,Wyoming,3,182,104,24545
2020-10-25,Wyoming,3,185,191,24736
2020-10-26,Wyoming,1,186,124,24860
2020-10-27,Wyoming,2,188,92,24952
2020-10-28,Wyoming,4,192,169,25121
2020-10-29,Wyoming,4,196,164,25285
2020-10-30,Wyoming,3,199,213,25498
2020-10-31,Wyoming,4,203,230,25728
2020-11-01,Wyoming,2,205,218,25946
2020-11-02,Wyoming,11,216,171,26117
2020-11-03,Wyoming,3,219,160,26277
2020-11-04,Wyoming,7,226,166,26443
2020-11-05,Wyoming,4,230,233,26676
2020-11-06,Wyoming,13,243,312,26988
2020-11-07,Wyoming,3,246,129,27117
2020-11-08,Wyoming,4,250,120,27237
2020-11-09,Wyoming,11,261,198,27435
2020-11-10,Wyoming,10,271,218,27653
2020-11-11,Wyoming,16,287,178,27831
2020-11-12,Wyoming,45,332,365,28196
2020-11-13,Wyoming,8,340,330,28526
2020-11-14,Wyoming,3,343,92,28618
2020-11-15,Wyoming,11,354,121,28739
2020-11-16,Wyoming,9,363,210,28949
2020-11-17,Wyoming,12,375,225,29174
2020-11-18,Wyoming,7,382,182,29356
2020-11-19,Wyoming,2,384,122,29478
2020-11-20,Wyoming,13,397,349,29827
2020-11-21,Wyoming,4,401,128,29955
2020-11-22,Wyoming,18,419,422,30377
2020-11-23,Wyoming,11,430,433,30810
2020-11-24,Wyoming,50,480,402,31212
2020-11-25,Wyoming,19,499,314,31526
2020-11-26,Wyoming,18,517,272,31798
2020-11-27,Wyoming,10,527,184,31982
2020-11-28,Wyoming,6,533,270,32252
2020-11-29,Wyoming,13,546,242,32494
2020-11-30,Wyoming,18,564,239,32733
2020-12-01,Wyoming,20,584,213,32946
2020-12-02,Wyoming,21,605,322,33268
2020-12-03,Wyoming,37,642,416,33684
2020-12-04,Wyoming,26,668,417,34101
2020-12-05,Wyoming,22,690,367,34468
2020-12-06,Wyoming,7,697,146,34614
2020-12-07,Wyoming,26,723,255,34869
2020-12-08,Wyoming,17,740,324,35193
2020-12-09,Wyoming,31,771,312,35505
2020-12-10,Wyoming,33,804,491,35996
2020-12-11,Wyoming,36,840,540,36536
2020-12-12,Wyoming,43,883,307,36843
2020-12-13,Wyoming,12,895,191,37034
2020-12-14,Wyoming,19,914,249,37283
2020-12-15,Wyoming,25,939,241,37524
2020-12-16,Wyoming,35,974,355,37879
2020-12-17,Wyoming,39,1013,453,38332
2020-12-18,Wyoming,40,1053,567,38899
2020-12-19,Wyoming,16,1069,279,39178
2020-12-20,Wyoming,19,1088,164,39342
2020-12-21,Wyoming,20,1108,184,39526
2020-12-22,Wyoming,35,1143,376,39902
2020-12-23,Wyoming,23,1166,275,40177
2020-12-24,Wyoming,31,1197,380,40557
2020-12-25,Wyoming,24,1221,316,40873
2020-12-26,Wyoming,15,1236,156,41029
2020-12-27,Wyoming,17,1253,118,41147
2020-12-28,Wyoming,24,1277,164,41311
2020-12-29,Wyoming,44,1321,374,41685
2020-12-30,Wyoming,46,1367,355,42040
2020-12-31,Wyoming,54,1421,300,42340
2021-01-01,Wyoming,50,1471,409,42749
2021-01-02,Wyoming,39,1510,215,42964
2021-01-03,Wyoming,23,1533,150,43114
2021-01-04,Wyoming,34,1567,196,43310
2021-01-05,Wyoming,58,1625,391,43701
2021-01-06,Wyoming,48,1673,300,44001
2021-01-07,Wyoming,72,1745,633,44634
2021-01-08,Wyoming,36,1781,431,45065
2021-01-09,Wyoming,56,1837,353,45418
2021-01-10,Wyoming,24,1861,180,45598
2021-01-11,Wyoming,26,1887,264,45862
2021-01-12,Wyoming,18,1905,326,46188
2021-01-13,Wyoming,34,1939,447,46635
2021-01-14,Wyoming,48,1987,462,47097
2021-01-15,Wyoming,88,2075,515,47612
2021-01-16,Wyoming,39,2114,376,47988
2021-01-17,Wyoming,21,2135,181,48169
2021-01-18,Wyoming,39,2174,262,48431
2021-01-19,Wyoming,38,2212,362,48793
2021-01-20,Wyoming,36,2248,334,49127
2021-01-21,Wyoming,36,2284,462,49589
2021-01-22,Wyoming,19,2303,338,49927
2021-01-23,Wyoming,15,2318,233,50160
2021-01-24,Wyoming,25,2343,214,50374
2021-01-25,Wyoming,21,2364,157,50531
2021-01-26,Wyoming,16,2380,377,50908
2021-01-27,Wyoming,29,2409,470,51378
2021-01-28,Wyoming,31,2440,326,51704
2021-01-29,Wyoming,22,2462,352,52056
2021-01-30,Wyoming,17,2479,293,52349
2021-01-31,Wyoming,15,2494,142,52491
2021-02-01,Wyoming,10,2504,154,52645
2021-02-02,Wyoming,10,2514,290,52935
2021-02-03,Wyoming,24,2538,441,53376
2021-02-04,Wyoming,25,2563,242,53618
2021-02-05,Wyoming,11,2574,271,53889
2021-02-06,Wyoming,9,2583,243,54132
2021-02-07,Wyoming,16,2599,197,54329
2021-02-08,Wyoming,11,2610,120,54449
2021-02-09,Wyoming,16,2626,330,54779
2021-02-10,Wyoming,17,2643,401,55180
2021-02-11,Wyoming,19,2662,271,55451
2021-02-12,Wyoming,19,2681,243,55694
2021-02-13,Wyoming,8,2689,291,55985
2021-02-14,Wyoming,11,2700,188,56173
2021-02-15,Wyoming,12,2712,130,56303
2021-02-16,Wyoming,4,2716,162,56465
2021-02-17,Wyoming,3,2719,324,56789
2021-02-18,Wyoming,13,2732,242,57031
2021-02-19,Wyoming,16,2748,233,57264
2021-02-20,Wyoming,8,2756,296,57560
2021-02-21,Wyoming,9,2765,119,57679
2021-02-22,Wyoming,5,2770,174,57853
2021-02-23,Wyoming,8,2778,332,58185
2021-02-24,Wyoming,7,2785,372,58557
2021-02-25,Wyoming,7,2792,268,58825
2021-02-26,Wyoming,12,2804,258,59083
2021-02-27,Wyoming,10,2814,189,59272
2021-02-28,Wyoming,6,2820,141,59413
2021-03-01,Wyoming,13,2833,184,59597
2021-03-02,Wyoming,8,2841,383,59980
2021-03-03,Wyoming,12,2853,359,60339
2021-03-04,Wyoming,14,2867,274,60613
2021-03-05,Wyoming,12,2879,310,60923
2021-03-06,Wyoming,6,2885,171,61094
2021-03-07,Wyoming,13,2898,225,61319
2021-03-08,Wyoming,9,2907,192,61511
2021-03-09,Wyoming,4,2911,327,61838
2021-03-10,Wyoming,16,2927,416,62254
2021-03-11,Wyoming,12,2939,274,62528
2021-03-12,Wyoming,8,2947,320,62848
2021-03-13,Wyoming,7,2954,142,62990
2021-03-14,Wyoming,4,2958,92,63082
2021-03-15,Wyoming,5,2963,154,63236
2021-03-16,Wyoming,6,2969,397,63633
2021-03-17,Wyoming,7,2976,221,63854
2021-03-18,Wyoming,7,2983,329,64183
2021-03-19,Wyoming,8,2991,199,64382
2021-03-20,Wyoming,14,3005,287,64669
2021-03-21,Wyoming,1,3006,113,64782
2021-03-22,Wyoming,8,3014,196,64978
2021-03-23,Wyoming,8,3022,260,65238
2021-03-24,Wyoming,9,3031,284,65522
2021-03-25,Wyoming,6,3037,308,65830
2021-03-26,Wyoming,9,3046,386,66216
2021-03-27,Wyoming,5,3051,228,66444
2021-03-28,Wyoming,6,3057,133,66577
2021-03-29,Wyoming,4,3061,212,66789
2021-03-30,Wyoming,8,3069,267,67056
2021-03-31,Wyoming,16,3085,295,67351
2021-04-01,Wyoming,10,3095,416,67767
2021-04-02,Wyoming,12,3107,246,68013
2021-04-03,Wyoming,9,3116,268,68281
2021-04-04,Wyoming,9,3125,113,68394
2021-04-05,Wyoming,3,3128,135,68529
2021-04-06,Wyoming,17,3145,452,68981
2021-04-07,Wyoming,14,3159,224,69205
2021-04-08,Wyoming,15,3174,410,69615
2021-04-09,Wyoming,12,3186,399,70014
2021-04-10,Wyoming,8,3194,220,70234
2021-04-11,Wyoming,4,3198,116,70350
2021-04-12,Wyoming,6,3204,254,70604
2021-04-13,Wyoming,13,3217,310,70914
2021-04-14,Wyoming,9,3226,348,71262
2021-04-15,Wyoming,5,3231,227,71489
2021-04-16,Wyoming,8,3239,344,71833
2021-04-17,Wyoming,22,3261,363,72196
2021-04-18,Wyoming,2,3263,87,72283
2021-04-19,Wyoming,5,3268,250,72533
2021-04-20,Wyoming,14,3282,319,72852
2021-04-21,Wyoming,8,3290,389,73241
2021-04-22,Wyoming,17,3307,321,73562
2021-04-23,Wyoming,19,3326,343,73905
2021-04-24,Wyoming,10,3336,235,74140
2021-04-25,Wyoming,3,3339,223,74363
2021-04-26,Wyoming,5,3344,216,74579
2021-04-27,Wyoming,19,3363,326,74905
2021-04-28,Wyoming,14,3377,389,75294
2021-04-29,Wyoming,16,3393,346,75640
2021-04-30,Wyoming,12,3405,332,75972
2021-05-01,Wyoming,10,3415,289,76261
2021-05-02,Wyoming,2,3417,126,76387
2021-05-03,Wyoming,4,3421,276,76663
2021-05-04,Wyoming,9,3430,274,76937
2021-05-05,Wyoming,12,3442,296,77233
2021-05-06,Wyoming,7,3449,295,77528
2021-05-07,Wyoming,8,3457,304,77832
2021-05-08,Wyoming,2,3459,200,78032
2021-05-09,Wyoming,2,3461,112,78144
2021-05-10,Wyoming,9,3470,243,78387
2021-05-11,Wyoming,14,3484,267,78654
2021-05-12,Wyoming,13,3497,317,78971
2021-05-13,Wyoming,7,3504,231,79202
2021-05-14,Wyoming,7,3511,328,79530
2021-05-15,Wyoming,6,3517,263,79793
2021-05-16,Wyoming,7,3524,108,79901
2021-05-17,Wyoming,0,3524,173,80074
2021-05-18,Wyoming,5,3529,261,80335
2021-05-19,Wyoming,7,3536,322,80657
2021-05-20,Wyoming,5,3541,211,80868
2021-05-21,Wyoming,7,3548,272,81140
2021-05-22,Wyoming,7,3555,116,81256
2021-05-23,Wyoming,4,3559,124,81380
2021-05-24,Wyoming,2,3561,160,81540
2021-05-25,Wyoming,4,3565,258,81798
2021-05-26,Wyoming,3,3568,289,82087
2021-05-27,Wyoming,2,3570,254,82341
2021-05-28,Wyoming,1,3571,191,82532
2021-05-29,Wyoming,3,3574,114,82646
2021-05-30,Wyoming,0,3574,42,82688
2021-05-31,Wyoming,0,3574,55,82743
2021-06-01,Wyoming,0,3574,148,82891
2021-06-02,Wyoming,0,3574,267,83158
2021-06-03,Wyoming,1,3575,354,83512
2021-06-04,Wyoming,0,3575,198,83710
2021-06-05,Wyoming,1,3576,90,83800
2021-06-06,Wyoming,0,3576,129,83929
2021-06-07,Wyoming,1,3577,94,84023
2021-06-08,Wyoming,1,3578,287,84310
2021-06-09,Wyoming,0,3578,282,84592
2021-06-10,Wyoming,2,3580,216,84808
2021-06-11,Wyoming,1,3581,189,84997
2021-06-12,Wyoming,0,3581,133,85130
2021-06-13,Wyoming,0,3581,62,85192
2021-06-14,Wyoming,1,3582,90,85282
2021-06-15,Wyoming,0,3582,120,85402
2021-06-16,Wyoming,1,3583,137,85539
2021-06-17,Wyoming,0,3583,147,85686
2021-06-18,Wyoming,1,3584,144,85830
2021-06-19,Wyoming,0,3584,58,85888
2021-06-20,Wyoming,0,3584,49,85937
2021-06-21,Wyoming,1,3585,73,86010
2021-06-22,Wyoming,0,3585,142,86152
2021-06-23,Wyoming,0,3585,84,86236
2021-06-24,Wyoming,0,3585,99,86335
2021-06-25,Wyoming,0,3585,99,86434
2021-06-26,Wyoming,0,3585,68,86502
2021-06-27,Wyoming,0,3585,39,86541
2021-06-28,Wyoming,3,3588,81,86622
2021-06-29,Wyoming,0,3588,86,86708
2021-06-30,Wyoming,1,3589,88,86796
2021-07-01,Wyoming,0,3589,117,86913
2021-07-02,Wyoming,4,3593,46,86959
2021-07-03,Wyoming,1,3594,59,87018
2021-07-04,Wyoming,2,3596,35,87053
2021-07-05,Wyoming,1,3597,44,87097
2021-07-06,Wyoming,0,3597,52,87149
2021-07-07,Wyoming,2,3599,48,87197
2021-07-08,Wyoming,2,3601,97,87294
2021-07-09,Wyoming,2,3603,89,87383
2021-07-10,Wyoming,0,3603,54,87437
2021-07-11,Wyoming,0,3603,40,87477
2021-07-12,Wyoming,0,3603,35,87512
2021-07-13,Wyoming,2,3605,74,87586
2021-07-14,Wyoming,2,3607,87,87673
2021-07-15,Wyoming,0,3607,83,87756
2021-07-16,Wyoming,0,3607,79,87835
2021-07-17,Wyoming,1,3608,97,87932
2021-07-18,Wyoming,0,3608,28,87960
2020-03-01,Yates,0,0,0,0
2020-03-02,Yates,0,0,0,0
2020-03-03,Yates,0,0,0,0
2020-03-04,Yates,0,0,0,0
2020-03-05,Yates,0,0,0,0
2020-03-06,Yates,0,0,0,0
2020-03-07,Yates,0,0,0,0
2020-03-08,Yates,0,0,0,0
2020-03-09,Yates,0,0,0,0
2020-03-10,Yates,0,0,0,0
2020-03-11,Yates,0,0,0,0
2020-03-12,Yates,0,0,0,0
2020-03-13,Yates,0,0,1,1
2020-03-14,Yates,0,0,2,3
2020-03-15,Yates,0,0,1,4
2020-03-16,Yates,0,0,0,4
2020-03-17,Yates,0,0,0,4
2020-03-18,Yates,0,0,3,7
2020-03-19,Yates,0,0,1,8
2020-03-20,Yates,0,0,2,10
2020-03-21,Yates,0,0,3,13
2020-03-22,Yates,0,0,3,16
2020-03-23,Yates,0,0,3,19
2020-03-24,Yates,0,0,3,22
2020-03-25,Yates,0,0,1,23
2020-03-26,Yates,0,0,2,25
2020-03-27,Yates,0,0,10,35
2020-03-28,Yates,0,0,7,42
2020-03-29,Yates,0,0,2,44
2020-03-30,Yates,0,0,3,47
2020-03-31,Yates,0,0,7,54
2020-04-01,Yates,1,1,8,62
2020-04-02,Yates,0,1,7,69
2020-04-03,Yates,0,1,3,72
2020-04-04,Yates,0,1,6,78
2020-04-05,Yates,0,1,2,80
2020-04-06,Yates,0,1,3,83
2020-04-07,Yates,0,1,5,88
2020-04-08,Yates,0,1,7,95
2020-04-09,Yates,1,2,3,98
2020-04-10,Yates,0,2,5,103
2020-04-11,Yates,1,3,6,109
2020-04-12,Yates,1,4,4,113
2020-04-13,Yates,2,6,5,118
2020-04-14,Yates,0,6,5,123
2020-04-15,Yates,1,7,2,125
2020-04-16,Yates,1,8,10,135
2020-04-17,Yates,1,9,28,163
2020-04-18,Yates,0,9,2,165
2020-04-19,Yates,1,10,13,178
2020-04-20,Yates,0,10,1,179
2020-04-21,Yates,1,11,1,180
2020-04-22,Yates,0,11,8,188
2020-04-23,Yates,0,11,5,193
2020-04-24,Yates,5,16,41,234
2020-04-25,Yates,1,17,4,238
2020-04-26,Yates,0,17,3,241
2020-04-27,Yates,0,17,3,244
2020-04-28,Yates,0,17,8,252
2020-04-29,Yates,1,18,10,262
2020-04-30,Yates,0,18,12,274
2020-05-01,Yates,0,18,13,287
2020-05-02,Yates,1,19,23,310
2020-05-03,Yates,0,19,9,319
2020-05-04,Yates,0,19,7,326
2020-05-05,Yates,0,19,13,339
2020-05-06,Yates,0,19,13,352
2020-05-07,Yates,1,20,12,364
2020-05-08,Yates,0,20,24,388
2020-05-09,Yates,1,21,27,415
2020-05-10,Yates,0,21,15,430
2020-05-11,Yates,0,21,15,445
2020-05-12,Yates,1,22,23,468
2020-05-13,Yates,0,22,51,519
2020-05-14,Yates,0,22,16,535
2020-05-15,Yates,0,22,15,550
2020-05-16,Yates,1,23,14,564
2020-05-17,Yates,2,25,22,586
2020-05-18,Yates,1,26,25,611
2020-05-19,Yates,8,34,67,678
2020-05-20,Yates,0,34,62,740
2020-05-21,Yates,0,34,107,847
2020-05-22,Yates,3,37,22,869
2020-05-23,Yates,0,37,58,927
2020-05-24,Yates,0,37,28,955
2020-05-25,Yates,0,37,67,1022
2020-05-26,Yates,2,39,28,1050
2020-05-27,Yates,0,39,50,1100
2020-05-28,Yates,0,39,130,1230
2020-05-29,Yates,0,39,31,1261
2020-05-30,Yates,0,39,87,1348
2020-05-31,Yates,0,39,77,1425
2020-06-01,Yates,0,39,48,1473
2020-06-02,Yates,0,39,108,1581
2020-06-03,Yates,0,39,78,1659
2020-06-04,Yates,0,39,113,1772
2020-06-05,Yates,0,39,109,1881
2020-06-06,Yates,0,39,73,1954
2020-06-07,Yates,0,39,110,2064
2020-06-08,Yates,0,39,30,2094
2020-06-09,Yates,0,39,64,2158
2020-06-10,Yates,0,39,99,2257
2020-06-11,Yates,0,39,103,2360
2020-06-12,Yates,0,39,52,2412
2020-06-13,Yates,1,40,64,2476
2020-06-14,Yates,0,40,89,2565
2020-06-15,Yates,0,40,98,2663
2020-06-16,Yates,0,40,58,2721
2020-06-17,Yates,0,40,53,2774
2020-06-18,Yates,0,40,74,2848
2020-06-19,Yates,1,41,49,2897
2020-06-20,Yates,0,41,70,2967
2020-06-21,Yates,1,42,72,3039
2020-06-22,Yates,1,43,43,3082
2020-06-23,Yates,1,44,44,3126
2020-06-24,Yates,0,44,41,3167
2020-06-25,Yates,1,45,61,3228
2020-06-26,Yates,0,45,56,3284
2020-06-27,Yates,0,45,63,3347
2020-06-28,Yates,1,46,133,3480
2020-06-29,Yates,0,46,55,3535
2020-06-30,Yates,0,46,53,3588
2020-07-01,Yates,0,46,28,3616
2020-07-02,Yates,0,46,67,3683
2020-07-03,Yates,2,48,84,3767
2020-07-04,Yates,0,48,45,3812
2020-07-05,Yates,0,48,33,3845
2020-07-06,Yates,0,48,59,3904
2020-07-07,Yates,0,48,73,3977
2020-07-08,Yates,0,48,87,4064
2020-07-09,Yates,0,48,65,4129
2020-07-10,Yates,0,48,59,4188
2020-07-11,Yates,0,48,44,4232
2020-07-12,Yates,0,48,46,4278
2020-07-13,Yates,1,49,54,4332
2020-07-14,Yates,1,50,55,4387
2020-07-15,Yates,0,50,84,4471
2020-07-16,Yates,1,51,89,4560
2020-07-17,Yates,0,51,104,4664
2020-07-18,Yates,0,51,33,4697
2020-07-19,Yates,0,51,46,4743
2020-07-20,Yates,0,51,109,4852
2020-07-21,Yates,0,51,53,4905
2020-07-22,Yates,0,51,115,5020
2020-07-23,Yates,0,51,41,5061
2020-07-24,Yates,0,51,79,5140
2020-07-25,Yates,0,51,120,5260
2020-07-26,Yates,1,52,67,5327
2020-07-27,Yates,0,52,55,5382
2020-07-28,Yates,0,52,47,5429
2020-07-29,Yates,0,52,39,5468
2020-07-30,Yates,1,53,90,5558
2020-07-31,Yates,2,55,58,5616
2020-08-01,Yates,0,55,86,5702
2020-08-02,Yates,0,55,51,5753
2020-08-03,Yates,1,56,65,5818
2020-08-04,Yates,0,56,49,5867
2020-08-05,Yates,0,56,75,5942
2020-08-06,Yates,0,56,50,5992
2020-08-07,Yates,0,56,122,6114
2020-08-08,Yates,1,57,64,6178
2020-08-09,Yates,0,57,37,6215
2020-08-10,Yates,0,57,49,6264
2020-08-11,Yates,0,57,133,6397
2020-08-12,Yates,1,58,94,6491
2020-08-13,Yates,0,58,58,6549
2020-08-14,Yates,1,59,55,6604
2020-08-15,Yates,0,59,82,6686
2020-08-16,Yates,0,59,59,6745
2020-08-17,Yates,0,59,70,6815
2020-08-18,Yates,0,59,51,6866
2020-08-19,Yates,0,59,64,6930
2020-08-20,Yates,0,59,96,7026
2020-08-21,Yates,0,59,61,7087
2020-08-22,Yates,1,60,90,7177
2020-08-23,Yates,0,60,27,7204
2020-08-24,Yates,0,60,35,7239
2020-08-25,Yates,0,60,78,7317
2020-08-26,Yates,0,60,47,7364
2020-08-27,Yates,0,60,94,7458
2020-08-28,Yates,1,61,65,7523
2020-08-29,Yates,0,61,100,7623
2020-08-30,Yates,1,62,80,7703
2020-08-31,Yates,0,62,32,7735
2020-09-01,Yates,0,62,47,7782
2020-09-02,Yates,0,62,69,7851
2020-09-03,Yates,0,62,86,7937
2020-09-04,Yates,0,62,56,7993
2020-09-05,Yates,0,62,87,8080
2020-09-06,Yates,0,62,60,8140
2020-09-07,Yates,0,62,37,8177
2020-09-08,Yates,0,62,34,8211
2020-09-09,Yates,0,62,35,8246
2020-09-10,Yates,0,62,85,8331
2020-09-11,Yates,0,62,97,8428
2020-09-12,Yates,0,62,74,8502
2020-09-13,Yates,0,62,113,8615
2020-09-14,Yates,0,62,40,8655
2020-09-15,Yates,0,62,50,8705
2020-09-16,Yates,0,62,94,8799
2020-09-17,Yates,0,62,91,8890
2020-09-18,Yates,0,62,71,8961
2020-09-19,Yates,0,62,179,9140
2020-09-20,Yates,0,62,71,9211
2020-09-21,Yates,0,62,43,9254
2020-09-22,Yates,0,62,72,9326
2020-09-23,Yates,0,62,63,9389
2020-09-24,Yates,0,62,92,9481
2020-09-25,Yates,0,62,77,9558
2020-09-26,Yates,2,64,124,9682
2020-09-27,Yates,0,64,103,9785
2020-09-28,Yates,0,64,45,9830
2020-09-29,Yates,0,64,63,9893
2020-09-30,Yates,0,64,87,9980
2020-10-01,Yates,1,65,86,10066
2020-10-02,Yates,0,65,101,10167
2020-10-03,Yates,1,66,132,10299
2020-10-04,Yates,0,66,66,10365
2020-10-05,Yates,1,67,78,10443
2020-10-06,Yates,0,67,66,10509
2020-10-07,Yates,0,67,101,10610
2020-10-08,Yates,3,70,112,10722
2020-10-09,Yates,1,71,111,10833
2020-10-10,Yates,0,71,117,10950
2020-10-11,Yates,1,72,93,11043
2020-10-12,Yates,5,77,52,11095
2020-10-13,Yates,0,77,60,11155
2020-10-14,Yates,1,78,107,11262
2020-10-15,Yates,3,81,205,11467
2020-10-16,Yates,3,84,106,11573
2020-10-17,Yates,4,88,111,11684
2020-10-18,Yates,6,94,99,11783
2020-10-19,Yates,4,98,52,11835
2020-10-20,Yates,1,99,133,11968
2020-10-21,Yates,3,102,110,12078
2020-10-22,Yates,5,107,107,12185
2020-10-23,Yates,4,111,119,12304
2020-10-24,Yates,1,112,109,12413
2020-10-25,Yates,3,115,69,12482
2020-10-26,Yates,6,121,109,12591
2020-10-27,Yates,2,123,47,12638
2020-10-28,Yates,3,126,209,12847
2020-10-29,Yates,2,128,133,12980
2020-10-30,Yates,4,132,89,13069
2020-10-31,Yates,2,134,92,13161
2020-11-01,Yates,3,137,124,13285
2020-11-02,Yates,8,145,78,13363
2020-11-03,Yates,2,147,51,13414
2020-11-04,Yates,6,153,99,13513
2020-11-05,Yates,3,156,82,13595
2020-11-06,Yates,5,161,117,13712
2020-11-07,Yates,2,163,145,13857
2020-11-08,Yates,8,171,88,13945
2020-11-09,Yates,5,176,80,14025
2020-11-10,Yates,2,178,51,14076
2020-11-11,Yates,4,182,72,14148
2020-11-12,Yates,8,190,138,14286
2020-11-13,Yates,11,201,101,14387
2020-11-14,Yates,5,206,85,14472
2020-11-15,Yates,3,209,90,14562
2020-11-16,Yates,8,217,149,14711
2020-11-17,Yates,1,218,87,14798
2020-11-18,Yates,2,220,100,14898
2020-11-19,Yates,0,220,89,14987
2020-11-20,Yates,4,224,196,15183
2020-11-21,Yates,4,228,138,15321
2020-11-22,Yates,11,239,293,15614
2020-11-23,Yates,3,242,110,15724
2020-11-24,Yates,0,242,93,15817
2020-11-25,Yates,5,247,96,15913
2020-11-26,Yates,5,252,74,15987
2020-11-27,Yates,1,253,146,16133
2020-11-28,Yates,9,262,158,16291
2020-11-29,Yates,3,265,214,16505
2020-11-30,Yates,4,269,61,16566
2020-12-01,Yates,3,272,68,16634
2020-12-02,Yates,5,277,87,16721
2020-12-03,Yates,11,288,163,16884
2020-12-04,Yates,9,297,166,17050
2020-12-05,Yates,10,307,160,17210
2020-12-06,Yates,6,313,80,17290
2020-12-07,Yates,6,319,153,17443
2020-12-08,Yates,19,338,150,17593
2020-12-09,Yates,7,345,106,17699
2020-12-10,Yates,7,352,145,17844
2020-12-11,Yates,4,356,116,17960
2020-12-12,Yates,6,362,177,18137
2020-12-13,Yates,10,372,231,18368
2020-12-14,Yates,3,375,81,18449
2020-12-15,Yates,3,378,63,18512
2020-12-16,Yates,8,386,104,18616
2020-12-17,Yates,9,395,169,18785
2020-12-18,Yates,3,398,112,18897
2020-12-19,Yates,4,402,197,19094
2020-12-20,Yates,2,404,224,19318
2020-12-21,Yates,6,410,62,19380
2020-12-22,Yates,7,417,50,19430
2020-12-23,Yates,2,419,94,19524
2020-12-24,Yates,12,431,222,19746
2020-12-25,Yates,16,447,146,19892
2020-12-26,Yates,3,450,162,20054
2020-12-27,Yates,12,462,227,20281
2020-12-28,Yates,11,473,80,20361
2020-12-29,Yates,15,488,145,20506
2020-12-30,Yates,13,501,130,20636
2020-12-31,Yates,21,522,151,20787
2021-01-01,Yates,17,539,234,21021
2021-01-02,Yates,18,557,238,21259
2021-01-03,Yates,15,572,175,21434
2021-01-04,Yates,11,583,72,21506
2021-01-05,Yates,25,608,239,21745
2021-01-06,Yates,15,623,154,21899
2021-01-07,Yates,26,649,201,22100
2021-01-08,Yates,24,673,306,22406
2021-01-09,Yates,19,692,254,22660
2021-01-10,Yates,17,709,153,22813
2021-01-11,Yates,13,722,97,22910
2021-01-12,Yates,14,736,137,23047
2021-01-13,Yates,9,745,112,23159
2021-01-14,Yates,13,758,233,23392
2021-01-15,Yates,25,783,288,23680
2021-01-16,Yates,12,795,249,23929
2021-01-17,Yates,18,813,157,24086
2021-01-18,Yates,13,826,71,24157
2021-01-19,Yates,9,835,82,24239
2021-01-20,Yates,10,845,119,24358
2021-01-21,Yates,18,863,220,24578
2021-01-22,Yates,12,875,296,24874
2021-01-23,Yates,10,885,204,25078
2021-01-24,Yates,5,890,176,25254
2021-01-25,Yates,9,899,87,25341
2021-01-26,Yates,11,910,115,25456
2021-01-27,Yates,11,921,154,25610
2021-01-28,Yates,9,930,270,25880
2021-01-29,Yates,6,936,248,26128
2021-01-30,Yates,7,943,188,26316
2021-01-31,Yates,8,951,179,26495
2021-02-01,Yates,3,954,101,26596
2021-02-02,Yates,7,961,76,26672
2021-02-03,Yates,7,968,103,26775
2021-02-04,Yates,11,979,162,26937
2021-02-05,Yates,4,983,254,27191
2021-02-06,Yates,6,989,249,27440
2021-02-07,Yates,2,991,158,27598
2021-02-08,Yates,0,991,61,27659
2021-02-09,Yates,1,992,63,27722
2021-02-10,Yates,2,994,156,27878
2021-02-11,Yates,1,995,215,28093
2021-02-12,Yates,1,996,212,28305
2021-02-13,Yates,2,998,191,28496
2021-02-14,Yates,0,998,171,28667
2021-02-15,Yates,3,1001,40,28707
2021-02-16,Yates,2,1003,112,28819
2021-02-17,Yates,1,1004,162,28981
2021-02-18,Yates,1,1005,169,29150
2021-02-19,Yates,1,1006,153,29303
2021-02-20,Yates,1,1007,221,29524
2021-02-21,Yates,2,1009,91,29615
2021-02-22,Yates,2,1011,79,29694
2021-02-23,Yates,0,1011,176,29870
2021-02-24,Yates,0,1011,125,29995
2021-02-25,Yates,0,1011,232,30227
2021-02-26,Yates,3,1014,136,30363
2021-02-27,Yates,0,1014,196,30559
2021-02-28,Yates,0,1014,157,30716
2021-03-01,Yates,1,1015,90,30806
2021-03-02,Yates,0,1015,106,30912
2021-03-03,Yates,2,1017,161,31073
2021-03-04,Yates,5,1022,268,31341
2021-03-05,Yates,1,1023,197,31538
2021-03-06,Yates,1,1024,183,31721
2021-03-07,Yates,1,1025,61,31782
2021-03-08,Yates,1,1026,32,31814
2021-03-09,Yates,2,1028,199,32013
2021-03-10,Yates,0,1028,173,32186
2021-03-11,Yates,4,1032,245,32431
2021-03-12,Yates,1,1033,132,32563
2021-03-13,Yates,3,1036,197,32760
2021-03-14,Yates,0,1036,46,32806
2021-03-15,Yates,1,1037,102,32908
2021-03-16,Yates,2,1039,72,32980
2021-03-17,Yates,1,1040,279,33259
2021-03-18,Yates,0,1040,300,33559
2021-03-19,Yates,0,1040,130,33689
2021-03-20,Yates,0,1040,236,33925
2021-03-21,Yates,0,1040,80,34005
2021-03-22,Yates,0,1040,126,34131
2021-03-23,Yates,5,1045,147,34278
2021-03-24,Yates,3,1048,191,34469
2021-03-25,Yates,1,1049,300,34769
2021-03-26,Yates,2,1051,178,34947
2021-03-27,Yates,1,1052,232,35179
2021-03-28,Yates,2,1054,68,35247
2021-03-29,Yates,4,1058,53,35300
2021-03-30,Yates,0,1058,185,35485
2021-03-31,Yates,2,1060,229,35714
2021-04-01,Yates,2,1062,259,35973
2021-04-02,Yates,0,1062,186,36159
2021-04-03,Yates,2,1064,165,36324
2021-04-04,Yates,2,1066,75,36399
2021-04-05,Yates,1,1067,271,36670
2021-04-06,Yates,2,1069,129,36799
2021-04-07,Yates,10,1079,233,37032
2021-04-08,Yates,4,1083,296,37328
2021-04-09,Yates,3,1086,310,37638
2021-04-10,Yates,5,1091,246,37884
2021-04-11,Yates,0,1091,102,37986
2021-04-12,Yates,1,1092,46,38032
2021-04-13,Yates,6,1098,165,38197
2021-04-14,Yates,3,1101,210,38407
2021-04-15,Yates,1,1102,218,38625
2021-04-16,Yates,6,1108,214,38839
2021-04-17,Yates,2,1110,228,39067
2021-04-18,Yates,0,1110,186,39253
2021-04-19,Yates,0,1110,99,39352
2021-04-20,Yates,2,1112,146,39498
2021-04-21,Yates,0,1112,193,39691
2021-04-22,Yates,1,1113,276,39967
2021-04-23,Yates,1,1114,191,40158
2021-04-24,Yates,11,1125,220,40378
2021-04-25,Yates,2,1127,116,40494
2021-04-26,Yates,1,1128,194,40688
2021-04-27,Yates,5,1133,105,40793
2021-04-28,Yates,2,1135,179,40972
2021-04-29,Yates,3,1138,280,41252
2021-04-30,Yates,3,1141,276,41528
2021-05-01,Yates,1,1142,162,41690
2021-05-02,Yates,1,1143,138,41828
2021-05-03,Yates,1,1144,73,41901
2021-05-04,Yates,6,1150,150,42051
2021-05-05,Yates,4,1154,207,42258
2021-05-06,Yates,2,1156,243,42501
2021-05-07,Yates,3,1159,351,42852
2021-05-08,Yates,3,1162,156,43008
2021-05-09,Yates,1,1163,204,43212
2021-05-10,Yates,1,1164,87,43299
2021-05-11,Yates,1,1165,99,43398
2021-05-12,Yates,2,1167,171,43569
2021-05-13,Yates,1,1168,230,43799
2021-05-14,Yates,0,1168,137,43936
2021-05-15,Yates,0,1168,158,44094
2021-05-16,Yates,1,1169,100,44194
2021-05-17,Yates,0,1169,24,44218
2021-05-18,Yates,3,1172,138,44356
2021-05-19,Yates,0,1172,109,44465
2021-05-20,Yates,0,1172,178,44643
2021-05-21,Yates,0,1172,148,44791
2021-05-22,Yates,0,1172,122,44913
2021-05-23,Yates,0,1172,124,45037
2021-05-24,Yates,2,1174,22,45059
2021-05-25,Yates,0,1174,63,45122
2021-05-26,Yates,2,1176,94,45216
2021-05-27,Yates,0,1176,153,45369
2021-05-28,Yates,0,1176,112,45481
2021-05-29,Yates,1,1177,118,45599
2021-05-30,Yates,0,1177,120,45719
2021-05-31,Yates,0,1177,18,45737
2021-06-01,Yates,1,1178,36,45773
2021-06-02,Yates,0,1178,62,45835
2021-06-03,Yates,0,1178,166,46001
2021-06-04,Yates,0,1178,141,46142
2021-06-05,Yates,0,1178,59,46201
2021-06-06,Yates,0,1178,82,46283
2021-06-07,Yates,0,1178,22,46305
2021-06-08,Yates,0,1178,38,46343
2021-06-09,Yates,0,1178,118,46461
2021-06-10,Yates,0,1178,105,46566
2021-06-11,Yates,0,1178,121,46687
2021-06-12,Yates,0,1178,52,46739
2021-06-13,Yates,0,1178,62,46801
2021-06-14,Yates,0,1178,95,46896
2021-06-15,Yates,1,1179,235,47131
2021-06-16,Yates,0,1179,124,47255
2021-06-17,Yates,0,1179,90,47345
2021-06-18,Yates,0,1179,181,47526
2021-06-19,Yates,0,1179,52,47578
2021-06-20,Yates,0,1179,33,47611
2021-06-21,Yates,0,1179,22,47633
2021-06-22,Yates,0,1179,39,47672
2021-06-23,Yates,0,1179,134,47806
2021-06-24,Yates,0,1179,91,47897
2021-06-25,Yates,1,1180,63,47960
2021-06-26,Yates,0,1180,43,48003
2021-06-27,Yates,0,1180,31,48034
2021-06-28,Yates,0,1180,22,48056
2021-06-29,Yates,0,1180,32,48088
2021-06-30,Yates,0,1180,46,48134
2021-07-01,Yates,0,1180,33,48167
2021-07-02,Yates,0,1180,62,48229
2021-07-03,Yates,0,1180,38,48267
2021-07-04,Yates,0,1180,19,48286
2021-07-05,Yates,0,1180,20,48306
2021-07-06,Yates,0,1180,12,48318
2021-07-07,Yates,0,1180,39,48357
2021-07-08,Yates,0,1180,40,48397
2021-07-09,Yates,0,1180,30,48427
2021-07-10,Yates,0,1180,35,48462
2021-07-11,Yates,0,1180,28,48490
2021-07-12,Yates,0,1180,12,48502
2021-07-13,Yates,0,1180,27,48529
2021-07-14,Yates,0,1180,33,48562
2021-07-15,Yates,0,1180,21,48583
2021-07-16,Yates,0,1180,30,48613
2021-07-17,Yates,0,1180,32,48645
2021-07-18,Yates,0,1180,11,48656